f;t;r;value
Entero;1;1;413.9999999991785
Medio Pollo;1;1;520.5
Medio Pollo Superior;1;1;586.2336365863728
Medio Pollo Inferior;1;1;666.7741935483817
Cuarto de Pollo Superior;1;1;751.9410504083781
Muslo Entero;1;1;634.3576614004628
Pechuga Completa;1;1;954.4927176858491
Ala Completa;1;1;383.7051686546147
Media Pechuga;1;1;1468.1667347644889
Blanqueta;1;1;0.0
Alón;1;1;0.0
Punta;1;1;0.0
Jamoncito;1;1;814.8602150537635
Medio Muslo;1;1;897.9101475045301
Entero;2;1;420.99999999917736
Medio Pollo;2;1;535.5
Medio Pollo Superior;2;1;912.927653736208
Medio Pollo Inferior;2;1;458.41061313941304
Cuarto de Pollo Superior;2;1;1145.665273798347
Muslo Entero;2;1;632.4704914421535
Pechuga Completa;2;1;1343.5488236748486
Ala Completa;2;1;439.21415854637934
Media Pechuga;2;1;1115.6070846091263
Blanqueta;2;1;0.0
Alón;2;1;0.0
Punta;2;1;0.0
Jamoncito;2;1;839.8602150538065
Medio Muslo;2;1;2032.7614295050903
Entero;3;1;320.8753300270958
Medio Pollo;3;1;535.5000000004222
Medio Pollo Superior;3;1;760.5806451612904
Medio Pollo Inferior;3;1;886.4550236200384
Cuarto de Pollo Superior;3;1;666.0158871368309
Muslo Entero;3;1;1045.6428394125019
Pechuga Completa;3;1;864.8801308682015
Ala Completa;3;1;635.2890596704322
Media Pechuga;3;1;1548.594827242859
Blanqueta;3;1;1.1093426221168508e-12
Alón;3;1;2.636261055264078e-12
Punta;3;1;3.0650739749433186e-12
Jamoncito;3;1;839.8602150537213
Medio Muslo;3;1;1492.651003635542
Entero;4;1;352.86759732369427
Medio Pollo;4;1;414.62354519172163
Medio Pollo Superior;4;1;760.5806451612904
Medio Pollo Inferior;4;1;727.4569438856928
Cuarto de Pollo Superior;4;1;1260.63527171739
Muslo Entero;4;1;922.5396021924347
Pechuga Completa;4;1;1338.8185237329094
Ala Completa;4;1;472.16793093497887
Media Pechuga;4;1;1556.7460155684182
Blanqueta;4;1;1.8429450614010897e-12
Alón;4;1;2.4272140809681146e-12
Punta;4;1;5.667253379123044e-13
Jamoncito;4;1;839.8602150537636
Medio Muslo;4;1;958.7288326297368
Entero;5;1;414.59736581964074
Medio Pollo;5;1;341.50494453633684
Medio Pollo Superior;5;1;760.5806451612904
Medio Pollo Inferior;5;1;690.7741935483817
Cuarto de Pollo Superior;5;1;1078.3876782295408
Muslo Entero;5;1;860.6238024929208
Pechuga Completa;5;1;1205.3327469552455
Ala Completa;5;1;413.87479798257647
Media Pechuga;5;1;1247.207816367665
Blanqueta;5;1;2.3960326242884592e-12
Alón;5;1;3.8551066548043524e-12
Punta;5;1;0.0
Jamoncito;5;1;763.4451158522959
Medio Muslo;5;1;1781.5179533131889
Entero;6;1;341.4048472400344
Medio Pollo;6;1;714.3923624184192
Medio Pollo Superior;6;1;555.28419661997
Medio Pollo Inferior;6;1;657.4089068264458
Cuarto de Pollo Superior;6;1;987.1290322580646
Muslo Entero;6;1;599.9987037718014
Pechuga Completa;6;1;1822.8019443447658
Ala Completa;6;1;523.1100055892006
Media Pechuga;6;1;1792.5546010935461
Blanqueta;6;1;1.4403327399354032e-12
Alón;6;1;3.16779920442595e-12
Punta;6;1;0.0
Jamoncito;6;1;875.9480525685981
Medio Muslo;6;1;1639.734938035115
Entero;7;1;403.2471832826241
Medio Pollo;7;1;470.7517441400905
Medio Pollo Superior;7;1;965.8770937026112
Medio Pollo Inferior;7;1;652.1392466925188
Cuarto de Pollo Superior;7;1;938.0729124173038
Muslo Entero;7;1;595.0344120971324
Pechuga Completa;7;1;961.2970679648794
Ala Completa;7;1;381.47899578666636
Media Pechuga;7;1;1109.7307046548015
Blanqueta;7;1;1.2761188138565358e-12
Alón;7;1;1.7094168542523457e-13
Punta;7;1;0.0
Jamoncito;7;1;580.239829832388
Medio Muslo;7;1;1045.5839578723076
Entero;8;1;445.54113842653527
Medio Pollo;8;1;349.43342611433224
Medio Pollo Superior;8;1;760.5806451612908
Medio Pollo Inferior;8;1;609.3760755262961
Cuarto de Pollo Superior;8;1;792.7450686816907
Muslo Entero;8;1;784.4420978626395
Pechuga Completa;8;1;855.2638144743045
Ala Completa;8;1;751.7184778190788
Media Pechuga;8;1;1102.026608551939
Blanqueta;8;1;1.9370571329730774e-12
Alón;8;1;0.0
Punta;8;1;0.0
Jamoncito;8;1;877.6154756170757
Medio Muslo;8;1;1884.9741516283825
Entero;9;1;309.1128839297015
Medio Pollo;9;1;658.9341061388911
Medio Pollo Superior;9;1;455.73041275683187
Medio Pollo Inferior;9;1;485.308210199055
Cuarto de Pollo Superior;9;1;1145.4693497377875
Muslo Entero;9;1;632.763266628127
Pechuga Completa;9;1;1546.1248865296604
Ala Completa;9;1;594.4031557936868
Media Pechuga;9;1;2197.3855514040742
Blanqueta;9;1;2.534074422272306e-12
Alón;9;1;0.0
Punta;9;1;0.0
Jamoncito;9;1;675.1644901600845
Medio Muslo;9;1;1594.1053278115535
Entero;10;1;540.4084014035467
Medio Pollo;10;1;721.0147240909532
Medio Pollo Superior;10;1;966.6249700387382
Medio Pollo Inferior;10;1;533.6589111068506
Cuarto de Pollo Superior;10;1;583.0194957634297
Muslo Entero;10;1;712.2792135872066
Pechuga Completa;10;1;1245.6842276269488
Ala Completa;10;1;420.05523313109745
Media Pechuga;10;1;1565.058468735579
Blanqueta;10;1;0.0
Alón;10;1;0.0
Punta;10;1;0.0
Jamoncito;10;1;686.7306685811917
Medio Muslo;10;1;1335.3457480047641
Entero;11;1;486.6798611281754
Medio Pollo;11;1;613.345147370382
Medio Pollo Superior;11;1;687.518315513809
Medio Pollo Inferior;11;1;452.0675496742027
Cuarto de Pollo Superior;11;1;746.3008624882672
Muslo Entero;11;1;840.1819993990013
Pechuga Completa;11;1;939.872736794372
Ala Completa;11;1;559.7709152781835
Media Pechuga;11;1;1183.5006548085018
Blanqueta;11;1;0.0
Alón;11;1;0.0
Punta;11;1;0.0
Jamoncito;11;1;643.0390930593592
Medio Muslo;11;1;1278.1929470698701
Entero;12;1;282.95450043307915
Medio Pollo;12;1;378.4175234634674
Medio Pollo Superior;12;1;602.1767996041824
Medio Pollo Inferior;12;1;842.2783864351893
Cuarto de Pollo Superior;12;1;1326.5699803054642
Muslo Entero;12;1;573.0914360663545
Pechuga Completa;12;1;1534.3225490191803
Ala Completa;12;1;472.6340879856023
Media Pechuga;12;1;1321.5397958197502
Blanqueta;12;1;0.0
Alón;12;1;0.0
Punta;12;1;0.0
Jamoncito;12;1;875.7287754874772
Medio Muslo;12;1;938.8030841713011
Entero;13;1;290.56693088437726
Medio Pollo;13;1;582.8259279398281
Medio Pollo Superior;13;1;479.32510893413604
Medio Pollo Inferior;13;1;523.1607610513721
Cuarto de Pollo Superior;13;1;790.2024221344445
Muslo Entero;13;1;816.5387937946238
Pechuga Completa;13;1;1784.4563429843067
Ala Completa;13;1;371.21589463386914
Media Pechuga;13;1;2209.368330211676
Blanqueta;13;1;0.0
Alón;13;1;0.0
Punta;13;1;0.0
Jamoncito;13;1;934.8795722041577
Medio Muslo;13;1;1979.2078964734906
Entero;14;1;474.5044528162298
Medio Pollo;14;1;334.8234044613342
Medio Pollo Superior;14;1;997.1280989959672
Medio Pollo Inferior;14;1;420.4093967381186
Cuarto de Pollo Superior;14;1;1020.9860794419257
Muslo Entero;14;1;628.9780644408053
Pechuga Completa;14;1;1067.1400221719607
Ala Completa;14;1;456.3332531449907
Media Pechuga;14;1;1662.715081391932
Blanqueta;14;1;0.0
Alón;14;1;0.0
Punta;14;1;0.0
Jamoncito;14;1;855.9067190631084
Medio Muslo;14;1;1456.4296957026738
Entero;15;1;326.06935323980923
Medio Pollo;15;1;368.73962353399014
Medio Pollo Superior;15;1;750.9939562131294
Medio Pollo Inferior;15;1;666.4020835804193
Cuarto de Pollo Superior;15;1;1011.9114440577524
Muslo Entero;15;1;834.9267346170062
Pechuga Completa;15;1;1316.989185844425
Ala Completa;15;1;737.814774560093
Media Pechuga;15;1;1326.9696126602619
Blanqueta;15;1;0.0
Alón;15;1;0.0
Punta;15;1;0.0
Jamoncito;15;1;861.6794560507282
Medio Muslo;15;1;903.0055573301287
Entero;16;1;256.16113153880895
Medio Pollo;16;1;480.267022430543
Medio Pollo Superior;16;1;614.3709799311086
Medio Pollo Inferior;16;1;598.294959439495
Cuarto de Pollo Superior;16;1;927.0549155945403
Muslo Entero;16;1;947.0173523851206
Pechuga Completa;16;1;1652.4276586218134
Ala Completa;16;1;551.2567804534788
Media Pechuga;16;1;2249.9539590567915
Blanqueta;16;1;0.0
Alón;16;1;0.0
Punta;16;1;0.0
Jamoncito;16;1;1004.2150695674258
Medio Muslo;16;1;1577.2760614676347
Entero;17;1;297.7336899496827
Medio Pollo;17;1;694.2950484125101
Medio Pollo Superior;17;1;609.9900673920692
Medio Pollo Inferior;17;1;637.3512649776218
Cuarto de Pollo Superior;17;1;1221.0433022936224
Muslo Entero;17;1;574.0444113198267
Pechuga Completa;17;1;1355.768410516947
Ala Completa;17;1;538.1538231090893
Media Pechuga;17;1;2029.9134656034562
Blanqueta;17;1;0.0
Alón;17;1;0.0
Punta;17;1;0.0
Jamoncito;17;1;1131.0485949157007
Medio Muslo;17;1;958.4689529071853
Entero;18;1;359.058567169345
Medio Pollo;18;1;313.15477137287314
Medio Pollo Superior;18;1;927.4989853334131
Medio Pollo Inferior;18;1;601.8936374052106
Cuarto de Pollo Superior;18;1;1174.2292071452773
Muslo Entero;18;1;771.829427034239
Pechuga Completa;18;1;1397.0932134173536
Ala Completa;18;1;396.1215399427123
Media Pechuga;18;1;1158.8707380287851
Blanqueta;18;1;0.0
Alón;18;1;0.0
Punta;18;1;0.0
Jamoncito;18;1;976.1082506300202
Medio Muslo;18;1;1798.3783713157493
Entero;19;1;276.3650126583114
Medio Pollo;19;1;475.7605102107272
Medio Pollo Superior;19;1;591.5832825586676
Medio Pollo Inferior;19;1;572.9302667588263
Cuarto de Pollo Superior;19;1;607.014649443839
Muslo Entero;19;1;810.8979773078877
Pechuga Completa;19;1;1464.808621652044
Ala Completa;19;1;686.5512618862308
Media Pechuga;19;1;1614.2206426947962
Blanqueta;19;1;0.0
Alón;19;1;0.0
Punta;19;1;0.0
Jamoncito;19;1;856.1540622168359
Medio Muslo;19;1;1252.8059627308262
Entero;20;1;255.8875188200398
Medio Pollo;20;1;351.8741802134436
Medio Pollo Superior;20;1;583.0160415094899
Medio Pollo Inferior;20;1;863.4278904330763
Cuarto de Pollo Superior;20;1;961.4388087535375
Muslo Entero;20;1;549.3441196127557
Pechuga Completa;20;1;1579.068453330867
Ala Completa;20;1;643.0835074949092
Media Pechuga;20;1;1482.0856716069304
Blanqueta;20;1;0.0
Alón;20;1;0.0
Punta;20;1;0.0
Jamoncito;20;1;756.2760781665538
Medio Muslo;20;1;1994.0914749952917
Entero;21;1;540.339461560266
Medio Pollo;21;1;429.80192593253196
Medio Pollo Superior;21;1;619.4095395968374
Medio Pollo Inferior;21;1;686.0201459479189
Cuarto de Pollo Superior;21;1;581.9288830567743
Muslo Entero;21;1;530.7657736854992
Pechuga Completa;21;1;1261.159683222762
Ala Completa;21;1;613.8840532610271
Media Pechuga;21;1;2048.7470942282594
Blanqueta;21;1;0.0
Alón;21;1;0.0
Punta;21;1;0.0
Jamoncito;21;1;676.1581519649161
Medio Muslo;21;1;1688.3656968481562
Entero;22;1;300.1686673524158
Medio Pollo;22;1;657.8604196767174
Medio Pollo Superior;22;1;884.1205000367742
Medio Pollo Inferior;22;1;594.4381029714809
Cuarto de Pollo Superior;22;1;1083.6153772824969
Muslo Entero;22;1;874.121876179732
Pechuga Completa;22;1;1648.7670986855048
Ala Completa;22;1;744.5694105128819
Media Pechuga;22;1;1528.8107438928382
Blanqueta;22;1;-9.094947017729281e-13
Alón;22;1;-4.464792172339828e-13
Punta;22;1;-1.322901384396987e-13
Jamoncito;22;1;917.4803071370352
Medio Muslo;22;1;930.9126975116873
Entero;23;1;388.0502281739733
Medio Pollo;23;1;560.6796423534425
Medio Pollo Superior;23;1;934.9875046798228
Medio Pollo Inferior;23;1;920.2632280787388
Cuarto de Pollo Superior;23;1;1017.9048052426954
Muslo Entero;23;1;1100.1655284404712
Pechuga Completa;23;1;1245.6719395875534
Ala Completa;23;1;454.30805492850294
Media Pechuga;23;1;1116.231494260366
Blanqueta;23;1;0.0
Alón;23;1;0.0
Punta;23;1;0.0
Jamoncito;23;1;912.8854006415461
Medio Muslo;23;1;1728.1454698009654
Entero;24;1;348.87134800227426
Medio Pollo;24;1;587.6130068945084
Medio Pollo Superior;24;1;672.4610439849699
Medio Pollo Inferior;24;1;757.396782608717
Cuarto de Pollo Superior;24;1;1108.7828654779773
Muslo Entero;24;1;564.3895388256093
Pechuga Completa;24;1;1492.3739291411287
Ala Completa;24;1;869.2608873651503
Media Pechuga;24;1;1522.505957530191
Blanqueta;24;1;0.0
Alón;24;1;0.0
Punta;24;1;0.0
Jamoncito;24;1;1146.5624945693542
Medio Muslo;24;1;1734.2887204897565
Entero;25;1;648.9532395771168
Medio Pollo;25;1;577.1922440501245
Medio Pollo Superior;25;1;960.9731793644117
Medio Pollo Inferior;25;1;535.6808127399371
Cuarto de Pollo Superior;25;1;825.9716689255727
Muslo Entero;25;1;654.022110249974
Pechuga Completa;25;1;901.515032138188
Ala Completa;25;1;564.2416946708255
Media Pechuga;25;1;1569.7859646227248
Blanqueta;25;1;0.0
Alón;25;1;0.0
Punta;25;1;0.0
Jamoncito;25;1;788.8731057063858
Medio Muslo;25;1;1019.9323094089369
Entero;26;1;358.87467186293276
Medio Pollo;26;1;663.1947490553671
Medio Pollo Superior;26;1;577.300512906481
Medio Pollo Inferior;26;1;1001.3337833914891
Cuarto de Pollo Superior;26;1;1095.0438656779445
Muslo Entero;26;1;1063.6988573354809
Pechuga Completa;26;1;1475.5034121995716
Ala Completa;26;1;444.3174614657586
Media Pechuga;26;1;2240.0626042308254
Blanqueta;26;1;0.0
Alón;26;1;0.0
Punta;26;1;0.0
Jamoncito;26;1;912.8623078075339
Medio Muslo;26;1;1041.0710220094954
Entero;27;1;630.1818484933916
Medio Pollo;27;1;477.5681704699324
Medio Pollo Superior;27;1;775.0279760940414
Medio Pollo Inferior;27;1;463.06971177525406
Cuarto de Pollo Superior;27;1;953.4793868813307
Muslo Entero;27;1;916.4621323147155
Pechuga Completa;27;1;1046.8088754870128
Ala Completa;27;1;737.4714117485703
Media Pechuga;27;1;1202.9668319357538
Blanqueta;27;1;0.0
Alón;27;1;0.0
Punta;27;1;0.0
Jamoncito;27;1;695.6978529314035
Medio Muslo;27;1;1276.0178694807
Entero;28;1;392.90853910475374
Medio Pollo;28;1;551.4292562469783
Medio Pollo Superior;28;1;951.5416415100516
Medio Pollo Inferior;28;1;983.8055884206943
Cuarto de Pollo Superior;28;1;960.4440245620676
Muslo Entero;28;1;1102.909173758325
Pechuga Completa;28;1;1153.8205430630169
Ala Completa;28;1;663.5588458571553
Media Pechuga;28;1;2014.5032197849252
Blanqueta;28;1;0.0
Alón;28;1;0.0
Punta;28;1;0.0
Jamoncito;28;1;556.131494905235
Medio Muslo;28;1;1959.0458667997011
Entero;29;1;618.6154143117498
Medio Pollo;29;1;828.0852072201078
Medio Pollo Superior;29;1;789.2236821269155
Medio Pollo Inferior;29;1;743.9273191188832
Cuarto de Pollo Superior;29;1;687.2900005233363
Muslo Entero;29;1;1300.8719184977163
Pechuga Completa;29;1;1169.419499738796
Ala Completa;29;1;768.645570331395
Media Pechuga;29;1;1305.742654350353
Blanqueta;29;1;0.0
Alón;29;1;0.0
Punta;29;1;0.0
Jamoncito;29;1;1053.9391986715204
Medio Muslo;29;1;1044.8187774061282
Entero;30;1;615.8737078588317
Medio Pollo;30;1;380.7977418210497
Medio Pollo Superior;30;1;1118.6639237133802
Medio Pollo Inferior;30;1;816.0537522956779
Cuarto de Pollo Superior;30;1;1362.2962621241695
Muslo Entero;30;1;804.3104670055003
Pechuga Completa;30;1;879.5171114971015
Ala Completa;30;1;827.9736559510602
Media Pechuga;30;1;2104.3124125591034
Blanqueta;30;1;0.0
Alón;30;1;0.0
Punta;30;1;0.0
Jamoncito;30;1;694.7938057847085
Medio Muslo;30;1;1166.5043914376117
Entero;31;1;453.7600571899351
Medio Pollo;31;1;634.3382517212939
Medio Pollo Superior;31;1;710.2689610757468
Medio Pollo Inferior;31;1;949.0967741935484
Cuarto de Pollo Superior;31;1;1080.2645170905953
Muslo Entero;31;1;1231.5365070004264
Pechuga Completa;31;1;1718.3455312780018
Ala Completa;31;1;859.3704131148816
Media Pechuga;31;1;2375.9304078525834
Blanqueta;31;1;0.0
Alón;31;1;0.0
Punta;31;1;0.0
Jamoncito;31;1;522.0193018450707
Medio Muslo;31;1;1337.5522431596598
Entero;32;1;483.27951856644
Medio Pollo;32;1;510.54975431817934
Medio Pollo Superior;32;1;1012.5978864627283
Medio Pollo Inferior;32;1;458.5066095568633
Cuarto de Pollo Superior;32;1;1047.5558857639526
Muslo Entero;32;1;641.77108648947
Pechuga Completa;32;1;1509.5599142309786
Ala Completa;32;1;527.788610060894
Media Pechuga;32;1;1501.186801808692
Blanqueta;32;1;0.0
Alón;32;1;0.0
Punta;32;1;0.0
Jamoncito;32;1;754.3079125803863
Medio Muslo;32;1;927.3301728357973
Entero;33;1;361.48025219733324
Medio Pollo;33;1;480.18106648512
Medio Pollo Superior;33;1;507.60155623593903
Medio Pollo Inferior;33;1;601.323934169534
Cuarto de Pollo Superior;33;1;861.7807276125337
Muslo Entero;33;1;732.8326928441102
Pechuga Completa;33;1;1216.642934937635
Ala Completa;33;1;728.236635385416
Media Pechuga;33;1;1180.7828860041984
Blanqueta;33;1;0.0
Alón;33;1;0.0
Punta;33;1;0.0
Jamoncito;33;1;1017.6785436059301
Medio Muslo;33;1;1533.7629229695049
Entero;34;1;624.2743245522398
Medio Pollo;34;1;713.6913679847809
Medio Pollo Superior;34;1;634.1608306351471
Medio Pollo Inferior;34;1;495.40490691509814
Cuarto de Pollo Superior;34;1;1396.7406030830753
Muslo Entero;34;1;692.0163017301412
Pechuga Completa;34;1;1612.7213999261942
Ala Completa;34;1;907.5357714121799
Media Pechuga;34;1;1922.5962723602922
Blanqueta;34;1;0.0
Alón;34;1;0.0
Punta;34;1;0.0
Jamoncito;34;1;1056.2151782282374
Medio Muslo;34;1;1862.5260285512556
Entero;35;1;325.1149067441419
Medio Pollo;35;1;559.9007087705946
Medio Pollo Superior;35;1;794.1291099949989
Medio Pollo Inferior;35;1;705.7242539387306
Cuarto de Pollo Superior;35;1;1272.8716806855919
Muslo Entero;35;1;738.8506008922361
Pechuga Completa;35;1;1919.278228896652
Ala Completa;35;1;668.9798934693183
Media Pechuga;35;1;1218.1815356317004
Blanqueta;35;1;0.0
Alón;35;1;0.0
Punta;35;1;0.0
Jamoncito;35;1;769.4718481109113
Medio Muslo;35;1;1867.552504043842
Entero;36;1;479.2338994746314
Medio Pollo;36;1;747.6570422438181
Medio Pollo Superior;36;1;932.1866797693293
Medio Pollo Inferior;36;1;469.18404787806105
Cuarto de Pollo Superior;36;1;1170.6161090426465
Muslo Entero;36;1;632.7515569169525
Pechuga Completa;36;1;1725.3367996650863
Ala Completa;36;1;667.3320384067196
Media Pechuga;36;1;2218.084616220594
Blanqueta;36;1;0.0
Alón;36;1;0.0
Punta;36;1;0.0
Jamoncito;36;1;974.3273772565584
Medio Muslo;36;1;1750.7418178229377
Entero;37;1;377.12835502208
Medio Pollo;37;1;556.0856571511312
Medio Pollo Superior;37;1;1069.4923235473857
Medio Pollo Inferior;37;1;446.4430990782026
Cuarto de Pollo Superior;37;1;977.9860104444737
Muslo Entero;37;1;1194.7829174243523
Pechuga Completa;37;1;1284.5796247483718
Ala Completa;37;1;508.9923198901137
Media Pechuga;37;1;1814.5609653335948
Blanqueta;37;1;0.0
Alón;37;1;0.0
Punta;37;1;0.0
Jamoncito;37;1;1141.2959041408913
Medio Muslo;37;1;1155.6755015062906
Entero;38;1;465.1253525445714
Medio Pollo;38;1;825.9057645760632
Medio Pollo Superior;38;1;589.9026647784456
Medio Pollo Inferior;38;1;946.2000409338257
Cuarto de Pollo Superior;38;1;1331.3043121361716
Muslo Entero;38;1;744.9722904566954
Pechuga Completa;38;1;1883.4827695218962
Ala Completa;38;1;730.7841818759463
Media Pechuga;38;1;1857.979579868119
Blanqueta;38;1;0.0
Alón;38;1;0.0
Punta;38;1;0.0
Jamoncito;38;1;611.4315692315689
Medio Muslo;38;1;1324.5770290474638
Entero;39;1;306.0363669479856
Medio Pollo;39;1;409.8043004368663
Medio Pollo Superior;39;1;1137.5924469947668
Medio Pollo Inferior;39;1;726.4050082629461
Cuarto de Pollo Superior;39;1;875.9354838709678
Muslo Entero;39;1;712.5003890593355
Pechuga Completa;39;1;1515.7821462643512
Ala Completa;39;1;909.9297210214983
Media Pechuga;39;1;1054.1532540008632
Blanqueta;39;1;0.0
Alón;39;1;0.0
Punta;39;1;0.0
Jamoncito;39;1;838.149948613529
Medio Muslo;39;1;1879.5272633225084
Entero;40;1;639.2245268950122
Medio Pollo;40;1;592.8867641369287
Medio Pollo Superior;40;1;702.9520871805634
Medio Pollo Inferior;40;1;602.2240496699238
Cuarto de Pollo Superior;40;1;1028.2597721329723
Muslo Entero;40;1;975.0880848028219
Pechuga Completa;40;1;1432.951097740023
Ala Completa;40;1;772.4137057745002
Media Pechuga;40;1;2386.9006579971683
Blanqueta;40;1;0.0
Alón;40;1;0.0
Punta;40;1;0.0
Jamoncito;40;1;813.5351042565482
Medio Muslo;40;1;1299.1234768323432
Entero;41;1;568.8580639165604
Medio Pollo;41;1;571.3485333169464
Medio Pollo Superior;41;1;1009.5114036839561
Medio Pollo Inferior;41;1;818.38994550569
Cuarto de Pollo Superior;41;1;639.241990344843
Muslo Entero;41;1;737.9338475325624
Pechuga Completa;41;1;1526.7187434507316
Ala Completa;41;1;447.22809045679884
Media Pechuga;41;1;2270.17816664501
Blanqueta;41;1;0.0
Alón;41;1;0.0
Punta;41;1;0.0
Jamoncito;41;1;732.0942155179199
Medio Muslo;41;1;928.3576298358901
Entero;42;1;517.746558047828
Medio Pollo;42;1;618.918999618519
Medio Pollo Superior;42;1;821.0988171683853
Medio Pollo Inferior;42;1;891.9651357811985
Cuarto de Pollo Superior;42;1;862.9698468370163
Muslo Entero;42;1;796.9911039638041
Pechuga Completa;42;1;1201.0025319418473
Ala Completa;42;1;929.0237516379821
Media Pechuga;42;1;1948.7829725091583
Blanqueta;42;1;-3.897834436169693e-12
Alón;42;1;-1.9134823595742127e-12
Punta;42;1;-5.669577361701373e-13
Jamoncito;42;1;1080.4341427663371
Medio Muslo;42;1;1673.177835700728
Entero;43;1;518.1712813917345
Medio Pollo;43;1;427.643701128262
Medio Pollo Superior;43;1;713.9118479467968
Medio Pollo Inferior;43;1;970.9430907448905
Cuarto de Pollo Superior;43;1;629.2568775497593
Muslo Entero;43;1;918.8161743686364
Pechuga Completa;43;1;1421.08911450464
Ala Completa;43;1;677.3130692907533
Media Pechuga;43;1;1204.0730388956954
Blanqueta;43;1;0.0
Alón;43;1;0.0
Punta;43;1;0.0
Jamoncito;43;1;1019.7908486797596
Medio Muslo;43;1;1453.1223655822962
Entero;44;1;430.23554301250823
Medio Pollo;44;1;487.8589535795919
Medio Pollo Superior;44;1;472.2194587530113
Medio Pollo Inferior;44;1;473.9776297625569
Cuarto de Pollo Superior;44;1;1076.9143725481679
Muslo Entero;44;1;668.8271826909173
Pechuga Completa;44;1;1233.469842728174
Ala Completa;44;1;574.9847039074436
Media Pechuga;44;1;2038.206188496575
Blanqueta;44;1;0.0
Alón;44;1;0.0
Punta;44;1;0.0
Jamoncito;44;1;616.7063423254626
Medio Muslo;44;1;1691.9036280282146
Entero;45;1;542.1550902900289
Medio Pollo;45;1;757.6579962554694
Medio Pollo Superior;45;1;717.0674191691392
Medio Pollo Inferior;45;1;837.4419380684074
Cuarto de Pollo Superior;45;1;772.3465281541119
Muslo Entero;45;1;769.0371941405186
Pechuga Completa;45;1;1830.7411114168453
Ala Completa;45;1;612.6932476963981
Media Pechuga;45;1;1923.3225713321406
Blanqueta;45;1;0.0
Alón;45;1;0.0
Punta;45;1;0.0
Jamoncito;45;1;848.4461848953111
Medio Muslo;45;1;1831.9053895637912
Entero;46;1;543.0065253571524
Medio Pollo;46;1;391.08671370292507
Medio Pollo Superior;46;1;1054.6561838258224
Medio Pollo Inferior;46;1;916.3669434936544
Cuarto de Pollo Superior;46;1;993.0690091371313
Muslo Entero;46;1;883.9608549522147
Pechuga Completa;46;1;1170.4199735233449
Ala Completa;46;1;611.8248946695634
Media Pechuga;46;1;2283.1888742301326
Blanqueta;46;1;0.0
Alón;46;1;0.0
Punta;46;1;0.0
Jamoncito;46;1;1138.5296294849834
Medio Muslo;46;1;1747.5600624293493
Entero;47;1;504.37040728351326
Medio Pollo;47;1;774.9058664277575
Medio Pollo Superior;47;1;673.1566732597589
Medio Pollo Inferior;47;1;908.6187389510437
Cuarto de Pollo Superior;47;1;829.8541403440393
Muslo Entero;47;1;779.9967045232659
Pechuga Completa;47;1;1413.774193548387
Ala Completa;47;1;683.822232500673
Media Pechuga;47;1;1086.3465297675132
Blanqueta;47;1;0.0
Alón;47;1;0.0
Punta;47;1;0.0
Jamoncito;47;1;717.8779581888732
Medio Muslo;47;1;1846.2247968771019
Entero;48;1;292.9260781622683
Medio Pollo;48;1;674.25742941609
Medio Pollo Superior;48;1;601.3135191791486
Medio Pollo Inferior;48;1;501.03136428435613
Cuarto de Pollo Superior;48;1;901.9577518848457
Muslo Entero;48;1;1118.3468873608122
Pechuga Completa;48;1;1384.266417017459
Ala Completa;48;1;564.6918831978817
Media Pechuga;48;1;1839.7204274880628
Blanqueta;48;1;0.0
Alón;48;1;0.0
Punta;48;1;0.0
Jamoncito;48;1;810.5295496013082
Medio Muslo;48;1;1770.711075401474
Entero;49;1;472.0
Medio Pollo;49;1;681.9777074663962
Medio Pollo Superior;49;1;826.7887422447345
Medio Pollo Inferior;49;1;1038.2944070653957
Cuarto de Pollo Superior;49;1;803.3695991700287
Muslo Entero;49;1;701.1055278837375
Pechuga Completa;49;1;1087.1871360414584
Ala Completa;49;1;620.8709677419355
Media Pechuga;49;1;1574.36593769344
Blanqueta;49;1;0.0
Alón;49;1;0.0
Punta;49;1;0.0
Jamoncito;49;1;536.4112627198593
Medio Muslo;49;1;1265.103678182021
Entero;50;1;336.99868340468146
Medio Pollo;50;1;539.6905179322315
Medio Pollo Superior;50;1;702.7592115122455
Medio Pollo Inferior;50;1;901.2780543631092
Cuarto de Pollo Superior;50;1;1086.7421652954986
Muslo Entero;50;1;737.9045695197785
Pechuga Completa;50;1;1585.742623145204
Ala Completa;50;1;391.88932844792487
Media Pechuga;50;1;2041.8270627021234
Blanqueta;50;1;0.0
Alón;50;1;0.0
Punta;50;1;0.0
Jamoncito;50;1;988.1163192591553
Medio Muslo;50;1;1983.169685285957
Entero;51;1;330.16321760776793
Medio Pollo;51;1;755.1568768436598
Medio Pollo Superior;51;1;850.2805560084915
Medio Pollo Inferior;51;1;485.2768015765131
Cuarto de Pollo Superior;51;1;597.4452967280514
Muslo Entero;51;1;744.8756050146293
Pechuga Completa;51;1;1762.8049032658666
Ala Completa;51;1;490.4697561719292
Media Pechuga;51;1;1214.032544611383
Blanqueta;51;1;0.0
Alón;51;1;0.0
Punta;51;1;0.0
Jamoncito;51;1;765.4181126090103
Medio Muslo;51;1;1979.2305405025509
Entero;52;1;281.40525771132997
Medio Pollo;52;1;368.11565072930705
Medio Pollo Superior;52;1;825.6519411524256
Medio Pollo Inferior;52;1;635.1864987710843
Cuarto de Pollo Superior;52;1;930.567288036313
Muslo Entero;52;1;1199.1029307223528
Pechuga Completa;52;1;1179.697541536632
Ala Completa;52;1;660.6251570439321
Media Pechuga;52;1;1240.443399097222
Blanqueta;52;1;0.0
Alón;52;1;0.0
Punta;52;1;0.0
Jamoncito;52;1;946.0353304377807
Medio Muslo;52;1;2022.2059798133757
Entero;53;1;593.7490475756986
Medio Pollo;53;1;586.0
Medio Pollo Superior;53;1;980.9144459221089
Medio Pollo Inferior;53;1;863.3618883256898
Cuarto de Pollo Superior;53;1;908.3701386779934
Muslo Entero;53;1;1300.4423388977766
Pechuga Completa;53;1;1375.7424902757257
Ala Completa;53;1;795.8616882821392
Media Pechuga;53;1;1206.0809670955725
Blanqueta;53;1;0.0
Alón;53;1;0.0
Punta;53;1;0.0
Jamoncito;53;1;1112.220988129188
Medio Muslo;53;1;1557.5149120783667
Entero;54;1;360.4781477399745
Medio Pollo;54;1;586.0
Medio Pollo Superior;54;1;749.9149713322071
Medio Pollo Inferior;54;1;914.6469505538937
Cuarto de Pollo Superior;54;1;715.380239938928
Muslo Entero;54;1;1026.5912007345416
Pechuga Completa;54;1;908.4915878898433
Ala Completa;54;1;600.7413747472272
Media Pechuga;54;1;2022.6614536749967
Blanqueta;54;1;0.0
Alón;54;1;0.0
Punta;54;1;0.0
Jamoncito;54;1;596.841943533227
Medio Muslo;54;1;1838.1305861899907
Entero;55;1;325.4468192090378
Medio Pollo;55;1;421.14267689448866
Medio Pollo Superior;55;1;1027.235997436046
Medio Pollo Inferior;55;1;636.3207913815902
Cuarto de Pollo Superior;55;1;965.8987179910141
Muslo Entero;55;1;936.2385630423634
Pechuga Completa;55;1;1879.611915539743
Ala Completa;55;1;828.5540248622876
Media Pechuga;55;1;1096.3203830794503
Blanqueta;55;1;0.0
Alón;55;1;0.0
Punta;55;1;0.0
Jamoncito;55;1;1005.0644022808727
Medio Muslo;55;1;1984.8569475433512
Entero;56;1;416.1012708603263
Medio Pollo;56;1;531.0010018027418
Medio Pollo Superior;56;1;784.3870967741937
Medio Pollo Inferior;56;1;814.0647233053047
Cuarto de Pollo Superior;56;1;797.3004270318246
Muslo Entero;56;1;729.5106949385691
Pechuga Completa;56;1;1794.7696937918085
Ala Completa;56;1;621.1167349606885
Media Pechuga;56;1;2290.081111785197
Blanqueta;56;1;-1.6370904631912708e-11
Alón;56;1;-8.036625910211694e-12
Punta;56;1;-2.3812224919145757e-12
Jamoncito;56;1;640.2447621029272
Medio Muslo;56;1;665.0785363276163
Entero;57;1;370.584289073368
Medio Pollo;57;1;358.4477723408751
Medio Pollo Superior;57;1;783.8072093794698
Medio Pollo Inferior;57;1;841.6140664959709
Cuarto de Pollo Superior;57;1;1019.410847002841
Muslo Entero;57;1;608.6750630476693
Pechuga Completa;57;1;1043.0926171342712
Ala Completa;57;1;381.2551259353856
Media Pechuga;57;1;1693.3512931927846
Blanqueta;57;1;0.0
Alón;57;1;0.0
Punta;57;1;0.0
Jamoncito;57;1;960.7985567126916
Medio Muslo;57;1;1400.774193548387
Entero;58;1;459.7666981739035
Medio Pollo;58;1;537.5658870418945
Medio Pollo Superior;58;1;601.5557710534139
Medio Pollo Inferior;58;1;670.7728231019504
Cuarto de Pollo Superior;58;1;678.5292043632799
Muslo Entero;58;1;1185.665837029419
Pechuga Completa;58;1;1706.2094315991976
Ala Completa;58;1;525.8123951352673
Media Pechuga;58;1;1799.3516313664454
Blanqueta;58;1;0.0
Alón;58;1;0.0
Punta;58;1;0.0
Jamoncito;58;1;900.6554841493407
Medio Muslo;58;1;1598.074330349711
Entero;59;1;373.2229957982979
Medio Pollo;59;1;636.7040530688946
Medio Pollo Superior;59;1;779.4750669569721
Medio Pollo Inferior;59;1;675.4417233755222
Cuarto de Pollo Superior;59;1;717.450631635681
Muslo Entero;59;1;896.8716587840441
Pechuga Completa;59;1;1166.4528407465625
Ala Completa;59;1;628.7630436061498
Media Pechuga;59;1;2020.6485032554049
Blanqueta;59;1;0.0
Alón;59;1;0.0
Punta;59;1;0.0
Jamoncito;59;1;811.2179621706039
Medio Muslo;59;1;1402.936422338461
Entero;60;1;636.9698196376198
Medio Pollo;60;1;672.1949065044873
Medio Pollo Superior;60;1;712.1482112833423
Medio Pollo Inferior;60;1;828.3816150472633
Cuarto de Pollo Superior;60;1;1097.2273379331014
Muslo Entero;60;1;792.4469048497871
Pechuga Completa;60;1;1357.3287044435172
Ala Completa;60;1;439.91615950042194
Media Pechuga;60;1;1918.4736917140601
Blanqueta;60;1;0.0
Alón;60;1;0.0
Punta;60;1;0.0
Jamoncito;60;1;798.1612903225807
Medio Muslo;60;1;1245.4197385395407
Entero;61;1;495.2195765377126
Medio Pollo;61;1;708.9592567895093
Medio Pollo Superior;61;1;771.9558221007937
Medio Pollo Inferior;61;1;928.4804460067769
Cuarto de Pollo Superior;61;1;859.5634173638701
Muslo Entero;61;1;624.5237627581076
Pechuga Completa;61;1;1502.8834215675138
Ala Completa;61;1;650.0389393274711
Media Pechuga;61;1;1567.681803654378
Blanqueta;61;1;0.0
Alón;61;1;0.0
Punta;61;1;0.0
Jamoncito;61;1;777.5376344086021
Medio Muslo;61;1;1537.0426270518567
Entero;62;1;431.92870800185744
Medio Pollo;62;1;403.9958926512174
Medio Pollo Superior;62;1;553.4001204529623
Medio Pollo Inferior;62;1;883.5026671833408
Cuarto de Pollo Superior;62;1;924.8295348790522
Muslo Entero;62;1;907.2786275735516
Pechuga Completa;62;1;925.8487725127546
Ala Completa;62;1;591.9619138218645
Media Pechuga;62;1;1216.476781116795
Blanqueta;62;1;0.0
Alón;62;1;0.0
Punta;62;1;0.0
Jamoncito;62;1;569.0172512216745
Medio Muslo;62;1;1462.6021505376343
Entero;63;1;412.411330837982
Medio Pollo;63;1;724.7088985490443
Medio Pollo Superior;63;1;654.3085614279596
Medio Pollo Inferior;63;1;562.4516129032259
Cuarto de Pollo Superior;63;1;739.1607392049733
Muslo Entero;63;1;605.8414144385293
Pechuga Completa;63;1;1878.03242087088
Ala Completa;63;1;608.2058573552664
Media Pechuga;63;1;2301.677840224244
Blanqueta;63;1;0.0
Alón;63;1;0.0
Punta;63;1;0.0
Jamoncito;63;1;599.326024020836
Medio Muslo;63;1;1485.989247311828
Entero;64;1;318.4975383470564
Medio Pollo;64;1;533.0510212605883
Medio Pollo Superior;64;1;792.3468211939023
Medio Pollo Inferior;64;1;721.8064516129033
Cuarto de Pollo Superior;64;1;998.7371474176823
Muslo Entero;64;1;1024.7964661077076
Pechuga Completa;64;1;966.1285276544338
Ala Completa;64;1;840.80860368869
Media Pechuga;64;1;1366.4644583538
Blanqueta;64;1;0.0
Alón;64;1;0.0
Punta;64;1;0.0
Jamoncito;64;1;961.7162123703806
Medio Muslo;64;1;1809.2543774629837
Entero;65;1;355.6439305379138
Medio Pollo;65;1;370.25038289237636
Medio Pollo Superior;65;1;749.4129514835809
Medio Pollo Inferior;65;1;429.88960210940394
Cuarto de Pollo Superior;65;1;1384.9756095786745
Muslo Entero;65;1;1048.3423256433357
Pechuga Completa;65;1;1551.0064358200284
Ala Completa;65;1;713.440784750349
Media Pechuga;65;1;2243.3588803468197
Blanqueta;65;1;1.2529478126981697e-12
Alón;65;1;0.0
Punta;65;1;0.0
Jamoncito;65;1;1087.095133538554
Medio Muslo;65;1;1108.3887851876561
Entero;66;1;519.0193178325447
Medio Pollo;66;1;542.9192553160153
Medio Pollo Superior;66;1;1007.5408612324829
Medio Pollo Inferior;66;1;772.9783823024745
Cuarto de Pollo Superior;66;1;747.1305427555818
Muslo Entero;66;1;758.5930499592256
Pechuga Completa;66;1;1402.6483214820696
Ala Completa;66;1;417.8382864949419
Media Pechuga;66;1;1272.2434660280214
Blanqueta;66;1;5.660415908476866e-13
Alón;66;1;0.0
Punta;66;1;0.0
Jamoncito;66;1;546.0070113273568
Medio Muslo;66;1;1608.3353319730159
Entero;67;1;487.2281483147682
Medio Pollo;67;1;676.1856430584195
Medio Pollo Superior;67;1;494.86239250366367
Medio Pollo Inferior;67;1;741.7313236944232
Cuarto de Pollo Superior;67;1;870.5588940004469
Muslo Entero;67;1;974.6681179662548
Pechuga Completa;67;1;971.2001298366273
Ala Completa;67;1;863.3474457617992
Media Pechuga;67;1;1965.4234311794155
Blanqueta;67;1;0.0
Alón;67;1;0.0
Punta;67;1;0.0
Jamoncito;67;1;836.9447516864445
Medio Muslo;67;1;945.6125725970937
Entero;68;1;525.7113722276265
Medio Pollo;68;1;385.456344806036
Medio Pollo Superior;68;1;944.3100195633301
Medio Pollo Inferior;68;1;893.9296301205657
Cuarto de Pollo Superior;68;1;1356.880507354458
Muslo Entero;68;1;1004.4035114223759
Pechuga Completa;68;1;1552.1589584946994
Ala Completa;68;1;730.754031127343
Media Pechuga;68;1;1949.748464665193
Blanqueta;68;1;0.0
Alón;68;1;0.0
Punta;68;1;0.0
Jamoncito;68;1;593.6558011460306
Medio Muslo;68;1;1406.7952368103422
Entero;69;1;580.4538305707782
Medio Pollo;69;1;659.0635945133422
Medio Pollo Superior;69;1;584.1967005942843
Medio Pollo Inferior;69;1;822.1207069424937
Cuarto de Pollo Superior;69;1;734.9350232213458
Muslo Entero;69;1;621.9114489020963
Pechuga Completa;69;1;1098.7679086833061
Ala Completa;69;1;575.5422749760269
Media Pechuga;69;1;1595.3551586925182
Blanqueta;69;1;0.0
Alón;69;1;0.0
Punta;69;1;0.0
Jamoncito;69;1;580.5037999188639
Medio Muslo;69;1;1818.847390339543
Entero;70;1;528.5960810344646
Medio Pollo;70;1;765.5509453250684
Medio Pollo Superior;70;1;621.3647856577599
Medio Pollo Inferior;70;1;829.5439032177359
Cuarto de Pollo Superior;70;1;996.757042197026
Muslo Entero;70;1;890.7300818227236
Pechuga Completa;70;1;1757.6475970102767
Ala Completa;70;1;760.6865175459559
Media Pechuga;70;1;1255.4802266320894
Blanqueta;70;1;0.0
Alón;70;1;0.0
Punta;70;1;0.0
Jamoncito;70;1;1020.7938652264748
Medio Muslo;70;1;2009.260929285279
Entero;71;1;399.40391896553535
Medio Pollo;71;1;636.5696178579886
Medio Pollo Superior;71;1;629.362303438908
Medio Pollo Inferior;71;1;763.7782249254623
Cuarto de Pollo Superior;71;1;773.4988825804552
Muslo Entero;71;1;915.7924032351319
Pechuga Completa;71;1;1208.1175634055828
Ala Completa;71;1;653.1998416960149
Media Pechuga;71;1;1367.0810414270584
Blanqueta;71;1;0.0
Alón;71;1;0.0
Punta;71;1;0.0
Jamoncito;71;1;527.0429859810321
Medio Muslo;71;1;1147.169100106659
Entero;72;1;464.0
Medio Pollo;72;1;632.6474103044956
Medio Pollo Superior;72;1;712.5743972429814
Medio Pollo Inferior;72;1;555.3827580440727
Cuarto de Pollo Superior;72;1;769.1240874289522
Muslo Entero;72;1;555.8722418563841
Pechuga Completa;72;1;1179.3169355369932
Ala Completa;72;1;527.1946998017196
Media Pechuga;72;1;2213.1230431454296
Blanqueta;72;1;0.0
Alón;72;1;0.0
Punta;72;1;0.0
Jamoncito;72;1;869.5216706429327
Medio Muslo;72;1;1179.0460587300802
Entero;73;1;460.2415480973721
Medio Pollo;73;1;418.6024666082926
Medio Pollo Superior;73;1;532.7205995141884
Medio Pollo Inferior;73;1;485.9340910104312
Cuarto de Pollo Superior;73;1;631.0078421917742
Muslo Entero;73;1;955.6308660450057
Pechuga Completa;73;1;1535.3431147886458
Ala Completa;73;1;561.841197349467
Media Pechuga;73;1;1887.6200929028162
Blanqueta;73;1;0.0
Alón;73;1;0.0
Punta;73;1;0.0
Jamoncito;73;1;1008.9956144691196
Medio Muslo;73;1;1110.7304723701484
Entero;74;1;289.8991842497153
Medio Pollo;74;1;706.725680195835
Medio Pollo Superior;74;1;565.9611743753791
Medio Pollo Inferior;74;1;976.6678839187462
Cuarto de Pollo Superior;74;1;1191.3229699957594
Muslo Entero;74;1;971.8397847440343
Pechuga Completa;74;1;1548.575689101584
Ala Completa;74;1;683.5752157966829
Media Pechuga;74;1;1253.169388248914
Blanqueta;74;1;0.0
Alón;74;1;0.0
Punta;74;1;0.0
Jamoncito;74;1;1092.0116193843558
Medio Muslo;74;1;1305.6298961143868
Entero;75;1;462.0701217874689
Medio Pollo;75;1;680.0285971899058
Medio Pollo Superior;75;1;871.0189254390671
Medio Pollo Inferior;75;1;476.6582105859464
Cuarto de Pollo Superior;75;1;676.0972162157958
Muslo Entero;75;1;959.4798219066529
Pechuga Completa;75;1;1639.0979417564088
Ala Completa;75;1;512.4611719306547
Media Pechuga;75;1;2315.4127449527
Blanqueta;75;1;0.0
Alón;75;1;0.0
Punta;75;1;0.0
Jamoncito;75;1;994.0252381765783
Medio Muslo;75;1;1244.4985284028628
Entero;76;1;320.03991205148765
Medio Pollo;76;1;765.6776140275456
Medio Pollo Superior;76;1;794.7179776974143
Medio Pollo Inferior;76;1;502.44590961155563
Cuarto de Pollo Superior;76;1;864.5798705299849
Muslo Entero;76;1;1102.859114812259
Pechuga Completa;76;1;1435.944144264304
Ala Completa;76;1;387.9492263684936
Media Pechuga;76;1;2231.8092360309915
Blanqueta;76;1;0.0
Alón;76;1;0.0
Punta;76;1;0.0
Jamoncito;76;1;629.2994643540918
Medio Muslo;76;1;1362.1050035185617
Entero;77;1;461.44193295473383
Medio Pollo;77;1;554.7004576465232
Medio Pollo Superior;77;1;1065.0160923464425
Medio Pollo Inferior;77;1;758.4456678272379
Cuarto de Pollo Superior;77;1;992.3199533921055
Muslo Entero;77;1;1044.8203923141555
Pechuga Completa;77;1;1637.5522468104343
Ala Completa;77;1;547.7369704890914
Media Pechuga;77;1;1583.1252031654394
Blanqueta;77;1;0.0
Alón;77;1;0.0
Punta;77;1;0.0
Jamoncito;77;1;991.0814652023128
Medio Muslo;77;1;1750.5903948581818
Entero;78;1;511.4423369180534
Medio Pollo;78;1;438.85136104645255
Medio Pollo Superior;78;1;765.7371675860634
Medio Pollo Inferior;78;1;525.5958467006993
Cuarto de Pollo Superior;78;1;991.3141072508926
Muslo Entero;78;1;837.2021721895582
Pechuga Completa;78;1;1766.8478773414588
Ala Completa;78;1;720.8365487060543
Media Pechuga;78;1;1616.3489422998161
Blanqueta;78;1;0.0
Alón;78;1;0.0
Punta;78;1;0.0
Jamoncito;78;1;703.8132469517791
Medio Muslo;78;1;1687.1967607349854
Entero;79;1;635.5342728135693
Medio Pollo;79;1;520.4008641708923
Medio Pollo Superior;79;1;867.5784389331718
Medio Pollo Inferior;79;1;749.950649852434
Cuarto de Pollo Superior;79;1;623.8987217440838
Muslo Entero;79;1;713.5113155335102
Pechuga Completa;79;1;1202.344607380716
Ala Completa;79;1;425.72748402649154
Media Pechuga;79;1;1850.2885745893823
Blanqueta;79;1;0.0
Alón;79;1;0.0
Punta;79;1;0.0
Jamoncito;79;1;637.6066177265624
Medio Muslo;79;1;1356.0920453922351
Entero;80;1;290.5445896221112
Medio Pollo;80;1;483.6296230989842
Medio Pollo Superior;80;1;592.9372955937092
Medio Pollo Inferior;80;1;757.8460576552911
Cuarto de Pollo Superior;80;1;1198.2961649342158
Muslo Entero;80;1;1217.849338748541
Pechuga Completa;80;1;1716.7182786170808
Ala Completa;80;1;754.2604350646574
Media Pechuga;80;1;1814.949298255063
Blanqueta;80;1;0.0
Alón;80;1;0.0
Punta;80;1;0.0
Jamoncito;80;1;639.7779598342674
Medio Muslo;80;1;1950.70617769639
Entero;81;1;316.65832788809774
Medio Pollo;81;1;375.6431462497603
Medio Pollo Superior;81;1;1103.1418231441269
Medio Pollo Inferior;81;1;939.4632589057246
Cuarto de Pollo Superior;81;1;723.6745983496118
Muslo Entero;81;1;792.7542707820313
Pechuga Completa;81;1;1109.0240130051966
Ala Completa;81;1;724.1616378592845
Media Pechuga;81;1;1980.3756317154557
Blanqueta;81;1;0.0
Alón;81;1;0.0
Punta;81;1;0.0
Jamoncito;81;1;917.3141588643688
Medio Muslo;81;1;1894.8146310900247
Entero;82;1;480.44530219088546
Medio Pollo;82;1;353.3828146604445
Medio Pollo Superior;82;1;627.7548275216599
Medio Pollo Inferior;82;1;867.7529759842402
Cuarto de Pollo Superior;82;1;907.8241806360697
Muslo Entero;82;1;550.4548966261044
Pechuga Completa;82;1;1268.2126936996547
Ala Completa;82;1;391.01122600460025
Media Pechuga;82;1;1403.5275392519152
Blanqueta;82;1;0.0
Alón;82;1;0.0
Punta;82;1;0.0
Jamoncito;82;1;938.3139803235773
Medio Muslo;82;1;1351.1352772691873
Entero;83;1;630.6889614016414
Medio Pollo;83;1;758.2269562733355
Medio Pollo Superior;83;1;496.94242514317006
Medio Pollo Inferior;83;1;849.9062985297755
Cuarto de Pollo Superior;83;1;990.7135372903923
Muslo Entero;83;1;595.422817743285
Pechuga Completa;83;1;1394.2770727999398
Ala Completa;83;1;810.1896810563597
Media Pechuga;83;1;2149.4306528839597
Blanqueta;83;1;0.0
Alón;83;1;0.0
Punta;83;1;0.0
Jamoncito;83;1;907.846129203239
Medio Muslo;83;1;897.3960415720431
Entero;84;1;474.37143532806255
Medio Pollo;84;1;763.0430106470059
Medio Pollo Superior;84;1;711.6567393725691
Medio Pollo Inferior;84;1;738.6237793516094
Cuarto de Pollo Superior;84;1;1390.9589154858136
Muslo Entero;84;1;778.9764198975734
Pechuga Completa;84;1;869.722531388837
Ala Completa;84;1;588.9337846977498
Media Pechuga;84;1;1635.1290322580646
Blanqueta;84;1;0.0
Alón;84;1;0.0
Punta;84;1;0.0
Jamoncito;84;1;839.5593463070473
Medio Muslo;84;1;1860.0608079842796
Entero;85;1;461.6220746968011
Medio Pollo;85;1;389.82560905993125
Medio Pollo Superior;85;1;805.8146302203902
Medio Pollo Inferior;85;1;688.5981792647563
Cuarto de Pollo Superior;85;1;1391.253966356775
Muslo Entero;85;1;1175.870486938573
Pechuga Completa;85;1;970.099766292929
Ala Completa;85;1;431.7887900979183
Media Pechuga;85;1;1204.744540610966
Blanqueta;85;1;0.0
Alón;85;1;0.0
Punta;85;1;0.0
Jamoncito;85;1;643.8104495482223
Medio Muslo;85;1;1288.9298716101714
Entero;86;1;623.6238967744911
Medio Pollo;86;1;613.4906332329016
Medio Pollo Superior;86;1;1086.998611200227
Medio Pollo Inferior;86;1;622.8562354375186
Cuarto de Pollo Superior;86;1;1068.457346560292
Muslo Entero;86;1;836.1053436543945
Pechuga Completa;86;1;1030.835351668558
Ala Completa;86;1;385.2036685265442
Media Pechuga;86;1;1800.981547891964
Blanqueta;86;1;0.0
Alón;86;1;0.0
Punta;86;1;0.0
Jamoncito;86;1;1035.9175267620724
Medio Muslo;86;1;947.586856868735
Entero;87;1;301.3761032255089
Medio Pollo;87;1;457.0610338996134
Medio Pollo Superior;87;1;729.9507170708322
Medio Pollo Inferior;87;1;789.3151275799535
Cuarto de Pollo Superior;87;1;977.7992107892076
Muslo Entero;87;1;1181.102826232174
Pechuga Completa;87;1;1730.2461359576928
Ala Completa;87;1;589.9527141861499
Media Pechuga;87;1;1536.5727831257598
Blanqueta;87;1;0.0
Alón;87;1;0.0
Punta;87;1;0.0
Jamoncito;87;1;1100.8573276748768
Medio Muslo;87;1;1145.7231876776054
Entero;88;1;551.8294705030994
Medio Pollo;88;1;693.789598404126
Medio Pollo Superior;88;1;696.5045022980653
Medio Pollo Inferior;88;1;680.9886501836847
Cuarto de Pollo Superior;88;1;1042.0181000906628
Muslo Entero;88;1;642.3979829008304
Pechuga Completa;88;1;1249.9429345766619
Ala Completa;88;1;658.0955521901446
Media Pechuga;88;1;1969.3244324893315
Blanqueta;88;1;0.0
Alón;88;1;0.0
Punta;88;1;0.0
Jamoncito;88;1;513.9122052884596
Medio Muslo;88;1;1140.571290016938
Entero;89;1;616.9194982036231
Medio Pollo;89;1;380.26866111173047
Medio Pollo Superior;89;1;721.4421860099765
Medio Pollo Inferior;89;1;822.6611623727968
Cuarto de Pollo Superior;89;1;695.1221331881316
Muslo Entero;89;1;1221.0698696698882
Pechuga Completa;89;1;1602.788188703509
Ala Completa;89;1;664.7237942526331
Media Pechuga;89;1;1318.5197921766437
Blanqueta;89;1;0.0
Alón;89;1;0.0
Punta;89;1;0.0
Jamoncito;89;1;582.8981461258611
Medio Muslo;89;1;1228.7557913300855
Entero;90;1;217.2510312932775
Medio Pollo;90;1;614.4898816849976
Medio Pollo Superior;90;1;523.0041790990119
Medio Pollo Inferior;90;1;726.2806976085791
Cuarto de Pollo Superior;90;1;1143.6875918215285
Muslo Entero;90;1;558.8971578856361
Pechuga Completa;90;1;1329.1540985448737
Ala Completa;90;1;645.9405425285096
Media Pechuga;90;1;1980.7274575433273
Blanqueta;90;1;0.0
Alón;90;1;0.0
Punta;90;1;0.0
Jamoncito;90;1;673.9117794847182
Medio Muslo;90;1;1466.9131725717725
Entero;91;1;296.3418804561761
Medio Pollo;91;1;523.6263178127393
Medio Pollo Superior;91;1;741.9670410933435
Medio Pollo Inferior;91;1;429.8772353394371
Cuarto de Pollo Superior;91;1;763.7289542701409
Muslo Entero;91;1;1076.9999052469552
Pechuga Completa;91;1;1288.6691611483986
Ala Completa;91;1;416.4820899700635
Media Pechuga;91;1;1812.0230925858968
Blanqueta;91;1;0.0
Alón;91;1;0.0
Punta;91;1;0.0
Jamoncito;91;1;794.0779975025564
Medio Muslo;91;1;1811.8362223258825
Entero;92;1;433.41230707727544
Medio Pollo;92;1;359.8421897188245
Medio Pollo Superior;92;1;826.05528978337
Medio Pollo Inferior;92;1;692.7364526416659
Cuarto de Pollo Superior;92;1;952.0015678973994
Muslo Entero;92;1;824.8387096774194
Pechuga Completa;92;1;1569.8572459020968
Ala Completa;92;1;746.4989084877747
Media Pechuga;92;1;1878.5496063230341
Blanqueta;92;1;0.0
Alón;92;1;0.0
Punta;92;1;0.0
Jamoncito;92;1;1109.688439364511
Medio Muslo;92;1;1720.1931012934542
Entero;93;1;287.36704425958834
Medio Pollo;93;1;680.6842094481005
Medio Pollo Superior;93;1;1004.8303842329958
Medio Pollo Inferior;93;1;898.2912558325552
Cuarto de Pollo Superior;93;1;1068.240534250624
Muslo Entero;93;1;807.7777895100828
Pechuga Completa;93;1;1668.9300724287398
Ala Completa;93;1;571.4311400890701
Media Pechuga;93;1;2035.247514837191
Blanqueta;93;1;0.0
Alón;93;1;0.0
Punta;93;1;0.0
Jamoncito;93;1;693.5376702128444
Medio Muslo;93;1;1636.582731504989
Entero;94;1;477.1687447611616
Medio Pollo;94;1;611.1529353587329
Medio Pollo Superior;94;1;965.1493756623526
Medio Pollo Inferior;94;1;494.98500901276384
Cuarto de Pollo Superior;94;1;1121.5046460051688
Muslo Entero;94;1;1128.9480169422275
Pechuga Completa;94;1;1322.6496744436574
Ala Completa;94;1;559.2284358422895
Media Pechuga;94;1;2361.758333428175
Blanqueta;94;1;0.0
Alón;94;1;0.0
Punta;94;1;0.0
Jamoncito;94;1;716.6600100100385
Medio Muslo;94;1;1019.4949717292176
Entero;95;1;562.9812315241223
Medio Pollo;95;1;395.30190599236
Medio Pollo Superior;95;1;788.155020451507
Medio Pollo Inferior;95;1;697.8188606253825
Cuarto de Pollo Superior;95;1;934.5924047171836
Muslo Entero;95;1;698.9615534920011
Pechuga Completa;95;1;1509.9630365927073
Ala Completa;95;1;722.948733712516
Media Pechuga;95;1;1420.0670280199695
Blanqueta;95;1;0.0
Alón;95;1;0.0
Punta;95;1;0.0
Jamoncito;95;1;1049.3810027535167
Medio Muslo;95;1;1747.330540444572
Entero;96;1;604.2837775301907
Medio Pollo;96;1;553.814848380697
Medio Pollo Superior;96;1;844.9660360093785
Medio Pollo Inferior;96;1;664.9284201591587
Cuarto de Pollo Superior;96;1;1153.8521236970073
Muslo Entero;96;1;604.9221410254103
Pechuga Completa;96;1;1812.025764612728
Ala Completa;96;1;463.311495044813
Media Pechuga;96;1;1561.3617055380569
Blanqueta;96;1;0.0
Alón;96;1;0.0
Punta;96;1;0.0
Jamoncito;96;1;737.5930948067282
Medio Muslo;96;1;1492.42727979771
Entero;97;1;471.56170870451814
Medio Pollo;97;1;518.1995993565104
Medio Pollo Superior;97;1;771.4210607648151
Medio Pollo Inferior;97;1;466.12526230588844
Cuarto de Pollo Superior;97;1;1118.1487638784529
Muslo Entero;97;1;884.2736290324963
Pechuga Completa;97;1;956.8792188615105
Ala Completa;97;1;795.7059438396911
Media Pechuga;97;1;2065.239726350059
Blanqueta;97;1;0.0
Alón;97;1;0.0
Punta;97;1;0.0
Jamoncito;97;1;1118.5307603167053
Medio Muslo;97;1;1406.4847795984163
Entero;98;1;318.7743364112134
Medio Pollo;98;1;638.3600799930425
Medio Pollo Superior;98;1;935.9689373431461
Medio Pollo Inferior;98;1;603.4888108653074
Cuarto de Pollo Superior;98;1;608.0576238727351
Muslo Entero;98;1;1097.7756070949308
Pechuga Completa;98;1;1646.0822945280584
Ala Completa;98;1;812.5289233859261
Media Pechuga;98;1;1642.1727616602716
Blanqueta;98;1;0.0
Alón;98;1;0.0
Punta;98;1;0.0
Jamoncito;98;1;668.8854421429079
Medio Muslo;98;1;1342.2394709609525
Entero;99;1;613.6373787642889
Medio Pollo;99;1;376.3741157272744
Medio Pollo Superior;99;1;672.9279427998023
Medio Pollo Inferior;99;1;588.4404171911323
Cuarto de Pollo Superior;99;1;1247.7681697375383
Muslo Entero;99;1;687.1245144002548
Pechuga Completa;99;1;1752.2230611398186
Ala Completa;99;1;596.6965607292246
Media Pechuga;99;1;1851.625129719736
Blanqueta;99;1;0.0
Alón;99;1;0.0
Punta;99;1;0.0
Jamoncito;99;1;841.0618318309783
Medio Muslo;99;1;1380.6697338199963
Entero;100;1;595.9934411777191
Medio Pollo;100;1;462.4010442943381
Medio Pollo Superior;100;1;672.879211779219
Medio Pollo Inferior;100;1;516.3333936438167
Cuarto de Pollo Superior;100;1;840.5232949842153
Muslo Entero;100;1;808.0015208238078
Pechuga Completa;100;1;1486.8899670264764
Ala Completa;100;1;521.0168995578487
Media Pechuga;100;1;1447.6809874473408
Blanqueta;100;1;-1.1910049666074062e-11
Alón;100;1;-5.84675165425454e-12
Punta;100;1;-1.7323708605198632e-12
Jamoncito;100;1;958.876244942806
Medio Muslo;100;1;1356.5215209099968
Entero;101;1;511.48826247664437
Medio Pollo;101;1;768.1468945278233
Medio Pollo Superior;101;1;877.9968692003545
Medio Pollo Inferior;101;1;675.5394345225176
Cuarto de Pollo Superior;101;1;860.4605256445827
Muslo Entero;101;1;1240.515179172145
Pechuga Completa;101;1;1033.2468597134264
Ala Completa;101;1;815.6782192012049
Media Pechuga;101;1;1983.500334445729
Blanqueta;101;1;0.0
Alón;101;1;0.0
Punta;101;1;0.0
Jamoncito;101;1;668.1189843997744
Medio Muslo;101;1;1176.1310679978099
Entero;102;1;629.8419372370711
Medio Pollo;102;1;673.8061083565126
Medio Pollo Superior;102;1;650.1763608635846
Medio Pollo Inferior;102;1;952.7458896804438
Cuarto de Pollo Superior;102;1;1381.1252691530633
Muslo Entero;102;1;1182.6839194757608
Pechuga Completa;102;1;986.3375176380526
Ala Completa;102;1;626.894763924243
Media Pechuga;102;1;1756.0967741935483
Blanqueta;102;1;0.0
Alón;102;1;0.0
Punta;102;1;0.0
Jamoncito;102;1;882.0747795754014
Medio Muslo;102;1;1783.487849807063
Entero;103;1;203.1479496134712
Medio Pollo;103;1;735.4111738663732
Medio Pollo Superior;103;1;1039.2119683364747
Medio Pollo Inferior;103;1;791.7429428435021
Cuarto de Pollo Superior;103;1;1180.3490561619674
Muslo Entero;103;1;545.8062622536362
Pechuga Completa;103;1;1152.5846510607844
Ala Completa;103;1;736.221448801338
Media Pechuga;103;1;1742.5483870967741
Blanqueta;103;1;0.0
Alón;103;1;0.0
Punta;103;1;0.0
Jamoncito;103;1;715.9852929092167
Medio Muslo;103;1;1950.2569576339456
Entero;104;1;463.0
Medio Pollo;104;1;724.5205354113247
Medio Pollo Superior;104;1;746.8829536082627
Medio Pollo Inferior;104;1;825.5406102539239
Cuarto de Pollo Superior;104;1;914.0428365664002
Muslo Entero;104;1;1219.5084562906175
Pechuga Completa;104;1;1923.77676867919
Ala Completa;104;1;550.7044941882823
Media Pechuga;104;1;1680.7957638234461
Blanqueta;104;1;0.0
Alón;104;1;0.0
Punta;104;1;0.0
Jamoncito;104;1;793.2644049466215
Medio Muslo;104;1;2023.2052996817467
Entero;105;1;462.999999999598
Medio Pollo;105;1;705.7832363815919
Medio Pollo Superior;105;1;744.012442259679
Medio Pollo Inferior;105;1;657.5454181827644
Cuarto de Pollo Superior;105;1;811.2809800646265
Muslo Entero;105;1;1010.507862100992
Pechuga Completa;105;1;1271.0080121473952
Ala Completa;105;1;708.8454977557301
Media Pechuga;105;1;1831.3977845637482
Blanqueta;105;1;9.840375494715161e-13
Alón;105;1;0.0
Punta;105;1;1.7323708605198634e-12
Jamoncito;105;1;1015.7855289648255
Medio Muslo;105;1;1506.7148399890566
Entero;106;1;444.0
Medio Pollo;106;1;352.17762670620465
Medio Pollo Superior;106;1;901.1691202610907
Medio Pollo Inferior;106;1;736.9768857006833
Cuarto de Pollo Superior;106;1;682.6874415058886
Muslo Entero;106;1;1225.1212262293604
Pechuga Completa;106;1;1531.930796691138
Ala Completa;106;1;570.1180352959066
Media Pechuga;106;1;1742.5483870967741
Blanqueta;106;1;2.1107843486937826e-12
Alón;106;1;0.0
Punta;106;1;0.0
Jamoncito;106;1;751.9363759314779
Medio Muslo;106;1;991.4352795161888
Entero;107;1;444.0
Medio Pollo;107;1;452.10199534902296
Medio Pollo Superior;107;1;902.4209279986519
Medio Pollo Inferior;107;1;470.50361863966435
Cuarto de Pollo Superior;107;1;947.364283659348
Muslo Entero;107;1;1237.6022111779812
Pechuga Completa;107;1;1321.8385089332714
Ala Completa;107;1;853.2819985458385
Media Pechuga;107;1;1186.6287376963353
Blanqueta;107;1;2.0564877275610713e-12
Alón;107;1;0.0
Punta;107;1;0.0
Jamoncito;107;1;866.0737062531838
Medio Muslo;107;1;2001.1206282829983
Entero;108;1;294.43974708706247
Medio Pollo;108;1;693.7301674613972
Medio Pollo Superior;108;1;814.3589210868162
Medio Pollo Inferior;108;1;840.8216886798178
Cuarto de Pollo Superior;108;1;835.5519209915857
Muslo Entero;108;1;856.1307234269891
Pechuga Completa;108;1;1334.4193548387098
Ala Completa;108;1;737.4582207334494
Media Pechuga;108;1;1570.986539025125
Blanqueta;108;1;1.1912833083132373e-12
Alón;108;1;0.0
Punta;108;1;0.0
Jamoncito;108;1;681.0690924694319
Medio Muslo;108;1;1038.7037686416963
Entero;109;1;481.83488712148693
Medio Pollo;109;1;410.50441304401716
Medio Pollo Superior;109;1;484.25240897904825
Medio Pollo Inferior;109;1;437.74605816054844
Cuarto de Pollo Superior;109;1;956.1549742265199
Muslo Entero;109;1;733.2426133592178
Pechuga Completa;109;1;1301.3064302881019
Ala Completa;109;1;550.9630323374564
Media Pechuga;109;1;2085.201581023438
Blanqueta;109;1;1.7901910012422062e-12
Alón;109;1;0.0
Punta;109;1;0.0
Jamoncito;109;1;796.5419669907216
Medio Muslo;109;1;1936.3773017291483
Entero;110;1;555.7253657914507
Medio Pollo;110;1;649.2191879825989
Medio Pollo Superior;110;1;627.6211080131322
Medio Pollo Inferior;110;1;970.3834885284938
Cuarto de Pollo Superior;110;1;909.8455574359173
Muslo Entero;110;1;894.7045063713807
Pechuga Completa;110;1;1490.4355051957693
Ala Completa;110;1;606.7200953130057
Media Pechuga;110;1;1026.5161974003897
Blanqueta;110;1;2.249360926692273e-12
Alón;110;1;0.0
Punta;110;1;0.0
Jamoncito;110;1;708.6826705265923
Medio Muslo;110;1;1661.1468514867775
Entero;111;1;444.0
Medio Pollo;111;1;522.0191506987267
Medio Pollo Superior;111;1;485.1359747948302
Medio Pollo Inferior;111;1;556.139161823473
Cuarto de Pollo Superior;111;1;1103.6537523411953
Muslo Entero;111;1;967.5858162092646
Pechuga Completa;111;1;1215.8081066885022
Ala Completa;111;1;626.2293439378816
Media Pechuga;111;1;2220.26054289158
Blanqueta;111;1;1.7753433361702487e-12
Alón;111;1;0.0
Punta;111;1;0.0
Jamoncito;111;1;596.451482484527
Medio Muslo;111;1;1250.518765070831
Entero;112;1;466.72153878503184
Medio Pollo;112;1;459.0275414593719
Medio Pollo Superior;112;1;601.8645539542082
Medio Pollo Inferior;112;1;703.9131024342507
Cuarto de Pollo Superior;112;1;959.570448243389
Muslo Entero;112;1;705.6514498753677
Pechuga Completa;112;1;982.4438307959449
Ala Completa;112;1;694.0681993610831
Media Pechuga;112;1;1003.8599360835
Blanqueta;112;1;1.4259715797646548e-12
Alón;112;1;0.0
Punta;112;1;0.0
Jamoncito;112;1;642.7065822358528
Medio Muslo;112;1;951.4798901755613
Entero;113;1;324.40934072045184
Medio Pollo;113;1;569.2730290035288
Medio Pollo Superior;113;1;702.2389413775999
Medio Pollo Inferior;113;1;857.6915180355257
Cuarto de Pollo Superior;113;1;1121.632433699102
Muslo Entero;113;1;803.751775931084
Pechuga Completa;113;1;1867.9835270781164
Ala Completa;113;1;378.49807555627984
Media Pechuga;113;1;2080.4584580365786
Blanqueta;113;1;1.4276633783201672e-12
Alón;113;1;0.0
Punta;113;1;0.0
Jamoncito;113;1;676.7847830183123
Medio Muslo;113;1;1300.7449717250965
Entero;114;1;539.8691204945163
Medio Pollo;114;1;370.3108555864935
Medio Pollo Superior;114;1;775.397951265048
Medio Pollo Inferior;114;1;556.951671672277
Cuarto de Pollo Superior;114;1;1201.5682000551685
Muslo Entero;114;1;856.7360798861883
Pechuga Completa;114;1;1307.2396444656601
Ala Completa;114;1;833.81230842184
Media Pechuga;114;1;1333.8025121326325
Blanqueta;114;1;2.252561123525841e-12
Alón;114;1;0.0
Punta;114;1;0.0
Jamoncito;114;1;1188.5926077503157
Medio Muslo;114;1;1028.6754313473664
Entero;115;1;427.06439669486736
Medio Pollo;115;1;419.4852766736978
Medio Pollo Superior;115;1;971.1294509145962
Medio Pollo Inferior;115;1;740.722590490715
Cuarto de Pollo Superior;115;1;1319.8615125515323
Muslo Entero;115;1;870.29277193875
Pechuga Completa;115;1;1606.363600649196
Ala Completa;115;1;716.3033239523527
Media Pechuga;115;1;1121.0057227316138
Blanqueta;115;1;1.696216887104452e-12
Alón;115;1;0.0
Punta;115;1;0.0
Jamoncito;115;1;604.3022415837976
Medio Muslo;115;1;1381.5054409984884
Entero;116;1;379.9621628713023
Medio Pollo;116;1;700.753647626116
Medio Pollo Superior;116;1;515.7858444542585
Medio Pollo Inferior;116;1;443.4895434015449
Cuarto de Pollo Superior;116;1;622.5200879566372
Muslo Entero;116;1;1082.7815443956824
Pechuga Completa;116;1;1731.8447132745343
Ala Completa;116;1;437.5203648740116
Media Pechuga;116;1;1182.197828855766
Blanqueta;116;1;0.0
Alón;116;1;0.0
Punta;116;1;0.0
Jamoncito;116;1;932.9545162804897
Medio Muslo;116;1;1968.7736017620787
Entero;117;1;466.9975057109344
Medio Pollo;117;1;632.6685277955679
Medio Pollo Superior;117;1;524.539917738174
Medio Pollo Inferior;117;1;535.4180614400724
Cuarto de Pollo Superior;117;1;1145.868144549007
Muslo Entero;117;1;716.0358353092678
Pechuga Completa;117;1;1059.8972222093369
Ala Completa;117;1;546.7366827738083
Media Pechuga;117;1;1257.6332901281182
Blanqueta;117;1;0.0
Alón;117;1;0.0
Punta;117;1;0.0
Jamoncito;117;1;531.2944677979048
Medio Muslo;117;1;1102.6353761829382
Entero;118;1;430.9135272934854
Medio Pollo;118;1;365.63645845869536
Medio Pollo Superior;118;1;927.0534061871965
Medio Pollo Inferior;118;1;912.4687451186202
Cuarto de Pollo Superior;118;1;1212.210260793864
Muslo Entero;118;1;1147.112171048002
Pechuga Completa;118;1;1396.3548387096776
Ala Completa;118;1;524.3726307766439
Media Pechuga;118;1;1762.2916765899042
Blanqueta;118;1;0.0
Alón;118;1;0.0
Punta;118;1;0.0
Jamoncito;118;1;1046.5220389715423
Medio Muslo;118;1;1592.2697023146764
Entero;119;1;341.8624014268219
Medio Pollo;119;1;541.4823997097409
Medio Pollo Superior;119;1;757.4465661960927
Medio Pollo Inferior;119;1;876.6751154890101
Cuarto de Pollo Superior;119;1;672.6155531353485
Muslo Entero;119;1;1014.1383716156585
Pechuga Completa;119;1;1182.0990030533771
Ala Completa;119;1;837.725163713318
Media Pechuga;119;1;1015.8865657555621
Blanqueta;119;1;0.0
Alón;119;1;0.0
Punta;119;1;0.0
Jamoncito;119;1;677.0622210168224
Medio Muslo;119;1;1182.5244730210388
Entero;120;1;377.21233262776053
Medio Pollo;120;1;387.7304682667709
Medio Pollo Superior;120;1;548.5547170543335
Medio Pollo Inferior;120;1;680.1437636051593
Cuarto de Pollo Superior;120;1;835.3929486019723
Muslo Entero;120;1;618.8593008768421
Pechuga Completa;120;1;935.6956272124057
Ala Completa;120;1;421.9104270002137
Media Pechuga;120;1;2076.6712066968216
Blanqueta;120;1;0.0
Alón;120;1;0.0
Punta;120;1;0.0
Jamoncito;120;1;792.8771868106861
Medio Muslo;120;1;1622.8050632226034
Entero;121;1;532.037477459647
Medio Pollo;121;1;339.3261906661325
Medio Pollo Superior;121;1;942.1800143816356
Medio Pollo Inferior;121;1;713.7139812961665
Cuarto de Pollo Superior;121;1;1080.7380382634756
Muslo Entero;121;1;911.9128736232838
Pechuga Completa;121;1;1782.3126690087827
Ala Completa;121;1;732.8257682749158
Media Pechuga;121;1;1729.9057245039755
Blanqueta;121;1;0.0
Alón;121;1;0.0
Punta;121;1;0.0
Jamoncito;121;1;721.0037302462038
Medio Muslo;121;1;1378.6662437327052
Entero;122;1;334.5200370196888
Medio Pollo;122;1;747.7915198711758
Medio Pollo Superior;122;1;892.2854185576058
Medio Pollo Inferior;122;1;951.3031658735703
Cuarto de Pollo Superior;122;1;1210.5590903124098
Muslo Entero;122;1;805.7485312781615
Pechuga Completa;122;1;1548.2277223362805
Ala Completa;122;1;418.11657939963936
Media Pechuga;122;1;1972.6398069724055
Blanqueta;122;1;0.0
Alón;122;1;0.0
Punta;122;1;0.0
Jamoncito;122;1;1136.2582077747545
Medio Muslo;122;1;1644.7905459601573
Entero;123;1;492.3888335247661
Medio Pollo;123;1;338.64851063629726
Medio Pollo Superior;123;1;905.2911650674927
Medio Pollo Inferior;123;1;668.8178623616518
Cuarto de Pollo Superior;123;1;678.76262234895
Muslo Entero;123;1;689.6071613889778
Pechuga Completa;123;1;906.3867971395612
Ala Completa;123;1;681.9078038931049
Media Pechuga;123;1;1355.6500327190076
Blanqueta;123;1;0.0
Alón;123;1;0.0
Punta;123;1;0.0
Jamoncito;123;1;830.0899676820396
Medio Muslo;123;1;1387.2729003591744
Entero;124;1;548.7361270603188
Medio Pollo;124;1;596.5965364391377
Medio Pollo Superior;124;1;889.1852031486939
Medio Pollo Inferior;124;1;785.9164525588104
Cuarto de Pollo Superior;124;1;873.8377828425454
Muslo Entero;124;1;826.8287087471876
Pechuga Completa;124;1;1598.1791123223366
Ala Completa;124;1;501.97875081565695
Media Pechuga;124;1;1610.57715736324
Blanqueta;124;1;0.0
Alón;124;1;0.0
Punta;124;1;0.0
Jamoncito;124;1;882.4841810473442
Medio Muslo;124;1;1091.4938441132053
Entero;125;1;547.3051983104106
Medio Pollo;125;1;698.5223405887347
Medio Pollo Superior;125;1;638.3062082613216
Medio Pollo Inferior;125;1;912.6756981990422
Cuarto de Pollo Superior;125;1;1073.7196555790815
Muslo Entero;125;1;1255.0250742988758
Pechuga Completa;125;1;1233.2203723248315
Ala Completa;125;1;731.8454613892761
Media Pechuga;125;1;1713.798280088099
Blanqueta;125;1;0.0
Alón;125;1;0.0
Punta;125;1;0.0
Jamoncito;125;1;1032.5041053346854
Medio Muslo;125;1;1754.0915692177466
Entero;126;1;444.0
Medio Pollo;126;1;464.24965035761625
Medio Pollo Superior;126;1;856.3861815682338
Medio Pollo Inferior;126;1;424.46592740739607
Cuarto de Pollo Superior;126;1;969.5997722699948
Muslo Entero;126;1;547.8424735404776
Pechuga Completa;126;1;969.7548887123419
Ala Completa;126;1;881.5340399978471
Media Pechuga;126;1;1214.139446703606
Blanqueta;126;1;0.0
Alón;126;1;0.0
Punta;126;1;0.0
Jamoncito;126;1;699.5485457316448
Medio Muslo;126;1;1321.5738200872443
Entero;127;1;483.0
Medio Pollo;127;1;436.2617747567393
Medio Pollo Superior;127;1;776.467743441696
Medio Pollo Inferior;127;1;453.42911437059115
Cuarto de Pollo Superior;127;1;659.9321564558362
Muslo Entero;127;1;1158.774769339611
Pechuga Completa;127;1;1507.4463885352448
Ala Completa;127;1;477.9621457324288
Media Pechuga;127;1;2094.4336754072115
Blanqueta;127;1;0.0
Alón;127;1;0.0
Punta;127;1;0.0
Jamoncito;127;1;973.2005398605022
Medio Muslo;127;1;1868.872228715683
Entero;128;1;481.99999999876854
Medio Pollo;128;1;447.9405714263382
Medio Pollo Superior;128;1;873.7747949141744
Medio Pollo Inferior;128;1;517.853622398526
Cuarto de Pollo Superior;128;1;752.7156699008922
Muslo Entero;128;1;822.7934108932354
Pechuga Completa;128;1;1811.6202077541197
Ala Completa;128;1;461.1473911796867
Media Pechuga;128;1;2094.57143998067
Blanqueta;128;1;1.2440600712996846e-12
Alón;128;1;0.0
Punta;128;1;1.5431148106448653e-12
Jamoncito;128;1;728.1726544410957
Medio Muslo;128;1;1955.4207831113913
Entero;129;1;312.7083502262122
Medio Pollo;129;1;358.84692005155756
Medio Pollo Superior;129;1;752.3846671350713
Medio Pollo Inferior;129;1;689.9084101213405
Cuarto de Pollo Superior;129;1;996.7606417231849
Muslo Entero;129;1;746.4835003356504
Pechuga Completa;129;1;1104.4765664394286
Ala Completa;129;1;430.9610537198842
Media Pechuga;129;1;1151.6268147061028
Blanqueta;129;1;1.8323351683784247e-12
Alón;129;1;0.0
Punta;129;1;1.6318485119079018e-12
Jamoncito;129;1;811.2906557118237
Medio Muslo;129;1;1105.468463023474
Entero;130;1;492.19883304288896
Medio Pollo;130;1;508.77017110232805
Medio Pollo Superior;130;1;856.3080562471921
Medio Pollo Inferior;130;1;641.2137220493785
Cuarto de Pollo Superior;130;1;1235.3801786949598
Muslo Entero;130;1;1164.5783794051736
Pechuga Completa;130;1;1496.516129032258
Ala Completa;130;1;588.8084416538134
Media Pechuga;130;1;2126.6842791735303
Blanqueta;130;1;2.1127785360910075e-12
Alón;130;1;0.0
Punta;130;1;0.0
Jamoncito;130;1;850.4294564533889
Medio Muslo;130;1;1789.4205643940031
Entero;131;1;555.136507918308
Medio Pollo;131;1;598.0266573876519
Medio Pollo Superior;131;1;1032.0485804281936
Medio Pollo Inferior;131;1;607.8453891498432
Cuarto de Pollo Superior;131;1;1226.1877116714372
Muslo Entero;131;1;1210.3003452549683
Pechuga Completa;131;1;1529.015387268229
Ala Completa;131;1;648.3785515635348
Media Pechuga;131;1;1432.1693215287821
Blanqueta;131;1;1.2066425051465793e-12
Alón;131;1;0.0
Punta;131;1;0.0
Jamoncito;131;1;596.749420332527
Medio Muslo;131;1;1475.0062637779326
Entero;132;1;568.9563088125909
Medio Pollo;132;1;569.806923168613
Medio Pollo Superior;132;1;603.3057731677277
Medio Pollo Inferior;132;1;564.6163267500276
Cuarto de Pollo Superior;132;1;699.6566829987405
Muslo Entero;132;1;572.5643523358498
Pechuga Completa;132;1;1054.848160384885
Ala Completa;132;1;574.3605414199682
Media Pechuga;132;1;1249.1895328780927
Blanqueta;132;1;2.4837776664248096e-12
Alón;132;1;0.0
Punta;132;1;0.0
Jamoncito;132;1;567.6481834884801
Medio Muslo;132;1;999.473118275559
Entero;133;1;287.3013006371562
Medio Pollo;133;1;729.0041053282907
Medio Pollo Superior;133;1;702.9181895256363
Medio Pollo Inferior;133;1;734.2701509988399
Cuarto de Pollo Superior;133;1;799.0365791970544
Muslo Entero;133;1;631.9299680998932
Pechuga Completa;133;1;1814.8532327854466
Ala Completa;133;1;772.6606893694515
Media Pechuga;133;1;1444.9318176308013
Blanqueta;133;1;1.5132132279799093e-12
Alón;133;1;0.0
Punta;133;1;0.0
Jamoncito;133;1;1060.643442601939
Medio Muslo;133;1;1964.4838709677417
Entero;134;1;644.5040108557945
Medio Pollo;134;1;431.88799685497617
Medio Pollo Superior;134;1;562.7936302258995
Medio Pollo Inferior;134;1;934.9766112658701
Cuarto de Pollo Superior;134;1;1173.4096759678332
Muslo Entero;134;1;1051.8489733523818
Pechuga Completa;134;1;1819.881029286424
Ala Completa;134;1;655.1097088575935
Media Pechuga;134;1;1949.8005213765477
Blanqueta;134;1;2.0502737073662603e-12
Alón;134;1;0.0
Punta;134;1;0.0
Jamoncito;134;1;984.1738056233328
Medio Muslo;134;1;1531.6881720430106
Entero;135;1;624.5957618142255
Medio Pollo;135;1;592.145474359736
Medio Pollo Superior;135;1;588.9401536857843
Medio Pollo Inferior;135;1;885.1326028770179
Cuarto de Pollo Superior;135;1;1356.4070255936151
Muslo Entero;135;1;716.6368003828469
Pechuga Completa;135;1;1763.5773175436836
Ala Completa;135;1;515.2042427543307
Media Pechuga;135;1;1825.7498088055365
Blanqueta;135;1;0.0
Alón;135;1;0.0
Punta;135;1;0.0
Jamoncito;135;1;534.487497452441
Medio Muslo;135;1;1271.741935483871
Entero;136;1;357.6991662190449
Medio Pollo;136;1;619.1258699131133
Medio Pollo Superior;136;1;507.0867319686999
Medio Pollo Inferior;136;1;467.55478426714274
Cuarto de Pollo Superior;136;1;1035.901183605552
Muslo Entero;136;1;971.3133562037663
Pechuga Completa;136;1;1374.7098533180372
Ala Completa;136;1;597.4142745681794
Media Pechuga;136;1;1439.3280433661519
Blanqueta;136;1;0.0
Alón;136;1;0.0
Punta;136;1;0.0
Jamoncito;136;1;675.776952537664
Medio Muslo;136;1;1044.1172778694927
Entero;137;1;469.32266320795674
Medio Pollo;137;1;683.0676434833982
Medio Pollo Superior;137;1;980.8157449007392
Medio Pollo Inferior;137;1;669.9493031954661
Cuarto de Pollo Superior;137;1;1380.8737969647282
Muslo Entero;137;1;571.7356483446661
Pechuga Completa;137;1;1836.1199037302301
Ala Completa;137;1;564.8450546589105
Media Pechuga;137;1;2401.222815533158
Blanqueta;137;1;0.0
Alón;137;1;0.0
Punta;137;1;0.0
Jamoncito;137;1;694.0108102583946
Medio Muslo;137;1;1845.6031522380342
Entero;138;1;396.730250880983
Medio Pollo;138;1;361.710594333601
Medio Pollo Superior;138;1;1005.3542928121415
Medio Pollo Inferior;138;1;665.274298352788
Cuarto de Pollo Superior;138;1;831.4032513564696
Muslo Entero;138;1;1269.760562807216
Pechuga Completa;138;1;382.8338253604836
Ala Completa;138;1;414.33575201211494
Media Pechuga;138;1;1692.8825155421382
Blanqueta;138;1;0.0
Alón;138;1;0.0
Punta;138;1;0.0
Jamoncito;138;1;1144.0346038167943
Medio Muslo;138;1;1269.1653321498798
Entero;139;1;474.72454354484074
Medio Pollo;139;1;436.5846017698569
Medio Pollo Superior;139;1;1029.8142998303042
Medio Pollo Inferior;139;1;846.4629592288569
Cuarto de Pollo Superior;139;1;931.8856825853553
Muslo Entero;139;1;618.651487019155
Pechuga Completa;139;1;1695.9212880843354
Ala Completa;139;1;571.7312813732681
Media Pechuga;139;1;2153.258146758656
Blanqueta;139;1;0.0
Alón;139;1;0.0
Punta;139;1;0.0
Jamoncito;139;1;1022.5001920582882
Medio Muslo;139;1;1751.1898072062252
Entero;140;1;412.28514491649264
Medio Pollo;140;1;748.3836287004099
Medio Pollo Superior;140;1;719.2616672886197
Medio Pollo Inferior;140;1;873.9649813697876
Cuarto de Pollo Superior;140;1;1033.8365650893727
Muslo Entero;140;1;566.9196793561711
Pechuga Completa;140;1;1137.8872572807768
Ala Completa;140;1;464.1404976619765
Media Pechuga;140;1;1247.7281198142084
Blanqueta;140;1;0.0
Alón;140;1;0.0
Punta;140;1;0.0
Jamoncito;140;1;992.6098662840736
Medio Muslo;140;1;1569.6018498912067
Entero;141;1;538.2279590750126
Medio Pollo;141;1;540.6294961055451
Medio Pollo Superior;141;1;1099.1351291174133
Medio Pollo Inferior;141;1;600.9746678087689
Cuarto de Pollo Superior;141;1;792.8739194610804
Muslo Entero;141;1;747.4888271059781
Pechuga Completa;141;1;1629.4574309918414
Ala Completa;141;1;463.18379273900865
Media Pechuga;141;1;1898.162240796668
Blanqueta;141;1;0.0
Alón;141;1;0.0
Punta;141;1;0.0
Jamoncito;141;1;1089.7877206740507
Medio Muslo;141;1;1030.3936716016867
Entero;142;1;614.9909830358283
Medio Pollo;142;1;410.079259608742
Medio Pollo Superior;142;1;872.7639229201466
Medio Pollo Inferior;142;1;505.2475125999603
Cuarto de Pollo Superior;142;1;1324.6649160679383
Muslo Entero;142;1;917.5144567892597
Pechuga Completa;142;1;1368.443701062401
Ala Completa;142;1;362.44005117272263
Media Pechuga;142;1;1438.0895410060077
Blanqueta;142;1;0.0
Alón;142;1;0.0
Punta;142;1;0.0
Jamoncito;142;1;1117.8502711896242
Medio Muslo;142;1;1983.1933885908743
Entero;143;1;308.16474719573796
Medio Pollo;143;1;486.579879453691
Medio Pollo Superior;143;1;796.5170391911843
Medio Pollo Inferior;143;1;459.4836662359842
Cuarto de Pollo Superior;143;1;1001.6480324336848
Muslo Entero;143;1;1130.18688619635
Pechuga Completa;143;1;1106.6093879507864
Ala Completa;143;1;523.8499888291911
Media Pechuga;143;1;1908.298305725776
Blanqueta;143;1;0.0
Alón;143;1;0.0
Punta;143;1;0.0
Jamoncito;143;1;651.4804773623398
Medio Muslo;143;1;1787.1226172267936
Entero;144;1;527.4983734651978
Medio Pollo;144;1;805.9206582835437
Medio Pollo Superior;144;1;679.511418636199
Medio Pollo Inferior;144;1;520.2870781801101
Cuarto de Pollo Superior;144;1;872.6666377677022
Muslo Entero;144;1;805.731384688038
Pechuga Completa;144;1;1161.828178246965
Ala Completa;144;1;627.9597289127945
Media Pechuga;144;1;1474.7729855596804
Blanqueta;144;1;0.0
Alón;144;1;0.0
Punta;144;1;0.0
Jamoncito;144;1;1018.1638109947392
Medio Muslo;144;1;1326.8494623655913
Entero;145;1;481.41412930909934
Medio Pollo;145;1;360.96595038610576
Medio Pollo Superior;145;1;856.2825178641802
Medio Pollo Inferior;145;1;532.7986531922697
Cuarto de Pollo Superior;145;1;786.4979912977107
Muslo Entero;145;1;1071.623116864183
Pechuga Completa;145;1;1587.5637189289052
Ala Completa;145;1;466.1585255418607
Media Pechuga;145;1;1802.6576201806024
Blanqueta;145;1;0.0
Alón;145;1;0.0
Punta;145;1;0.0
Jamoncito;145;1;540.8983014921411
Medio Muslo;145;1;1530.0752688172042
Entero;146;1;459.68728838640624
Medio Pollo;146;1;585.4334861602591
Medio Pollo Superior;146;1;758.521190548269
Medio Pollo Inferior;146;1;821.8247753264969
Cuarto de Pollo Superior;146;1;947.4871956970076
Muslo Entero;146;1;972.2638283166041
Pechuga Completa;146;1;1802.7249266826434
Ala Completa;146;1;541.4089540294927
Media Pechuga;146;1;1089.5349062133853
Blanqueta;146;1;0.0
Alón;146;1;0.0
Punta;146;1;0.0
Jamoncito;146;1;944.473008788318
Medio Muslo;146;1;1556.9569892473119
Entero;147;1;518.6061270880174
Medio Pollo;147;1;467.42806552436144
Medio Pollo Superior;147;1;1084.7808202058584
Medio Pollo Inferior;147;1;899.7438048634316
Cuarto de Pollo Superior;147;1;851.2838055212134
Muslo Entero;147;1;1105.9878818027653
Pechuga Completa;147;1;1630.306046255216
Ala Completa;147;1;565.0435456092636
Media Pechuga;147;1;2324.712492843211
Blanqueta;147;1;0.0
Alón;147;1;0.0
Punta;147;1;0.0
Jamoncito;147;1;637.7871044463359
Medio Muslo;147;1;1505.8817204301074
Entero;148;1;303.0922318171104
Medio Pollo;148;1;576.0387393654598
Medio Pollo Superior;148;1;772.3002189476117
Medio Pollo Inferior;148;1;820.7799919085624
Cuarto de Pollo Superior;148;1;943.2592027912897
Muslo Entero;148;1;765.4036145501101
Pechuga Completa;148;1;1410.3870967741937
Ala Completa;148;1;812.6056185401429
Media Pechuga;148;1;1540.6176027146437
Blanqueta;148;1;0.0
Alón;148;1;0.0
Punta;148;1;0.0
Jamoncito;148;1;997.065105489276
Medio Muslo;148;1;1263.524281725191
Entero;149;1;549.6886273410307
Medio Pollo;149;1;378.4448708988882
Medio Pollo Superior;149;1;675.8522754743598
Medio Pollo Inferior;149;1;775.948271751078
Cuarto de Pollo Superior;149;1;1105.5650305013341
Muslo Entero;149;1;968.1651894268331
Pechuga Completa;149;1;1410.3870967741937
Ala Completa;149;1;463.66716267768146
Media Pechuga;149;1;1927.514596157961
Blanqueta;149;1;0.0
Alón;149;1;0.0
Punta;149;1;0.0
Jamoncito;149;1;727.9938741482362
Medio Muslo;149;1;1400.9258165489996
Entero;150;1;505.93893522268735
Medio Pollo;150;1;481.79824345268906
Medio Pollo Superior;150;1;761.7106135312558
Medio Pollo Inferior;150;1;586.9353084530435
Cuarto de Pollo Superior;150;1;655.7258427699476
Muslo Entero;150;1;1207.43624757719
Pechuga Completa;150;1;856.181441075323
Ala Completa;150;1;577.710941109775
Media Pechuga;150;1;1734.3225806451615
Blanqueta;150;1;0.0
Alón;150;1;0.0
Punta;150;1;0.0
Jamoncito;150;1;573.0309356081531
Medio Muslo;150;1;1963.0851821911751
Entero;151;1;626.0850781709016
Medio Pollo;151;1;763.0030209739998
Medio Pollo Superior;151;1;754.2104092103235
Medio Pollo Inferior;151;1;513.0653854068911
Cuarto de Pollo Superior;151;1;874.4429407975617
Muslo Entero;151;1;814.9380485087464
Pechuga Completa;151;1;1733.909285898732
Ala Completa;151;1;826.3000851345394
Media Pechuga;151;1;1492.2233434053037
Blanqueta;151;1;0.0
Alón;151;1;0.0
Punta;151;1;0.0
Jamoncito;151;1;555.162282037502
Medio Muslo;151;1;1797.6527010889147
Entero;152;1;491.7487563774339
Medio Pollo;152;1;694.4429552859696
Medio Pollo Superior;152;1;939.0440528274668
Medio Pollo Inferior;152;1;460.57270098871385
Cuarto de Pollo Superior;152;1;1096.750993717181
Muslo Entero;152;1;792.1422512940431
Pechuga Completa;152;1;1629.9886051731985
Ala Completa;152;1;855.0369685196532
Media Pechuga;152;1;1954.8046110791704
Blanqueta;152;1;0.0
Alón;152;1;0.0
Punta;152;1;0.0
Jamoncito;152;1;1223.0373594088544
Medio Muslo;152;1;1125.4571797360418
Entero;153;1;299.6939214365955
Medio Pollo;153;1;389.62577656761954
Medio Pollo Superior;153;1;497.94482407981906
Medio Pollo Inferior;153;1;819.8151002045441
Cuarto de Pollo Superior;153;1;755.8820619504693
Muslo Entero;153;1;554.8140653222559
Pechuga Completa;153;1;1614.7838918753237
Ala Completa;153;1;939.7461992345021
Media Pechuga;153;1;1246.4192857746377
Blanqueta;153;1;0.0
Alón;153;1;0.0
Punta;153;1;0.0
Jamoncito;153;1;721.5122193727016
Medio Muslo;153;1;1419.2964763527473
Entero;154;1;463.0000000003347
Medio Pollo;154;1;561.9234936236699
Medio Pollo Superior;154;1;665.5096716993207
Medio Pollo Inferior;154;1;588.4790281406482
Cuarto de Pollo Superior;154;1;840.8294416934712
Muslo Entero;154;1;935.902071445183
Pechuga Completa;154;1;1216.1088985954473
Ala Completa;154;1;925.0724252015838
Media Pechuga;154;1;1886.358962137909
Blanqueta;154;1;-1.9761860186671037e-11
Alón;154;1;-9.701276818911236e-12
Punta;154;1;-2.874452390788514e-12
Jamoncito;154;1;681.5018296503634
Medio Muslo;154;1;1526.1439312671346
Entero;155;1;358.3504886132587
Medio Pollo;155;1;468.3581316922864
Medio Pollo Superior;155;1;540.4506279233218
Medio Pollo Inferior;155;1;670.0259548709272
Cuarto de Pollo Superior;155;1;1281.5342693920738
Muslo Entero;155;1;906.498661227984
Pechuga Completa;155;1;939.4569743567573
Ala Completa;155;1;575.2021842569237
Media Pechuga;155;1;2211.069899258379
Blanqueta;155;1;0.0
Alón;155;1;0.0
Punta;155;1;0.0
Jamoncito;155;1;867.9548468341319
Medio Muslo;155;1;1226.6882780259195
Entero;156;1;564.1871697958633
Medio Pollo;156;1;513.0789789579457
Medio Pollo Superior;156;1;505.2778237665448
Medio Pollo Inferior;156;1;664.5038019883166
Cuarto de Pollo Superior;156;1;785.3529335715484
Muslo Entero;156;1;771.0028452315252
Pechuga Completa;156;1;1684.8848134638376
Ala Completa;156;1;693.6543255097511
Media Pechuga;156;1;1671.4003092999235
Blanqueta;156;1;0.0
Alón;156;1;0.0
Punta;156;1;0.0
Jamoncito;156;1;1138.4776862343604
Medio Muslo;156;1;1682.2729061491605
Entero;157;1;404.6300610260443
Medio Pollo;157;1;588.0314631695904
Medio Pollo Superior;157;1;897.1284233085037
Medio Pollo Inferior;157;1;693.715555625369
Cuarto de Pollo Superior;157;1;911.9702366485487
Muslo Entero;157;1;1091.0586832824968
Pechuga Completa;157;1;1607.2989927871872
Ala Completa;157;1;833.2252387135965
Media Pechuga;157;1;1839.1106858187086
Blanqueta;157;1;0.0
Alón;157;1;0.0
Punta;157;1;0.0
Jamoncito;157;1;1156.989327273411
Medio Muslo;157;1;1112.0954881657315
Entero;158;1;436.4777750188279
Medio Pollo;158;1;754.9442129132804
Medio Pollo Superior;158;1;1002.3294746668488
Medio Pollo Inferior;158;1;701.8037419357564
Cuarto de Pollo Superior;158;1;826.1139773161985
Muslo Entero;158;1;1118.9260321076188
Pechuga Completa;158;1;1599.5806451612902
Ala Completa;158;1;644.2562854983112
Media Pechuga;158;1;1924.0
Blanqueta;158;1;0.0
Alón;158;1;0.0
Punta;158;1;0.0
Jamoncito;158;1;652.9586882219128
Medio Muslo;158;1;1796.9107545284367
Entero;159;1;313.7469530965901
Medio Pollo;159;1;396.26389632814266
Medio Pollo Superior;159;1;662.0202838770707
Medio Pollo Inferior;159;1;936.8563385895154
Cuarto de Pollo Superior;159;1;1038.794865618087
Muslo Entero;159;1;865.137261790028
Pechuga Completa;159;1;1410.3870967741937
Ala Completa;159;1;954.0631275442847
Media Pechuga;159;1;1380.742806790828
Blanqueta;159;1;0.0
Alón;159;1;0.0
Punta;159;1;0.0
Jamoncito;159;1;1074.6256924566271
Medio Muslo;159;1;1269.7259494407808
Entero;160;1;404.033075279693
Medio Pollo;160;1;609.9136401264738
Medio Pollo Superior;160;1;1084.629592584715
Medio Pollo Inferior;160;1;657.0202691684628
Cuarto de Pollo Superior;160;1;609.8158584223596
Muslo Entero;160;1;875.1543435142928
Pechuga Completa;160;1;1410.3870967741937
Ala Completa;160;1;653.2547976229944
Media Pechuga;160;1;2157.639538509764
Blanqueta;160;1;0.0
Alón;160;1;0.0
Punta;160;1;0.0
Jamoncito;160;1;922.0783508990963
Medio Muslo;160;1;1235.5471745556133
Entero;161;1;568.7823167564567
Medio Pollo;161;1;554.8239628754177
Medio Pollo Superior;161;1;984.9528760720785
Medio Pollo Inferior;161;1;876.4790668387569
Cuarto de Pollo Superior;161;1;1315.8605891017733
Muslo Entero;161;1;1184.2208127470553
Pechuga Completa;161;1;1079.4660620231627
Ala Completa;161;1;678.2472031748064
Media Pechuga;161;1;1572.6499127639245
Blanqueta;161;1;0.0
Alón;161;1;0.0
Punta;161;1;0.0
Jamoncito;161;1;974.5129719965108
Medio Muslo;161;1;1624.8887775598557
Entero;162;1;590.1717794144029
Medio Pollo;162;1;645.7437861115249
Medio Pollo Superior;162;1;816.9055179684278
Medio Pollo Inferior;162;1;931.0082539593246
Cuarto de Pollo Superior;162;1;1100.5328303989772
Muslo Entero;162;1;1215.5189400691677
Pechuga Completa;162;1;1552.1145831381277
Ala Completa;162;1;529.9275077472303
Media Pechuga;162;1;1185.5308260295428
Blanqueta;162;1;0.0
Alón;162;1;0.0
Punta;162;1;0.0
Jamoncito;162;1;1121.7982781256444
Medio Muslo;162;1;1913.4276925281426
Entero;163;1;337.61752808679455
Medio Pollo;163;1;580.9758529995942
Medio Pollo Superior;163;1;959.8802763689635
Medio Pollo Inferior;163;1;688.6970747301798
Cuarto de Pollo Superior;163;1;1377.1018938717752
Muslo Entero;163;1;1151.0433868071368
Pechuga Completa;163;1;1558.9354838709678
Ala Completa;163;1;910.8939232555366
Media Pechuga;163;1;1172.3613477573251
Blanqueta;163;1;0.0
Alón;163;1;0.0
Punta;163;1;0.0
Jamoncito;163;1;569.192091234674
Medio Muslo;163;1;1573.3856639521146
Entero;164;1;343.5646494804266
Medio Pollo;164;1;659.3662725445517
Medio Pollo Superior;164;1;592.634965091579
Medio Pollo Inferior;164;1;761.1729837366468
Cuarto de Pollo Superior;164;1;729.2985018277554
Muslo Entero;164;1;1003.2741935483871
Pechuga Completa;164;1;1101.2486168813678
Ala Completa;164;1;473.54153958711777
Media Pechuga;164;1;2059.655341407368
Blanqueta;164;1;0.0
Alón;164;1;0.0
Punta;164;1;0.0
Jamoncito;164;1;815.8929479084368
Medio Muslo;164;1;966.3230838598561
Entero;165;1;407.6964801418027
Medio Pollo;165;1;742.9357554818963
Medio Pollo Superior;165;1;498.4232984191612
Medio Pollo Inferior;165;1;716.3137979181894
Cuarto de Pollo Superior;165;1;1107.8020601961468
Muslo Entero;165;1;745.7903225806452
Pechuga Completa;165;1;1570.9771895702454
Ala Completa;165;1;714.9666720109071
Media Pechuga;165;1;1548.7675664844012
Blanqueta;165;1;0.0
Alón;165;1;0.0
Punta;165;1;0.0
Jamoncito;165;1;1216.6234715645446
Medio Muslo;165;1;1394.0867824466384
Entero;166;1;622.0719011787668
Medio Pollo;166;1;411.555686787672
Medio Pollo Superior;166;1;826.5093892035894
Medio Pollo Inferior;166;1;542.4648505109735
Cuarto de Pollo Superior;166;1;1146.5727674067703
Muslo Entero;166;1;824.3906830302204
Pechuga Completa;166;1;951.5444337058794
Ala Completa;166;1;770.7804168160023
Media Pechuga;166;1;1312.2729550769436
Blanqueta;166;1;0.0
Alón;166;1;0.0
Punta;166;1;4.461934052064901e-12
Jamoncito;166;1;926.1875082803945
Medio Muslo;166;1;2033.7928719633849
Entero;167;1;423.03637874885743
Medio Pollo;167;1;762.198272496738
Medio Pollo Superior;167;1;818.7184154501173
Medio Pollo Inferior;167;1;719.8396679978794
Cuarto de Pollo Superior;167;1;1374.2822976087211
Muslo Entero;167;1;992.583840468342
Pechuga Completa;167;1;1192.5221569965495
Ala Completa;167;1;633.6451612903224
Media Pechuga;167;1;1997.5835652542282
Blanqueta;167;1;0.0
Alón;167;1;0.0
Punta;167;1;0.0
Jamoncito;167;1;928.76729189421
Medio Muslo;167;1;1585.1987171220146
Entero;168;1;339.2551654511432
Medio Pollo;168;1;576.5
Medio Pollo Superior;168;1;1024.9661748595067
Medio Pollo Inferior;168;1;547.610591950571
Cuarto de Pollo Superior;168;1;1221.0047626735554
Muslo Entero;168;1;935.5738635982118
Pechuga Completa;168;1;1636.16190067198
Ala Completa;168;1;612.1612903225807
Media Pechuga;168;1;1465.6647074048005
Blanqueta;168;1;0.0
Alón;168;1;0.0
Punta;168;1;0.0
Jamoncito;168;1;1121.9443832492261
Medio Muslo;168;1;1045.9180890634632
Entero;1;2;277.8973020753246
Medio Pollo;1;2;520.5
Medio Pollo Superior;1;2;738.5806451612904
Medio Pollo Inferior;1;2;549.4898731692841
Cuarto de Pollo Superior;1;2;780.3645202831533
Muslo Entero;1;2;617.7811714027952
Pechuga Completa;1;2;1332.6774193552424
Ala Completa;1;2;595.3548387097569
Media Pechuga;1;2;1648.0967741935422
Blanqueta;1;2;0.0
Alón;1;2;0.0
Punta;1;2;0.0
Jamoncito;1;2;767.6934248543114
Medio Muslo;1;2;1112.9734315305316
Entero;2;2;557.1026979230312
Medio Pollo;2;2;314.11463977670564
Medio Pollo Superior;2;2;760.5806451612904
Medio Pollo Inferior;2;2;808.0585139274784
Cuarto de Pollo Superior;2;2;1160.893544232976
Muslo Entero;2;2;931.3201266032872
Pechuga Completa;2;2;1386.6774193551057
Ala Completa;2;2;500.09208001736147
Media Pechuga;2;2;1399.4402109912676
Blanqueta;2;2;0.0
Alón;2;2;0.0
Punta;2;2;0.0
Jamoncito;2;2;887.0270052532586
Medio Muslo;2;2;1623.8553937732793
Entero;3;2;420.9999999991784
Medio Pollo;3;2;652.7497701376793
Medio Pollo Superior;3;2;760.5806451612904
Medio Pollo Inferior;3;2;547.5943166251219
Cuarto de Pollo Superior;3;2;709.721629226013
Muslo Entero;3;2;999.2295917378399
Pechuga Completa;3;2;1386.6774193549697
Ala Completa;3;2;619.4874963607016
Media Pechuga;3;2;1383.1570127438501
Blanqueta;3;2;2.2883700673234524e-12
Alón;3;2;2.92857896788351e-12
Punta;3;2;3.631799312855623e-12
Jamoncito;3;2;532.0576407704028
Medio Muslo;3;2;1428.64212590338
Entero;4;2;334.1669135217248
Medio Pollo;4;2;632.8089713691874
Medio Pollo Superior;4;2;753.7573467500207
Medio Pollo Inferior;4;2;462.8043314604889
Cuarto de Pollo Superior;4;2;892.8609162928897
Muslo Entero;4;2;569.4193007647132
Pechuga Completa;4;2;942.3058358370128
Ala Completa;4;2;753.484939751099
Media Pechuga;4;2;1199.8509302574714
Blanqueta;4;2;1.6139990401075787e-12
Alón;4;2;2.8252945385975864e-12
Punta;4;2;0.0
Jamoncito;4;2;651.584676057426
Medio Muslo;4;2;1729.2755282192438
Entero;5;2;315.6173440786538
Medio Pollo;5;2;542.3266187171319
Medio Pollo Superior;5;2;767.40394357256
Medio Pollo Inferior;5;2;472.6824572942228
Cuarto de Pollo Superior;5;2;999.7288583382309
Muslo Entero;5;2;668.7774976053958
Pechuga Completa;5;2;1543.9659824749976
Ala Completa;5;2;624.3548387097295
Media Pechuga;5;2;1069.6684676658704
Blanqueta;5;2;2.067786787097451e-12
Alón;5;2;3.635659192727872e-12
Punta;5;2;0.0
Jamoncito;5;2;709.3733829090897
Medio Muslo;5;2;907.5687517258575
Entero;6;2;460.7114161710209
Medio Pollo;6;2;535.5
Medio Pollo Superior;6;2;645.1648656043136
Medio Pollo Inferior;6;2;738.379546210877
Cuarto de Pollo Superior;6;2;1113.300661513131
Muslo Entero;6;2;669.6587757100118
Pechuga Completa;6;2;1174.8525975254581
Ala Completa;6;2;483.0195136216608
Media Pechuga;6;2;2050.0193026728944
Blanqueta;6;2;1.2579436330286456e-12
Alón;6;2;2.716789954120705e-12
Punta;6;2;0.0
Jamoncito;6;2;958.2358499055421
Medio Muslo;6;2;1155.2436990741999
Entero;7;2;573.5043262253134
Medio Pollo;7;2;432.9232994364606
Medio Pollo Superior;7;2;875.9964247182676
Medio Pollo Inferior;7;2;631.824797264316
Cuarto de Pollo Superior;7;2;874.3367477363967
Muslo Entero;7;2;1039.4640018592897
Pechuga Completa;7;2;983.7952813660412
Ala Completa;7;2;735.6964907872803
Media Pechuga;7;2;1190.09827255519
Blanqueta;7;2;1.7328144535308543e-12
Alón;7;2;1.5100002755805653e-13
Punta;7;2;0.0
Jamoncito;7;2;1117.941583275541
Medio Muslo;7;2;1452.406696962912
Entero;8;2;254.18575181098112
Medio Pollo;8;2;489.4329510346328
Medio Pollo Superior;8;2;445.93729552624046
Medio Pollo Inferior;8;2;597.6346097018492
Cuarto de Pollo Superior;8;2;1248.4535935614717
Muslo Entero;8;2;726.473918023365
Pechuga Completa;8;2;1015.5326538592278
Ala Completa;8;2;374.7696927022443
Media Pechuga;8;2;1717.242643637241
Blanqueta;8;2;2.0944987392756463e-12
Alón;8;2;0.0
Punta;8;2;0.0
Jamoncito;8;2;1069.9681574044948
Medio Muslo;8;2;2005.37028168573
Entero;9;2;479.8230702424832
Medio Pollo;9;2;430.8341107441539
Medio Pollo Superior;9;2;998.1413370367258
Medio Pollo Inferior;9;2;732.3507767009696
Cuarto de Pollo Superior;9;2;768.7115413538382
Muslo Entero;9;2;903.8592303464993
Pechuga Completa;9;2;1741.9512950319918
Ala Completa;9;2;590.318026533899
Media Pechuga;9;2;1219.0239712219654
Blanqueta;9;2;2.264105663385714e-12
Alón;9;2;0.0
Punta;9;2;0.0
Jamoncito;9;2;691.342424080908
Medio Muslo;9;2;882.8500726064307
Entero;10;2;449.16600598495
Medio Pollo;10;2;536.4280254353965
Medio Pollo Superior;10;2;837.6633029209063
Medio Pollo Inferior;10;2;558.1963547529322
Cuarto de Pollo Superior;10;2;821.7989924682599
Muslo Entero;10;2;710.5532285761275
Pechuga Completa;10;2;879.3681622541106
Ala Completa;10;2;601.1325126126674
Media Pechuga;10;2;1828.1145320388493
Blanqueta;10;2;0.0
Alón;10;2;0.0
Punta;10;2;0.0
Jamoncito;10;2;554.4293653290729
Medio Muslo;10;2;1391.627005334809
Entero;11;2;397.1370224009086
Medio Pollo;11;2;317.8872198600002
Medio Pollo Superior;11;2;630.7222795289249
Medio Pollo Inferior;11;2;741.8621546980082
Cuarto de Pollo Superior;11;2;1315.2815704487666
Muslo Entero;11;2;859.6541215995795
Pechuga Completa;11;2;1620.5412292165688
Ala Completa;11;2;766.8615854697181
Media Pechuga;11;2;2146.7922619087994
Blanqueta;11;2;0.0
Alón;11;2;0.0
Punta;11;2;0.0
Jamoncito;11;2;669.0064126931136
Medio Muslo;11;2;1645.1878034188856
Entero;12;2;469.28031898959625
Medio Pollo;12;2;431.8063089249277
Medio Pollo Superior;12;2;457.92891242210624
Medio Pollo Inferior;12;2;679.8935381216348
Cuarto de Pollo Superior;12;2;859.7312888165687
Muslo Entero;12;2;1093.6971971823011
Pechuga Completa;12;2;1533.5377617124384
Ala Completa;12;2;561.1968208780409
Media Pechuga;12;2;1345.0039151061587
Blanqueta;12;2;0.0
Alón;12;2;0.0
Punta;12;2;0.0
Jamoncito;12;2;619.2143676923876
Medio Muslo;12;2;1011.113396765905
Entero;13;2;296.57709979864035
Medio Pollo;13;2;522.256858026468
Medio Pollo Superior;13;2;462.9391221990975
Medio Pollo Inferior;13;2;608.5618180825236
Cuarto de Pollo Superior;13;2;756.6140318960669
Muslo Entero;13;2;571.7469543386271
Pechuga Completa;13;2;1522.5538700929876
Ala Completa;13;2;562.4827040212095
Media Pechuga;13;2;1467.5125492917884
Blanqueta;13;2;0.0
Alón;13;2;0.0
Punta;13;2;0.0
Jamoncito;13;2;1076.0255756916179
Medio Muslo;13;2;1235.2253768552034
Entero;14;2;563.9997820071518
Medio Pollo;14;2;554.2797413213458
Medio Pollo Superior;14;2;600.5241267122348
Medio Pollo Inferior;14;2;715.4369064725432
Cuarto de Pollo Superior;14;2;1047.8437489902294
Muslo Entero;14;2;1169.6314288548492
Pechuga Completa;14;2;1392.2778939874715
Ala Completa;14;2;831.0697718899958
Media Pechuga;14;2;2240.900171619584
Blanqueta;14;2;0.0
Alón;14;2;0.0
Punta;14;2;0.0
Jamoncito;14;2;499.1985460210299
Medio Muslo;14;2;1458.5020675962485
Entero;15;2;416.8151582639963
Medio Pollo;15;2;376.4147941361965
Medio Pollo Superior;15;2;543.7296630480444
Medio Pollo Inferior;15;2;890.1358036371829
Cuarto de Pollo Superior;15;2;1201.2853007910876
Muslo Entero;15;2;542.9633777466232
Pechuga Completa;15;2;1765.5985752479567
Ala Completa;15;2;480.0721706786472
Media Pechuga;15;2;1618.0017437444349
Blanqueta;15;2;0.0
Alón;15;2;0.0
Punta;15;2;0.0
Jamoncito;15;2;877.7851730659655
Medio Muslo;15;2;894.8412130169623
Entero;16;2;337.45765982201385
Medio Pollo;16;2;562.8850679143248
Medio Pollo Superior;16;2;889.6736241338606
Medio Pollo Inferior;16;2;741.0293443750058
Cuarto de Pollo Superior;16;2;785.166016282338
Muslo Entero;16;2;745.485867477672
Pechuga Completa;16;2;1472.4783825173042
Ala Completa;16;2;722.2384524078985
Media Pechuga;16;2;1381.780595163002
Blanqueta;16;2;0.0
Alón;16;2;0.0
Punta;16;2;0.0
Jamoncito;16;2;820.3025525968535
Medio Muslo;16;2;1981.5295720380625
Entero;17;2;294.7231337872225
Medio Pollo;17;2;709.6671491383127
Medio Pollo Superior;17;2;1014.5588559245974
Medio Pollo Inferior;17;2;577.7778608434903
Cuarto de Pollo Superior;17;2;1236.8987710274382
Muslo Entero;17;2;579.2588999577755
Pechuga Completa;17;2;1136.1805756936983
Ala Completa;17;2;638.3928384920106
Media Pechuga;17;2;2121.437927185417
Blanqueta;17;2;0.0
Alón;17;2;0.0
Punta;17;2;0.0
Jamoncito;17;2;802.0236422696738
Medio Muslo;17;2;2034.3918484301657
Entero;18;2;374.56319081926534
Medio Pollo;18;2;467.15040948887787
Medio Pollo Superior;18;2;805.258729803815
Medio Pollo Inferior;18;2;651.025313983395
Cuarto de Pollo Superior;18;2;915.3915332668771
Muslo Entero;18;2;675.5170449931863
Pechuga Completa;18;2;1201.5625253008961
Ala Completa;18;2;769.3623231312059
Media Pechuga;18;2;2050.704524493355
Blanqueta;18;2;0.0
Alón;18;2;0.0
Punta;18;2;0.0
Jamoncito;18;2;972.3110949152108
Medio Muslo;18;2;1042.6192831841586
Entero;19;2;351.79222304838225
Medio Pollo;19;2;421.19906839190406
Medio Pollo Superior;19;2;511.9207985453667
Medio Pollo Inferior;19;2;552.6117513954072
Cuarto de Pollo Superior;19;2;999.7112467584896
Muslo Entero;19;2;831.1446533992586
Pechuga Completa;19;2;1240.5237885315428
Ala Completa;19;2;624.3548387097308
Media Pechuga;19;2;1963.934044126219
Blanqueta;19;2;0.0
Alón;19;2;0.0
Punta;19;2;0.0
Jamoncito;19;2;587.3664104766019
Medio Muslo;19;2;1759.2754402572864
Entero;20;2;352.025549855578
Medio Pollo;20;2;711.874789348571
Medio Pollo Superior;20;2;448.1199935368011
Medio Pollo Inferior;20;2;845.9731052933195
Cuarto de Pollo Superior;20;2;1221.486131878482
Muslo Entero;20;2;609.7385243147442
Pechuga Completa;20;2;1838.445480550795
Ala Completa;20;2;611.3915410647691
Media Pechuga;20;2;1833.5287394387778
Blanqueta;20;2;0.0
Alón;20;2;0.0
Punta;20;2;0.0
Jamoncito;20;2;908.9424497876498
Medio Muslo;20;2;1876.6035726561577
Entero;21;2;529.2460776000689
Medio Pollo;21;2;424.31874887006336
Medio Pollo Superior;21;2;447.8943236509699
Medio Pollo Inferior;21;2;784.2131822578065
Cuarto de Pollo Superior;21;2;846.0803282219704
Muslo Entero;21;2;1077.0593434898046
Pechuga Completa;21;2;1144.0473023970862
Ala Completa;21;2;637.3181363546947
Media Pechuga;21;2;2115.759569355779
Blanqueta;21;2;0.0
Alón;21;2;0.0
Punta;21;2;0.0
Jamoncito;21;2;954.8826782863582
Medio Muslo;21;2;1523.9282419741733
Entero;22;2;384.00456954088736
Medio Pollo;22;2;441.99217391989976
Medio Pollo Superior;22;2;865.6302391887386
Medio Pollo Inferior;22;2;939.9639785556774
Cuarto de Pollo Superior;22;2;1140.23665280547
Muslo Entero;22;2;1125.0130942225499
Pechuga Completa;22;2;1138.058490709193
Ala Completa;22;2;399.6752259325857
Media Pechuga;22;2;1990.5770018801918
Blanqueta;22;2;0.0
Alón;22;2;0.0
Punta;22;2;0.0
Jamoncito;22;2;883.5347499374706
Medio Muslo;22;2;1516.4696932057648
Entero;23;2;421.7285319734845
Medio Pollo;23;2;752.4798858037071
Medio Pollo Superior;23;2;806.9553295503981
Medio Pollo Inferior;23;2;609.8222458215399
Cuarto de Pollo Superior;23;2;1003.2867170833199
Muslo Entero;23;2;742.8859378187038
Pechuga Completa;23;2;1546.802947358803
Ala Completa;23;2;669.7167035598694
Media Pechuga;23;2;1507.9178046584627
Blanqueta;23;2;0.0
Alón;23;2;0.0
Punta;23;2;0.0
Jamoncito;23;2;796.6509882339458
Medio Muslo;23;2;1122.6607379862135
Entero;24;2;396.36713847992786
Medio Pollo;24;2;383.76311230435573
Medio Pollo Superior;24;2;632.5483466518042
Medio Pollo Inferior;24;2;665.5976896380669
Cuarto de Pollo Superior;24;2;913.6221083417823
Muslo Entero;24;2;970.0510151020109
Pechuga Completa;24;2;1400.2189614586132
Ala Completa;24;2;741.6539647704242
Media Pechuga;24;2;1411.0927107473185
Blanqueta;24;2;0.0
Alón;24;2;0.0
Punta;24;2;0.0
Jamoncito;24;2;704.1313140615639
Medio Muslo;24;2;2029.4418475508141
Entero;25;2;488.87777642522434
Medio Pollo;25;2;757.4532930844653
Medio Pollo Superior;25;2;888.4154353921225
Medio Pollo Inferior;25;2;438.01946571874066
Cuarto de Pollo Superior;25;2;627.5915728458025
Muslo Entero;25;2;832.1556247809707
Pechuga Completa;25;2;1612.3036326858105
Ala Completa;25;2;681.6670205768997
Media Pechuga;25;2;1074.6595446276106
Blanqueta;25;2;0.0
Alón;25;2;0.0
Punta;25;2;0.0
Jamoncito;25;2;635.6028576467029
Medio Muslo;25;2;1267.2289641037146
Entero;26;2;473.433454351527
Medio Pollo;26;2;503.60752432881685
Medio Pollo Superior;26;2;463.68529537009675
Medio Pollo Inferior;26;2;748.8673835301034
Cuarto de Pollo Superior;26;2;666.0085164810208
Muslo Entero;26;2;806.0871618670654
Pechuga Completa;26;2;1193.9254301858475
Ala Completa;26;2;447.09613035672226
Media Pechuga;26;2;2168.3571445048915
Blanqueta;26;2;0.0
Alón;26;2;0.0
Punta;26;2;0.0
Jamoncito;26;2;1027.901977935725
Medio Muslo;26;2;1819.8904161000185
Entero;27;2;414.7407216733881
Medio Pollo;27;2;417.2076628254392
Medio Pollo Superior;27;2;864.0260321242567
Medio Pollo Inferior;27;2;886.6705106384611
Cuarto de Pollo Superior;27;2;1276.9986900954452
Muslo Entero;27;2;1253.540155618792
Pechuga Completa;27;2;1653.8827906810857
Ala Completa;27;2;728.4977949976079
Media Pechuga;27;2;1844.0081143779337
Blanqueta;27;2;0.0
Alón;27;2;0.0
Punta;27;2;0.0
Jamoncito;27;2;1147.874640294953
Medio Muslo;27;2;1577.6357964921156
Entero;28;2;515.3209614362363
Medio Pollo;28;2;558.1621845286965
Medio Pollo Superior;28;2;630.0514847391689
Medio Pollo Inferior;28;2;484.26844937245954
Cuarto de Pollo Superior;28;2;1354.1757948597224
Muslo Entero;28;2;1027.9821748090078
Pechuga Completa;28;2;1424.9659726814543
Ala Completa;28;2;370.8400888570986
Media Pechuga;28;2;1637.277987977675
Blanqueta;28;2;0.0
Alón;28;2;0.0
Punta;28;2;0.0
Jamoncito;28;2;608.0602567926022
Medio Muslo;28;2;1114.8621226161695
Entero;29;2;297.18342920569086
Medio Pollo;29;2;744.0836406007483
Medio Pollo Superior;29;2;650.640012547921
Medio Pollo Inferior;29;2;730.3390952677601
Cuarto de Pollo Superior;29;2;936.912574770515
Muslo Entero;29;2;1147.3532548217624
Pechuga Completa;29;2;957.82865815433
Ala Completa;29;2;509.4108234605905
Media Pechuga;29;2;1219.7891336491093
Blanqueta;29;2;0.0
Alón;29;2;0.0
Punta;29;2;0.0
Jamoncito;29;2;628.5594112761542
Medio Muslo;29;2;1711.8044362320243
Entero;30;2;526.5185172579879
Medio Pollo;30;2;627.209439024448
Medio Pollo Superior;30;2;891.4912960456753
Medio Pollo Inferior;30;2;722.0129694585451
Cuarto de Pollo Superior;30;2;901.5979876972785
Muslo Entero;30;2;662.5776950048299
Pechuga Completa;30;2;934.8026845187943
Ala Completa;30;2;613.0905429480152
Media Pechuga;30;2;1876.0942344101777
Blanqueta;30;2;0.0
Alón;30;2;0.0
Punta;30;2;0.0
Jamoncito;30;2;623.3181527770861
Medio Muslo;30;2;1989.133192629886
Entero;31;2;614.145848859853
Medio Pollo;31;2;624.6107015093048
Medio Pollo Superior;31;2;863.577487755306
Medio Pollo Inferior;31;2;757.497084497992
Cuarto de Pollo Superior;31;2;1355.8214861496763
Muslo Entero;31;2;1053.41407124782
Pechuga Completa;31;2;944.2828527262845
Ala Completa;31;2;788.3278634879778
Media Pechuga;31;2;2300.0553087258177
Blanqueta;31;2;0.0
Alón;31;2;0.0
Punta;31;2;0.0
Jamoncito;31;2;920.8306285971369
Medio Muslo;31;2;1654.4011298586274
Entero;32;2;329.78364107956406
Medio Pollo;32;2;671.830226518027
Medio Pollo Superior;32;2;774.2492681902812
Medio Pollo Inferior;32;2;786.8143225985764
Cuarto de Pollo Superior;32;2;812.5113376846151
Muslo Entero;32;2;616.655816037741
Pechuga Completa;32;2;1154.2504371384287
Ala Completa;32;2;725.0159813128467
Media Pechuga;32;2;1696.109138697261
Blanqueta;32;2;0.0
Alón;32;2;0.0
Punta;32;2;0.0
Jamoncito;32;2;811.1262598800578
Medio Muslo;32;2;1104.5376344086021
Entero;33;2;559.3294485773555
Medio Pollo;33;2;637.0567088210441
Medio Pollo Superior;33;2;856.7658947537261
Medio Pollo Inferior;33;2;937.7717056699498
Cuarto de Pollo Superior;33;2;1176.7757806918592
Muslo Entero;33;2;915.3864462784685
Pechuga Completa;33;2;1228.2075255494065
Ala Completa;33;2;512.1241879319048
Media Pechuga;33;2;2288.896297855197
Blanqueta;33;2;0.0
Alón;33;2;0.0
Punta;33;2;0.0
Jamoncito;33;2;576.2686198142335
Medio Muslo;33;2;1584.007091508198
Entero;34;2;339.87613178503165
Medio Pollo;34;2;442.9490229935623
Medio Pollo Superior;34;2;626.2069804791482
Medio Pollo Inferior;34;2;514.3525248115625
Cuarto de Pollo Superior;34;2;1002.4458106649677
Muslo Entero;34;2;1280.6060187299947
Pechuga Completa;34;2;1795.4046764884745
Ala Completa;34;2;779.7872269525352
Media Pechuga;34;2;1376.4691516638102
Blanqueta;34;2;0.0
Alón;34;2;0.0
Punta;34;2;0.0
Jamoncito;34;2;630.0564939992411
Medio Muslo;34;2;1809.6229469711766
Entero;35;2;419.4368754076418
Medio Pollo;35;2;734.9698297545704
Medio Pollo Superior;35;2;989.9633563988307
Medio Pollo Inferior;35;2;648.2931007375697
Cuarto de Pollo Superior;35;2;885.0997529131938
Muslo Entero;35;2;824.7541469069283
Pechuga Completa;35;2;1642.1022002144095
Ala Completa;35;2;456.6622660861236
Media Pechuga;35;2;2054.6947039673546
Blanqueta;35;2;0.0
Alón;35;2;0.0
Punta;35;2;0.0
Jamoncito;35;2;1135.1888815080918
Medio Muslo;35;2;1483.1549077571842
Entero;36;2;638.0381293555436
Medio Pollo;36;2;784.1391025737803
Medio Pollo Superior;36;2;496.6779038121543
Medio Pollo Inferior;36;2;708.7877734178818
Cuarto de Pollo Superior;36;2;1131.5358803493298
Muslo Entero;36;2;806.1848313256264
Pechuga Completa;36;2;934.8882430317304
Ala Completa;36;2;679.441939316095
Media Pechuga;36;2;1812.3621935141196
Blanqueta;36;2;0.0
Alón;36;2;0.0
Punta;36;2;0.0
Jamoncito;36;2;1142.0013111310711
Medio Muslo;36;2;1402.9847825216668
Entero;37;2;565.9834294345918
Medio Pollo;37;2;338.12694934518447
Medio Pollo Superior;37;2;492.3089958235781
Medio Pollo Inferior;37;2;787.7832308668126
Cuarto de Pollo Superior;37;2;1122.9764277017912
Muslo Entero;37;2;965.0546220145294
Pechuga Completa;37;2;983.5055160127196
Ala Completa;37;2;659.821118037539
Media Pechuga;37;2;1078.017974247546
Blanqueta;37;2;1.0530690093469405e-12
Alón;37;2;2.0944181585207285e-12
Punta;37;2;0.0
Jamoncito;37;2;956.5546605205109
Medio Muslo;37;2;1462.5938592816447
Entero;38;2;358.07795155775614
Medio Pollo;38;2;408.5
Medio Pollo Superior;38;2;1025.4496167153798
Medio Pollo Inferior;38;2;637.6848689665668
Cuarto de Pollo Superior;38;2;682.060205759704
Muslo Entero;38;2;1096.2023871152574
Pechuga Completa;38;2;1229.721528911113
Ala Completa;38;2;682.9027580041574
Media Pechuga;38;2;1867.8393072987292
Blanqueta;38;2;6.953496743956556e-13
Alón;38;2;1.7114892220046756e-12
Punta;38;2;0.0
Jamoncito;38;2;561.2914256125367
Medio Muslo;38;2;1672.6360199557719
Entero;39;2;492.1790077153246
Medio Pollo;39;2;544.7302495072279
Medio Pollo Superior;39;2;502.6361463842454
Medio Pollo Inferior;39;2;655.5813102965009
Cuarto de Pollo Superior;39;2;1037.5500113738879
Muslo Entero;39;2;731.3433763681612
Pechuga Completa;39;2;1375.5117524136592
Ala Completa;39;2;414.1861569103619
Media Pechuga;39;2;2155.8278230115643
Blanqueta;39;2;0.0
Alón;39;2;0.0
Punta;39;2;0.0
Jamoncito;39;2;941.2619817099886
Medio Muslo;39;2;1713.5380264129594
Entero;40;2;503.4002633242725
Medio Pollo;40;2;692.8097798693971
Medio Pollo Superior;40;2;786.6599397418975
Medio Pollo Inferior;40;2;939.3877261385393
Cuarto de Pollo Superior;40;2;1114.0117575940467
Muslo Entero;40;2;606.8018452710537
Pechuga Completa;40;2;1570.3112121656259
Ala Completa;40;2;638.7828668278
Media Pechuga;40;2;1347.01007828579
Blanqueta;40;2;0.0
Alón;40;2;0.0
Punta;40;2;0.0
Jamoncito;40;2;1121.421972963404
Medio Muslo;40;2;1357.225806451613
Entero;41;2;468.67432114183026
Medio Pollo;41;2;496.95997062337506
Medio Pollo Superior;41;2;838.1893008249638
Medio Pollo Inferior;41;2;678.4878340979283
Cuarto de Pollo Superior;41;2;1200.6706891791748
Muslo Entero;41;2;887.1022187752195
Pechuga Completa;41;2;921.0281227138344
Ala Completa;41;2;790.1413158345063
Media Pechuga;41;2;1207.1077508835772
Blanqueta;41;2;0.0
Alón;41;2;0.0
Punta;41;2;0.0
Jamoncito;41;2;722.931767950677
Medio Muslo;41;2;1492.4408602150538
Entero;42;2;477.6970104990491
Medio Pollo;42;2;419.68716173985615
Medio Pollo Superior;42;2;1056.4508932998754
Medio Pollo Inferior;42;2;849.4988298269332
Cuarto de Pollo Superior;42;2;1061.900884480284
Muslo Entero;42;2;668.8770479902834
Pechuga Completa;42;2;1193.1268944364338
Ala Completa;42;2;514.8811923356492
Media Pechuga;42;2;1386.412914547196
Blanqueta;42;2;0.0
Alón;42;2;0.0
Punta;42;2;0.0
Jamoncito;42;2;845.7439115306721
Medio Muslo;42;2;1392.7096774193546
Entero;43;2;461.4107964642136
Medio Pollo;43;2;596.9188841529509
Medio Pollo Superior;43;2;813.1180566401038
Medio Pollo Inferior;43;2;711.2196083200188
Cuarto de Pollo Superior;43;2;921.4841850103036
Muslo Entero;43;2;1172.877023982663
Pechuga Completa;43;2;1821.8815598790584
Ala Completa;43;2;396.0365010688488
Media Pechuga;43;2;2227.2144842726093
Blanqueta;43;2;6.358680386229147e-13
Alón;43;2;0.0
Punta;43;2;0.0
Jamoncito;43;2;854.5741958116772
Medio Muslo;43;2;1380.967072125461
Entero;44;2;357.43227889981733
Medio Pollo;44;2;729.2175362176
Medio Pollo Superior;44;2;839.7108609137736
Medio Pollo Inferior;44;2;693.613303599714
Cuarto de Pollo Superior;44;2;1130.5269118088822
Muslo Entero;44;2;1185.9952188458217
Pechuga Completa;44;2;954.6077705190432
Ala Completa;44;2;387.1549101463983
Media Pechuga;44;2;1063.482928945227
Blanqueta;44;2;0.0
Alón;44;2;0.0
Punta;44;2;0.0
Jamoncito;44;2;648.002204561217
Medio Muslo;44;2;1635.903895616474
Entero;45;2;351.7602051043707
Medio Pollo;45;2;522.7221551056911
Medio Pollo Superior;45;2;787.1278487636459
Medio Pollo Inferior;45;2;629.7551662413691
Cuarto de Pollo Superior;45;2;745.5425749538068
Muslo Entero;45;2;876.6968171538944
Pechuga Completa;45;2;1539.6546144859167
Ala Completa;45;2;789.7496093714819
Media Pechuga;45;2;1250.9075693617888
Blanqueta;45;2;0.0
Alón;45;2;0.0
Punta;45;2;0.0
Jamoncito;45;2;1048.0024289533656
Medio Muslo;45;2;907.6069550067537
Entero;46;2;380.5793495401191
Medio Pollo;46;2;396.1349720432765
Medio Pollo Superior;46;2;813.4193548387098
Medio Pollo Inferior;46;2;696.1114718631642
Cuarto de Pollo Superior;46;2;806.905030284888
Muslo Entero;46;2;689.1774193548388
Pechuga Completa;46;2;1459.0167456843496
Ala Completa;46;2;763.4871692356779
Media Pechuga;46;2;1941.870410781728
Blanqueta;46;2;0.0
Alón;46;2;0.0
Punta;46;2;0.0
Jamoncito;46;2;1123.8053156298072
Medio Muslo;46;2;1541.8977105071244
Entero;47;2;287.46003255336933
Medio Pollo;47;2;630.8192907406253
Medio Pollo Superior;47;2;481.6109263797373
Medio Pollo Inferior;47;2;632.9100917395801
Cuarto de Pollo Superior;47;2;713.8431847935188
Muslo Entero;47;2;756.0645161290323
Pechuga Completa;47;2;1243.5686697650253
Ala Completa;47;2;638.6913186405916
Media Pechuga;47;2;1685.3877380734077
Blanqueta;47;2;0.0
Alón;47;2;0.0
Punta;47;2;0.0
Jamoncito;47;2;643.9161187963509
Medio Muslo;47;2;1515.3542065280267
Entero;48;2;522.367585828141
Medio Pollo;48;2;622.9401029850235
Medio Pollo Superior;48;2;989.7116519863225
Medio Pollo Inferior;48;2;855.0296232644399
Cuarto de Pollo Superior;48;2;1157.407166328937
Muslo Entero;48;2;988.1774193548388
Pechuga Completa;48;2;1782.45486028242
Ala Completa;48;2;728.6905594227419
Media Pechuga;48;2;1253.9617696014784
Blanqueta;48;2;0.0
Alón;48;2;0.0
Punta;48;2;0.0
Jamoncito;48;2;715.8199337354927
Medio Muslo;48;2;1847.6917275627195
Entero;49;2;508.7985763401842
Medio Pollo;49;2;527.5598970161265
Medio Pollo Superior;49;2;902.0096249479254
Medio Pollo Inferior;49;2;804.1158749295383
Cuarto de Pollo Superior;49;2;908.7296839780738
Muslo Entero;49;2;549.8757321231644
Pechuga Completa;49;2;1240.54287966927
Ala Completa;49;2;709.7375564779893
Media Pechuga;49;2;1744.8766934674088
Blanqueta;49;2;0.0
Alón;49;2;0.0
Punta;49;2;0.0
Jamoncito;49;2;932.8950540529535
Medio Muslo;49;2;1575.2483635204742
Entero;50;2;536.0393927894529
Medio Pollo;50;2;731.8773048706379
Medio Pollo Superior;50;2;575.0842107593024
Medio Pollo Inferior;50;2;419.10616014424875
Cuarto de Pollo Superior;50;2;1393.3246049404408
Muslo Entero;50;2;586.6120631805811
Pechuga Completa;50;2;1302.262105633204
Ala Completa;50;2;386.90509959832224
Media Pechuga;50;2;1504.2629975845812
Blanqueta;50;2;0.0
Alón;50;2;0.0
Punta;50;2;0.0
Jamoncito;50;2;597.5514987310884
Medio Muslo;50;2;1456.8999616060837
Entero;51;2;272.49364671166694
Medio Pollo;51;2;692.2627375954225
Medio Pollo Superior;51;2;1044.2761019117659
Medio Pollo Inferior;51;2;607.1662227888997
Cuarto de Pollo Superior;51;2;918.9474355828423
Muslo Entero;51;2;922.0374925800293
Pechuga Completa;51;2;999.5368739233683
Ala Completa;51;2;744.7781406143872
Media Pechuga;51;2;1069.0031940587367
Blanqueta;51;2;0.0
Alón;51;2;0.0
Punta;51;2;0.0
Jamoncito;51;2;820.2482282710631
Medio Muslo;51;2;1482.7634408602148
Entero;52;2;307.6348983266787
Medio Pollo;52;2;301.35995753393956
Medio Pollo Superior;52;2;691.362871252295
Medio Pollo Inferior;52;2;928.3864254101122
Cuarto de Pollo Superior;52;2;831.0202540512994
Muslo Entero;52;2;743.5009286445013
Pechuga Completa;52;2;1059.8356819801288
Ala Completa;52;2;716.9062527948719
Media Pechuga;52;2;2134.0173553253085
Blanqueta;52;2;0.0
Alón;52;2;0.0
Punta;52;2;0.0
Jamoncito;52;2;711.1871542157206
Medio Muslo;52;2;1546.741935483871
Entero;53;2;294.8408465098177
Medio Pollo;53;2;561.765510778452
Medio Pollo Superior;53;2;948.1648872740532
Medio Pollo Inferior;53;2;707.3978211854028
Cuarto de Pollo Superior;53;2;783.8329017644962
Muslo Entero;53;2;970.5029865262017
Pechuga Completa;53;2;1857.7217800267354
Ala Completa;53;2;607.0106818733132
Media Pechuga;53;2;2260.7784714482386
Blanqueta;53;2;0.0
Alón;53;2;0.0
Punta;53;2;0.0
Jamoncito;53;2;657.0298939912417
Medio Muslo;53;2;1543.2868819425587
Entero;54;2;393.2463333773346
Medio Pollo;54;2;640.67618431013
Medio Pollo Superior;54;2;551.0967783332719
Medio Pollo Inferior;54;2;469.13507794872106
Cuarto de Pollo Superior;54;2;814.1718574954022
Muslo Entero;54;2;834.9194755283924
Pechuga Completa;54;2;1901.150532357629
Ala Completa;54;2;552.4563134627357
Media Pechuga;54;2;2309.2576196632126
Blanqueta;54;2;0.0
Alón;54;2;0.0
Punta;54;2;0.0
Jamoncito;54;2;1108.592691161783
Medio Muslo;54;2;1415.7883868746455
Entero;55;2;521.1438321981083
Medio Pollo;55;2;345.31796733907703
Medio Pollo Superior;55;2;725.7439789114875
Medio Pollo Inferior;55;2;960.9077208365705
Cuarto de Pollo Superior;55;2;1087.0071688172243
Muslo Entero;55;2;642.0469143453314
Pechuga Completa;55;2;1170.589996275909
Ala Completa;55;2;406.16029516313716
Media Pechuga;55;2;1425.631108875489
Blanqueta;55;2;0.0
Alón;55;2;0.0
Punta;55;2;0.0
Jamoncito;55;2;886.7049655061538
Medio Muslo;55;2;1260.564489294672
Entero;56;2;406.1794320622394
Medio Pollo;56;2;411.30396692328253
Medio Pollo Superior;56;2;1072.8059310228975
Medio Pollo Inferior;56;2;841.8811690804978
Cuarto de Pollo Superior;56;2;1327.991218078554
Muslo Entero;56;2;883.9687522223629
Pechuga Completa;56;2;1885.074621375597
Ala Completa;56;2;479.30213570089467
Media Pechuga;56;2;1301.206054706248
Blanqueta;56;2;0.0
Alón;56;2;0.0
Punta;56;2;0.0
Jamoncito;56;2;952.1470544423095
Medio Muslo;56;2;1469.2536497547874
Entero;57;2;499.6993642016931
Medio Pollo;57;2;745.7089412395703
Medio Pollo Superior;57;2;639.6081868640841
Medio Pollo Inferior;57;2;511.8048140154812
Cuarto de Pollo Superior;57;2;1162.896568126631
Muslo Entero;57;2;1156.4564204028848
Pechuga Completa;57;2;1814.348507970879
Ala Completa;57;2;416.69668137816666
Media Pechuga;57;2;1529.3327095283735
Blanqueta;57;2;0.0
Alón;57;2;0.0
Punta;57;2;0.0
Jamoncito;57;2;558.617270424805
Medio Muslo;57;2;1596.2678507194564
Entero;58;2;421.5801737088041
Medio Pollo;58;2;497.35681985384383
Medio Pollo Superior;58;2;728.352267875379
Medio Pollo Inferior;58;2;827.5288996657988
Cuarto de Pollo Superior;58;2;1024.6100348197979
Muslo Entero;58;2;703.2147396131527
Pechuga Completa;58;2;1414.070818276868
Ala Completa;58;2;684.668665083404
Media Pechuga;58;2;1444.9163227190634
Blanqueta;58;2;0.0
Alón;58;2;0.0
Punta;58;2;0.0
Jamoncito;58;2;1079.6742801926243
Medio Muslo;58;2;1546.9032575429117
Entero;59;2;284.0493106597668
Medio Pollo;59;2;647.4722815614904
Medio Pollo Superior;59;2;513.6681051526605
Medio Pollo Inferior;59;2;794.6340282542039
Cuarto de Pollo Superior;59;2;960.5474959157193
Muslo Entero;59;2;1094.9821225842359
Pechuga Completa;59;2;1447.6451612903227
Ala Completa;59;2;431.1444466030757
Media Pechuga;59;2;1836.9681922140721
Blanqueta;59;2;0.0
Alón;59;2;0.0
Punta;59;2;0.0
Jamoncito;59;2;1059.991816833473
Medio Muslo;59;2;1148.5167236064046
Entero;60;2;535.3006026538933
Medio Pollo;60;2;468.07779253919267
Medio Pollo Superior;60;2;694.7291819405605
Medio Pollo Inferior;60;2;428.95061395873313
Cuarto de Pollo Superior;60;2;620.2622557472273
Muslo Entero;60;2;601.6400829096933
Pechuga Completa;60;2;1018.3068572468394
Ala Completa;60;2;365.96922161737086
Media Pechuga;60;2;2058.928607149727
Blanqueta;60;2;0.0
Alón;60;2;0.0
Punta;60;2;0.0
Jamoncito;60;2;917.9403992422577
Medio Muslo;60;2;1817.0101581140254
Entero;61;2;535.8674300214906
Medio Pollo;61;2;777.8179803942055
Medio Pollo Superior;61;2;1065.794402339885
Medio Pollo Inferior;61;2;536.9040516500727
Cuarto de Pollo Superior;61;2;895.9069316187822
Muslo Entero;61;2;675.3432132869709
Pechuga Completa;61;2;872.334926092485
Ala Completa;61;2;554.576362647774
Media Pechuga;61;2;1254.5105443193186
Blanqueta;61;2;0.0
Alón;61;2;0.0
Punta;61;2;0.0
Jamoncito;61;2;611.2298314399706
Medio Muslo;61;2;1222.9374398665598
Entero;62;2;553.9354927647657
Medio Pollo;62;2;567.7444249799341
Medio Pollo Superior;62;2;1107.4263498730718
Medio Pollo Inferior;62;2;842.3950549727471
Cuarto de Pollo Superior;62;2;701.1852021659978
Muslo Entero;62;2;534.6653745985747
Pechuga Completa;62;2;1584.5299326916129
Ala Completa;62;2;753.5199814167753
Media Pechuga;62;2;1946.0457908136616
Blanqueta;62;2;0.0
Alón;62;2;0.0
Punta;62;2;0.0
Jamoncito;62;2;606.2206815035538
Medio Muslo;62;2;1742.58944185387
Entero;63;2;494.80633766810126
Medio Pollo;63;2;392.07043966769334
Medio Pollo Superior;63;2;944.1834889637124
Medio Pollo Inferior;63;2;542.2137859544407
Cuarto de Pollo Superior;63;2;980.7090704660325
Muslo Entero;63;2;1041.9052061573568
Pechuga Completa;63;2;925.2044931915785
Ala Completa;63;2;697.2416526948487
Media Pechuga;63;2;1765.579333885907
Blanqueta;63;2;1.1990139644403573e-12
Alón;63;2;0.0
Punta;63;2;0.0
Jamoncito;63;2;584.7056453993
Medio Muslo;63;2;1482.763440860215
Entero;64;2;574.9918999847357
Medio Pollo;64;2;585.1876904166847
Medio Pollo Superior;64;2;819.016215501912
Medio Pollo Inferior;64;2;659.1326599409618
Cuarto de Pollo Superior;64;2;1126.7668240640785
Muslo Entero;64;2;772.4857653013432
Pechuga Completa;64;2;1122.574412328455
Ala Completa;64;2;470.1690235615557
Media Pechuga;64;2;1402.4039531930198
Blanqueta;64;2;1.1861004368045804e-12
Alón;64;2;0.0
Punta;64;2;2.116642215035178e-12
Jamoncito;64;2;934.0032128035281
Medio Muslo;64;2;935.7663535252676
Entero;65;2;459.1026843549856
Medio Pollo;65;2;585.0000000004229
Medio Pollo Superior;65;2;818.6451612903227
Medio Pollo Inferior;65;2;524.1572729305705
Cuarto de Pollo Superior;65;2;1391.1537064782976
Muslo Entero;65;2;763.0286967210462
Pechuga Completa;65;2;1314.3709848234778
Ala Completa;65;2;684.2277987473864
Media Pechuga;65;2;1586.9695700774728
Blanqueta;65;2;1.3228609537351777e-12
Alón;65;2;0.0
Punta;65;2;2.449191071174548e-12
Jamoncito;65;2;1013.7982033082403
Medio Muslo;65;2;1281.8849631451326
Entero;66;2;525.3043923075221
Medio Pollo;66;2;585.0
Medio Pollo Superior;66;2;1058.3492558517364
Medio Pollo Inferior;66;2;613.5333843563799
Cuarto de Pollo Superior;66;2;868.2599907758735
Muslo Entero;66;2;581.9249759500573
Pechuga Completa;66;2;1833.7042773319229
Ala Completa;66;2;860.1190828786805
Media Pechuga;66;2;1373.7735420996194
Blanqueta;66;2;2.0362829108914984e-12
Alón;66;2;0.0
Punta;66;2;1.188787735917165e-12
Jamoncito;66;2;1123.357902997104
Medio Muslo;66;2;1703.314826556966
Entero;67;2;324.3859014226897
Medio Pollo;67;2;655.7219393707579
Medio Pollo Superior;67;2;711.0125212561396
Medio Pollo Inferior;67;2;910.1997038392716
Cuarto de Pollo Superior;67;2;1036.8961896466365
Muslo Entero;67;2;945.7345293924723
Pechuga Completa;67;2;1028.3190926604027
Ala Completa;67;2;611.8472342784075
Media Pechuga;67;2;1975.5904429449038
Blanqueta;67;2;2.2818602453103176e-12
Alón;67;2;0.0
Punta;67;2;0.0
Jamoncito;67;2;1045.6997726706345
Medio Muslo;67;2;1027.9749430998484
Entero;68;2;367.4716339290857
Medio Pollo;68;2;650.3928803941677
Medio Pollo Superior;68;2;589.5735970538279
Medio Pollo Inferior;68;2;522.1798865888161
Cuarto de Pollo Superior;68;2;794.2328426114282
Muslo Entero;68;2;1009.6202248172787
Pechuga Completa;68;2;1155.2823279462655
Ala Completa;68;2;794.6223141396947
Media Pechuga;68;2;1741.1896423541637
Blanqueta;68;2;1.6728413524750564e-12
Alón;68;2;0.0
Punta;68;2;0.0
Jamoncito;68;2;1002.4481137544855
Medio Muslo;68;2;1032.8747162487655
Entero;69;2;569.6275630497022
Medio Pollo;69;2;469.3530885321494
Medio Pollo Superior;69;2;722.8523075351169
Medio Pollo Inferior;69;2;903.5157550678679
Cuarto de Pollo Superior;69;2;1043.1612903225807
Muslo Entero;69;2;1072.2999623466249
Pechuga Completa;69;2;1049.7156820613852
Ala Completa;69;2;529.4150365230456
Media Pechuga;69;2;1150.4829392002205
Blanqueta;69;2;2.4149829576473086e-12
Alón;69;2;0.0
Punta;69;2;0.0
Jamoncito;69;2;577.0376541220365
Medio Muslo;69;2;1731.6324819570928
Entero;70;2;363.1758232288094
Medio Pollo;70;2;362.9312977377333
Medio Pollo Superior;70;2;939.5871757689489
Medio Pollo Inferior;70;2;840.1938364839566
Cuarto de Pollo Superior;70;2;1131.4193548387098
Muslo Entero;70;2;1228.8696012206506
Pechuga Completa;70;2;1756.0919208199716
Ala Completa;70;2;694.6628508698727
Media Pechuga;70;2;2007.169553070854
Blanqueta;70;2;1.3596276407882752e-12
Alón;70;2;0.0
Punta;70;2;0.0
Jamoncito;70;2;1126.0936030719438
Medio Muslo;70;2;1203.467668471058
Entero;71;2;427.25839817755
Medio Pollo;71;2;511.1736292873331
Medio Pollo Superior;71;2;811.2912927225549
Medio Pollo Inferior;71;2;427.10946145021944
Cuarto de Pollo Superior;71;2;1118.4946730138745
Muslo Entero;71;2;997.2808403420354
Pechuga Completa;71;2;1086.2178894323042
Ala Completa;71;2;615.5021730665509
Media Pechuga;71;2;2109.899212856427
Blanqueta;71;2;2.543740100177971e-12
Alón;71;2;0.0
Punta;71;2;0.0
Jamoncito;71;2;740.627566913162
Medio Muslo;71;2;917.0309193394634
Entero;72;2;518.8626714786318
Medio Pollo;72;2;755.5312367587779
Medio Pollo Superior;72;2;905.7033648998193
Medio Pollo Inferior;72;2;788.1148756928942
Cuarto de Pollo Superior;72;2;1299.5976199803808
Muslo Entero;72;2;1068.632286303984
Pechuga Completa;72;2;1064.6212351667364
Ala Completa;72;2;481.05701222021474
Media Pechuga;72;2;1045.659596272644
Blanqueta;72;2;0.0
Alón;72;2;0.0
Punta;72;2;0.0
Jamoncito;72;2;842.266356005162
Medio Muslo;72;2;1261.1805359009534
Entero;73;2;579.6039101362209
Medio Pollo;73;2;668.6670814180223
Medio Pollo Superior;73;2;673.940959804152
Medio Pollo Inferior;73;2;633.6322303259288
Cuarto de Pollo Superior;73;2;1217.2519577941368
Muslo Entero;73;2;967.8456503499873
Pechuga Completa;73;2;1753.063343718031
Ala Completa;73;2;428.5019339953389
Media Pechuga;73;2;2285.2455853336887
Blanqueta;73;2;0.0
Alón;73;2;0.0
Punta;73;2;0.0
Jamoncito;73;2;980.7201014457855
Medio Muslo;73;2;1096.039730943328
Entero;74;2;471.0
Medio Pollo;74;2;408.5914165638242
Medio Pollo Superior;74;2;515.1788835661596
Medio Pollo Inferior;74;2;581.0369723616034
Cuarto de Pollo Superior;74;2;450.4944588890273
Muslo Entero;74;2;955.2328296910741
Pechuga Completa;74;2;1042.5856021283082
Ala Completa;74;2;386.8576650112544
Media Pechuga;74;2;1038.572051342238
Blanqueta;74;2;0.0
Alón;74;2;0.0
Punta;74;2;0.0
Jamoncito;74;2;656.3417702798833
Medio Muslo;74;2;1430.5201455731976
Entero;75;2;472.0
Medio Pollo;75;2;389.820054321892
Medio Pollo Superior;75;2;880.6008384132092
Medio Pollo Inferior;75;2;949.2756914511504
Cuarto de Pollo Superior;75;2;1043.1612903225807
Muslo Entero;75;2;989.6209106042224
Pechuga Completa;75;2;1564.6987429435032
Ala Completa;75;2;746.7722580815682
Media Pechuga;75;2;1113.8566448897432
Blanqueta;75;2;0.0
Alón;75;2;0.0
Punta;75;2;0.0
Jamoncito;75;2;960.5868072748214
Medio Muslo;75;2;1764.2855506883402
Entero;76;2;298.89724719693373
Medio Pollo;76;2;346.67256750407455
Medio Pollo Superior;76;2;614.0527799663746
Medio Pollo Inferior;76;2;898.6978330472651
Cuarto de Pollo Superior;76;2;1178.4516129032259
Muslo Entero;76;2;967.9845453780092
Pechuga Completa;76;2;1295.051779250388
Ala Completa;76;2;593.6572372019617
Media Pechuga;76;2;2372.938058186919
Blanqueta;76;2;0.0
Alón;76;2;0.0
Punta;76;2;0.0
Jamoncito;76;2;930.0331775377834
Medio Muslo;76;2;1739.4074831742682
Entero;77;2;633.8572645422435
Medio Pollo;77;2;547.008906309359
Medio Pollo Superior;77;2;921.5847924131489
Medio Pollo Inferior;77;2;513.8389946268925
Cuarto de Pollo Superior;77;2;908.4516129032259
Muslo Entero;77;2;634.8226476970619
Pechuga Completa;77;2;1045.6030476673354
Ala Completa;77;2;376.8650623567992
Media Pechuga;77;2;1857.7273920483535
Blanqueta;77;2;0.0
Alón;77;2;0.0
Punta;77;2;0.0
Jamoncito;77;2;619.3874147156878
Medio Muslo;77;2;1490.6108422824975
Entero;78;2;391.7073771983259
Medio Pollo;78;2;612.3696836277683
Medio Pollo Superior;78;2;765.5164586303808
Medio Pollo Inferior;78;2;896.5909562638018
Cuarto de Pollo Superior;78;2;953.5236901677459
Muslo Entero;78;2;1088.5579324086777
Pechuga Completa;78;2;1793.140841054263
Ala Completa;78;2;464.63960014142845
Media Pechuga;78;2;1030.483977516992
Blanqueta;78;2;0.0
Alón;78;2;0.0
Punta;78;2;0.0
Jamoncito;78;2;901.6473915176188
Medio Muslo;78;2;1272.686488416996
Entero;79;2;556.2344982805006
Medio Pollo;79;2;718.398991924881
Medio Pollo Superior;79;2;689.8232791619012
Medio Pollo Inferior;79;2;550.5192938941449
Cuarto de Pollo Superior;79;2;763.1360276863305
Muslo Entero;79;2;852.0967741935484
Pechuga Completa;79;2;869.1497691068272
Ala Completa;79;2;856.2184570114692
Media Pechuga;79;2;1206.1623396085745
Blanqueta;79;2;0.0
Alón;79;2;0.0
Punta;79;2;0.0
Jamoncito;79;2;1168.7095763570062
Medio Muslo;79;2;1367.7957655036503
Entero;80;2;474.3036127819963
Medio Pollo;80;2;610.1353725157416
Medio Pollo Superior;80;2;707.9127227068118
Medio Pollo Inferior;80;2;487.1618195916513
Cuarto de Pollo Superior;80;2;1277.7695132416538
Muslo Entero;80;2;789.8827571431157
Pechuga Completa;80;2;1531.9881061507156
Ala Completa;80;2;741.2378049535978
Media Pechuga;80;2;1205.3259812878603
Blanqueta;80;2;0.0
Alón;80;2;0.0
Punta;80;2;0.0
Jamoncito;80;2;644.1872026971612
Medio Muslo;80;2;1338.264194552022
Entero;81;2;470.9999999970478
Medio Pollo;81;2;650.1881813083156
Medio Pollo Superior;81;2;731.6343847900896
Medio Pollo Inferior;81;2;970.4050264395098
Cuarto de Pollo Superior;81;2;929.2882837833985
Muslo Entero;81;2;1072.4075654381486
Pechuga Completa;81;2;1240.7395783349446
Ala Completa;81;2;439.3822812908558
Media Pechuga;81;2;1308.08064921823
Blanqueta;81;2;0.0
Alón;81;2;0.0
Punta;81;2;0.0
Jamoncito;81;2;871.5271214622396
Medio Muslo;81;2;1934.032094123536
Entero;82;2;330.8632931710846
Medio Pollo;82;2;655.7556646291519
Medio Pollo Superior;82;2;986.0386711309441
Medio Pollo Inferior;82;2;687.0325625966329
Cuarto de Pollo Superior;82;2;750.2893876444805
Muslo Entero;82;2;930.9354838709678
Pechuga Completa;82;2;1517.4566359774894
Ala Completa;82;2;607.2107389272702
Media Pechuga;82;2;1686.0050533037327
Blanqueta;82;2;0.0
Alón;82;2;0.0
Punta;82;2;0.0
Jamoncito;82;2;1022.4727462124898
Medio Muslo;82;2;1218.4894208953667
Entero;83;2;330.549791012716
Medio Pollo;83;2;473.3131575753203
Medio Pollo Superior;83;2;1089.6686317403653
Medio Pollo Inferior;83;2;918.1618101025862
Cuarto de Pollo Superior;83;2;1383.1124769663736
Muslo Entero;83;2;599.2226563214917
Pechuga Completa;83;2;847.1520549767774
Ala Completa;83;2;647.4760450681073
Media Pechuga;83;2;2274.2532886092654
Blanqueta;83;2;0.0
Alón;83;2;0.0
Punta;83;2;0.0
Jamoncito;83;2;1158.947321522865
Medio Muslo;83;2;1761.2534351601846
Entero;84;2;637.1381912173908
Medio Pollo;84;2;505.4628060486995
Medio Pollo Superior;84;2;500.45804652689014
Medio Pollo Inferior;84;2;549.6863385225264
Cuarto de Pollo Superior;84;2;690.1670509285705
Muslo Entero;84;2;846.3132280712454
Pechuga Completa;84;2;1352.3584864007005
Ala Completa;84;2;382.6527416572269
Media Pechuga;84;2;2025.3716647204978
Blanqueta;84;2;0.0
Alón;84;2;0.0
Punta;84;2;0.0
Jamoncito;84;2;1056.257900988328
Medio Muslo;84;2;1353.5513739471255
Entero;85;2;487.4487245963584
Medio Pollo;85;2;384.6721727927907
Medio Pollo Superior;85;2;989.2983545394833
Medio Pollo Inferior;85;2;489.7898005948017
Cuarto de Pollo Superior;85;2;1307.1289659889817
Muslo Entero;85;2;1047.8512123819705
Pechuga Completa;85;2;1447.6037102235289
Ala Completa;85;2;527.9261521594951
Media Pechuga;85;2;1456.270933346733
Blanqueta;85;2;0.0
Alón;85;2;0.0
Punta;85;2;0.0
Jamoncito;85;2;904.5913978494624
Medio Muslo;85;2;2090.9788865272367
Entero;86;2;405.1796447000386
Medio Pollo;86;2;361.07665075671395
Medio Pollo Superior;86;2;967.2984641397596
Medio Pollo Inferior;86;2;636.3597450540152
Cuarto de Pollo Superior;86;2;1169.8403131830787
Muslo Entero;86;2;994.614885122432
Pechuga Completa;86;2;1161.8759203449438
Ala Completa;86;2;829.8661348831192
Media Pechuga;86;2;1864.6308050117443
Blanqueta;86;2;0.0
Alón;86;2;0.0
Punta;86;2;0.0
Jamoncito;86;2;753.1505376344087
Medio Muslo;86;2;1999.234792150099
Entero;87;2;300.88533897295724
Medio Pollo;87;2;657.8730901878162
Medio Pollo Superior;87;2;538.9074358966061
Medio Pollo Inferior;87;2;429.3589252615953
Cuarto de Pollo Superior;87;2;804.6805606880465
Muslo Entero;87;2;717.2734033285201
Pechuga Completa;87;2;1222.4447954352352
Ala Completa;87;2;675.4643678131666
Media Pechuga;87;2;1752.6528388059637
Blanqueta;87;2;2.220564018286607e-12
Alón;87;2;0.0
Punta;87;2;1.2105997709518742e-12
Jamoncito;87;2;826.1224016221604
Medio Muslo;87;2;1248.8647427793917
Entero;88;2;385.6318149401598
Medio Pollo;88;2;545.1853362493118
Medio Pollo Superior;88;2;842.8219865383882
Medio Pollo Inferior;88;2;935.0462393229122
Cuarto de Pollo Superior;88;2;1125.4407140331425
Muslo Entero;88;2;867.2936299649525
Pechuga Completa;88;2;1731.7677781446807
Ala Completa;88;2;496.8297302979202
Media Pechuga;88;2;1300.1952236413078
Blanqueta;88;2;1.3395136910847915e-12
Alón;88;2;0.0
Punta;88;2;0.0
Jamoncito;88;2;792.7808241842913
Medio Muslo;88;2;1149.2918301447412
Entero;89;2;364.7338545551105
Medio Pollo;89;2;715.4897442242922
Medio Pollo Superior;89;2;906.1335993636131
Medio Pollo Inferior;89;2;942.502595853269
Cuarto de Pollo Superior;89;2;978.3049221682319
Muslo Entero;89;2;676.3260294556725
Pechuga Completa;89;2;1944.3136128643712
Ala Completa;89;2;589.4414135898079
Media Pechuga;89;2;1741.8379384990562
Blanqueta;89;2;1.3249284623073105e-12
Alón;89;2;0.0
Punta;89;2;0.0
Jamoncito;89;2;490.4682460394997
Medio Muslo;89;2;1369.2408337318773
Entero;90;2;413.2196248983919
Medio Pollo;90;2;434.85443443342757
Medio Pollo Superior;90;2;523.851617710549
Medio Pollo Inferior;90;2;654.1727192814712
Cuarto de Pollo Superior;90;2;649.5330984822532
Muslo Entero;90;2;752.6210746715273
Pechuga Completa;90;2;1276.4948336947707
Ala Completa;90;2;813.4108376218941
Media Pechuga;90;2;2417.4843383290395
Blanqueta;90;2;2.4789369598645147e-12
Alón;90;2;0.0
Punta;90;2;0.0
Jamoncito;90;2;493.6706178848128
Medio Muslo;90;2;2004.6224690637375
Entero;91;2;467.03987138943995
Medio Pollo;91;2;810.6427644108625
Medio Pollo Superior;91;2;650.9523554369742
Medio Pollo Inferior;91;2;471.1535528546483
Cuarto de Pollo Superior;91;2;1121.891671415534
Muslo Entero;91;2;767.4216358960219
Pechuga Completa;91;2;1740.5828914261915
Ala Completa;91;2;488.70989701428226
Media Pechuga;91;2;1880.5225667615528
Blanqueta;91;2;9.589302937509118e-13
Alón;91;2;0.0
Punta;91;2;0.0
Jamoncito;91;2;603.1053036237685
Medio Muslo;91;2;1037.2606574205568
Entero;92;2;645.9520022746107
Medio Pollo;92;2;427.9259120142507
Medio Pollo Superior;92;2;803.8589570724968
Medio Pollo Inferior;92;2;541.7233323770181
Cuarto de Pollo Superior;92;2;1404.7691846292244
Muslo Entero;92;2;557.8224104850373
Pechuga Completa;92;2;1360.3856428320073
Ala Completa;92;2;423.10194471377457
Media Pechuga;92;2;1252.5244576149767
Blanqueta;92;2;0.0
Alón;92;2;0.0
Punta;92;2;0.0
Jamoncito;92;2;1065.58649079502
Medio Muslo;92;2;1450.0818275407667
Entero;93;2;634.6726035844522
Medio Pollo;93;2;675.1915399851642
Medio Pollo Superior;93;2;872.6139672014652
Medio Pollo Inferior;93;2;655.076655970581
Cuarto de Pollo Superior;93;2;977.9643630032783
Muslo Entero;93;2;1132.8037810360408
Pechuga Completa;93;2;1486.182228761742
Ala Completa;93;2;478.54575677108636
Media Pechuga;93;2;1264.7670123678058
Blanqueta;93;2;0.0
Alón;93;2;0.0
Punta;93;2;0.0
Jamoncito;93;2;632.0233673808626
Medio Muslo;93;2;2013.540788053661
Entero;94;2;329.65499895416025
Medio Pollo;94;2;638.3803899136569
Medio Pollo Superior;94;2;696.9596805011977
Medio Pollo Inferior;94;2;839.9017707153371
Cuarto de Pollo Superior;94;2;1291.5791308310618
Muslo Entero;94;2;727.9283707939924
Pechuga Completa;94;2;1448.5730910845518
Ala Completa;94;2;761.4512322618322
Media Pechuga;94;2;2015.739765815053
Blanqueta;94;2;0.0
Alón;94;2;0.0
Punta;94;2;0.0
Jamoncito;94;2;755.749508916913
Medio Muslo;94;2;965.9169200726283
Entero;95;2;342.73818858158063
Medio Pollo;95;2;378.24560080024133
Medio Pollo Superior;95;2;1013.6377231626576
Medio Pollo Inferior;95;2;630.5330293062656
Cuarto de Pollo Superior;95;2;1162.774193549508
Muslo Entero;95;2;989.8353445595468
Pechuga Completa;95;2;1398.803798265903
Ala Completa;95;2;839.0535953404411
Media Pechuga;95;2;1823.943011635298
Blanqueta;95;2;-6.242155068970602e-12
Alón;95;2;-3.0643306702219323e-12
Punta;95;2;-9.079498282139059e-13
Jamoncito;95;2;1080.1892476034031
Medio Muslo;95;2;1994.0233547354935
Entero;96;2;655.2998391484679
Medio Pollo;96;2;590.4544924493705
Medio Pollo Superior;96;2;593.7845088766577
Medio Pollo Inferior;96;2;905.8087315140923
Cuarto de Pollo Superior;96;2;1161.8055248690762
Muslo Entero;96;2;872.7400074920173
Pechuga Completa;96;2;1279.1112087799709
Ala Completa;96;2;424.0254448747419
Media Pechuga;96;2;1433.2884507642464
Blanqueta;96;2;0.0
Alón;96;2;0.0
Punta;96;2;0.0
Jamoncito;96;2;979.479964120943
Medio Muslo;96;2;1362.3845207333297
Entero;97;2;658.3378027268496
Medio Pollo;97;2;592.3785532619439
Medio Pollo Superior;97;2;709.2956677736513
Medio Pollo Inferior;97;2;580.6668690915153
Cuarto de Pollo Superior;97;2;1128.9041525507914
Muslo Entero;97;2;815.8672096132549
Pechuga Completa;97;2;1308.295726771073
Ala Completa;97;2;623.051306494236
Media Pechuga;97;2;2110.5009069760017
Blanqueta;97;2;0.0
Alón;97;2;0.0
Punta;97;2;0.0
Jamoncito;97;2;963.7041243780375
Medio Muslo;97;2;1835.6572941250522
Entero;98;2;322.78714167422464
Medio Pollo;98;2;646.2910525967367
Medio Pollo Superior;98;2;1124.095510420992
Medio Pollo Inferior;98;2;883.0207275747093
Cuarto de Pollo Superior;98;2;817.4022141267376
Muslo Entero;98;2;1006.2965075939235
Pechuga Completa;98;2;1014.7839683956405
Ala Completa;98;2;824.6003264497143
Media Pechuga;98;2;1483.674856871971
Blanqueta;98;2;0.0
Alón;98;2;0.0
Punta;98;2;0.0
Jamoncito;98;2;762.6282999054376
Medio Muslo;98;2;1125.8977374066146
Entero;99;2;512.0211534663388
Medio Pollo;99;2;476.8125536166488
Medio Pollo Superior;99;2;1084.054375178381
Medio Pollo Inferior;99;2;606.4486993349742
Cuarto de Pollo Superior;99;2;1104.6454825597089
Muslo Entero;99;2;725.5479315577211
Pechuga Completa;99;2;1064.1493444794592
Ala Completa;99;2;392.8106303237886
Media Pechuga;99;2;2223.667629451473
Blanqueta;99;2;0.0
Alón;99;2;0.0
Punta;99;2;0.0
Jamoncito;99;2;577.6784675746757
Medio Muslo;99;2;2124.6792646898225
Entero;100;2;436.21213686895794
Medio Pollo;100;2;586.1710375313116
Medio Pollo Superior;100;2;948.2808650607307
Medio Pollo Inferior;100;2;431.1059917396317
Cuarto de Pollo Superior;100;2;1173.8001378180766
Muslo Entero;100;2;993.4580634819253
Pechuga Completa;100;2;1663.9238245594784
Ala Completa;100;2;531.2889308937164
Media Pechuga;100;2;1634.9276105425372
Blanqueta;100;2;0.0
Alón;100;2;0.0
Punta;100;2;0.0
Jamoncito;100;2;915.0040372663199
Medio Muslo;100;2;1082.0204833380221
Entero;101;2;403.07403411082413
Medio Pollo;101;2;407.1577190523259
Medio Pollo Superior;101;2;774.6738439546068
Medio Pollo Inferior;101;2;476.6833643992429
Cuarto de Pollo Superior;101;2;707.9969020546735
Muslo Entero;101;2;1065.8023018765264
Pechuga Completa;101;2;1891.8079009618953
Ala Completa;101;2;852.4635193748426
Media Pechuga;101;2;1406.3696120786317
Blanqueta;101;2;0.0
Alón;101;2;0.0
Punta;101;2;0.0
Jamoncito;101;2;705.5866707228317
Medio Muslo;101;2;1655.2697102001946
Entero;102;2;590.025121002966
Medio Pollo;102;2;553.5446637231461
Medio Pollo Superior;102;2;540.8104942201493
Medio Pollo Inferior;102;2;872.5801972411164
Cuarto de Pollo Superior;102;2;767.2430514226814
Muslo Entero;102;2;789.1150596552227
Pechuga Completa;102;2;1032.7616781628708
Ala Completa;102;2;418.3729608571199
Media Pechuga;102;2;1581.2848584476837
Blanqueta;102;2;0.0
Alón;102;2;0.0
Punta;102;2;0.0
Jamoncito;102;2;844.5981606387601
Medio Muslo;102;2;1712.1042154281774
Entero;103;2;583.904664354821
Medio Pollo;103;2;500.7968444529431
Medio Pollo Superior;103;2;885.2251838215149
Medio Pollo Inferior;103;2;657.0745125464798
Cuarto de Pollo Superior;103;2;661.6661376535841
Muslo Entero;103;2;889.817700073979
Pechuga Completa;103;2;1867.2141427017464
Ala Completa;103;2;629.707952650763
Media Pechuga;103;2;1929.8065599562494
Blanqueta;103;2;0.0
Alón;103;2;0.0
Punta;103;2;0.0
Jamoncito;103;2;1017.0028285328374
Medio Muslo;103;2;1507.2420824395529
Entero;104;2;381.92185974353606
Medio Pollo;104;2;654.4954657039756
Medio Pollo Superior;104;2;703.9783206776244
Medio Pollo Inferior;104;2;554.6169960250952
Cuarto de Pollo Superior;104;2;1112.7819488477828
Muslo Entero;104;2;597.822423969499
Pechuga Completa;104;2;1500.5233637838214
Ala Completa;104;2;468.6301947110571
Media Pechuga;104;2;1192.456607071936
Blanqueta;104;2;0.0
Alón;104;2;0.0
Punta;104;2;0.0
Jamoncito;104;2;839.4245345137568
Medio Muslo;104;2;1257.004927256013
Entero;105;2;615.284358623708
Medio Pollo;105;2;404.28315242890903
Medio Pollo Superior;105;2;744.0607601997204
Medio Pollo Inferior;105;2;894.9451931427473
Cuarto de Pollo Superior;105;2;664.7949731794172
Muslo Entero;105;2;916.4198402480405
Pechuga Completa;105;2;1350.194628784857
Ala Completa;105;2;766.2896752453792
Media Pechuga;105;2;1288.816219881209
Blanqueta;105;2;0.0
Alón;105;2;0.0
Punta;105;2;0.0
Jamoncito;105;2;583.936169622988
Medio Muslo;105;2;1358.480911580268
Entero;106;2;474.4239454128309
Medio Pollo;106;2;737.4571115132957
Medio Pollo Superior;106;2;829.1454752787058
Medio Pollo Inferior;106;2;794.697878832668
Cuarto de Pollo Superior;106;2;809.3671722709129
Muslo Entero;106;2;632.1255340406282
Pechuga Completa;106;2;1367.1398308902776
Ala Completa;106;2;426.14219100292587
Media Pechuga;106;2;2070.0770131825484
Blanqueta;106;2;0.0
Alón;106;2;0.0
Punta;106;2;0.0
Jamoncito;106;2;558.519988516621
Medio Muslo;106;2;921.2938650632999
Entero;107;2;546.444784043105
Medio Pollo;107;2;719.1959182458301
Medio Pollo Superior;107;2;808.9558075102486
Medio Pollo Inferior;107;2;424.80437479962234
Cuarto de Pollo Superior;107;2;1177.6547434469228
Muslo Entero;107;2;1105.852558157496
Pechuga Completa;107;2;1473.768684854868
Ala Completa;107;2;606.9436945591791
Media Pechuga;107;2;1859.9956495455647
Blanqueta;107;2;0.0
Alón;107;2;0.0
Punta;107;2;0.0
Jamoncito;107;2;759.5491077746851
Medio Muslo;107;2;1268.9917091546881
Entero;108;2;383.93316048597666
Medio Pollo;108;2;526.6479931462222
Medio Pollo Superior;108;2;942.8949093476392
Medio Pollo Inferior;108;2;845.1657915397925
Cuarto de Pollo Superior;108;2;659.6074125570984
Muslo Entero;108;2;917.1299509967911
Pechuga Completa;108;2;1854.1242357477067
Ala Completa;108;2;599.5367831846278
Media Pechuga;108;2;1491.2501210027322
Blanqueta;108;2;0.0
Alón;108;2;3.87880137487485e-12
Punta;108;2;2.3533596909621675e-12
Jamoncito;108;2;833.8694299066575
Medio Muslo;108;2;1058.1389767144294
Entero;109;2;320.8718304204226
Medio Pollo;109;2;373.2878506923854
Medio Pollo Superior;109;2;745.8356218112383
Medio Pollo Inferior;109;2;485.5389633133163
Cuarto de Pollo Superior;109;2;622.8239460457706
Muslo Entero;109;2;954.1145449357452
Pechuga Completa;109;2;1098.9111385456902
Ala Completa;109;2;635.6354742092288
Media Pechuga;109;2;2029.752874939262
Blanqueta;109;2;0.0
Alón;109;2;2.27486551892573e-12
Punta;109;2;1.8077946203150982e-12
Jamoncito;109;2;868.6471989202907
Medio Muslo;109;2;1627.4431172293794
Entero;110;2;381.7294562590383
Medio Pollo;110;2;434.73596520064217
Medio Pollo Superior;110;2;785.8590664954122
Medio Pollo Inferior;110;2;820.3943732162437
Cuarto de Pollo Superior;110;2;615.4652450524669
Muslo Entero;110;2;1067.0143171262266
Pechuga Completa;110;2;1539.36913742466
Ala Completa;110;2;750.1483352682048
Media Pechuga;110;2;1358.83342402499
Blanqueta;110;2;0.0
Alón;110;2;4.776709841213114e-12
Punta;110;2;2.5048307911885135e-12
Jamoncito;110;2;1151.5019590549123
Medio Muslo;110;2;1974.4343240040266
Entero;111;2;397.74023857760596
Medio Pollo;111;2;773.0315007182277
Medio Pollo Superior;111;2;802.1049769372229
Medio Pollo Inferior;111;2;751.6724115698094
Cuarto de Pollo Superior;111;2;795.1469774638937
Muslo Entero;111;2;882.0240937801309
Pechuga Completa;111;2;1611.3249433167375
Ala Completa;111;2;770.944084403674
Media Pechuga;111;2;2379.2840429076823
Blanqueta;111;2;0.0
Alón;111;2;3.433204340636226e-12
Punta;111;2;2.0837117033644755e-12
Jamoncito;111;2;1070.2562459009112
Medio Muslo;111;2;1678.5507932670007
Entero;112;2;488.21192949055546
Medio Pollo;112;2;450.10740759914455
Medio Pollo Superior;112;2;803.8500958574931
Medio Pollo Inferior;112;2;583.843602551312
Cuarto de Pollo Superior;112;2;809.9811627777559
Muslo Entero;112;2;1134.1904559001896
Pechuga Completa;112;2;1198.7991043486365
Ala Completa;112;2;775.5113148951057
Media Pechuga;112;2;1853.496391311532
Blanqueta;112;2;0.0
Alón;112;2;5.030408292616118e-12
Punta;112;2;2.6603615722848474e-13
Jamoncito;112;2;875.1792396910982
Medio Muslo;112;2;1266.5522842281623
Entero;113;2;588.1082713138542
Medio Pollo;113;2;607.6433603216119
Medio Pollo Superior;113;2;516.4712114270817
Medio Pollo Inferior;113;2;943.8553816246133
Cuarto de Pollo Superior;113;2;668.4524875312759
Muslo Entero;113;2;1155.678587973234
Pechuga Completa;113;2;1567.0891763913785
Ala Completa;113;2;457.366667241627
Media Pechuga;113;2;1423.712442762694
Blanqueta;113;2;-6.198316412102883e-11
Alón;113;2;-2.556356503816088e-11
Punta;113;2;-9.01573296305874e-12
Jamoncito;113;2;553.8046694267233
Medio Muslo;113;2;1053.2524888809678
Entero;114;2;474.5414879636716
Medio Pollo;114;2;655.8005085393576
Medio Pollo Superior;114;2;657.8574094217361
Medio Pollo Inferior;114;2;433.14063319635704
Cuarto de Pollo Superior;114;2;700.3373560178111
Muslo Entero;114;2;843.5663690562759
Pechuga Completa;114;2;992.78174553586
Ala Completa;114;2;518.9730941301051
Media Pechuga;114;2;2290.2903225806454
Blanqueta;114;2;0.0
Alón;114;2;2.7257482979103136e-12
Punta;114;2;0.0
Jamoncito;114;2;603.0455349907508
Medio Muslo;114;2;1758.5287527394817
Entero;115;2;612.560070996371
Medio Pollo;115;2;613.1812576210162
Medio Pollo Superior;115;2;767.6247721778866
Medio Pollo Inferior;115;2;947.4053114946194
Cuarto de Pollo Superior;115;2;638.0256017668746
Muslo Entero;115;2;807.2623983643117
Pechuga Completa;115;2;1085.6044959801698
Ala Completa;115;2;649.0749208208636
Media Pechuga;115;2;2106.667745487847
Blanqueta;115;2;0.0
Alón;115;2;0.0
Punta;115;2;0.0
Jamoncito;115;2;608.3497809328503
Medio Muslo;115;2;1477.942376808517
Entero;116;2;353.8878006543081
Medio Pollo;116;2;714.1047556859728
Medio Pollo Superior;116;2;693.0066301750217
Medio Pollo Inferior;116;2;875.6011850550548
Cuarto de Pollo Superior;116;2;993.710020819301
Muslo Entero;116;2;788.2619658931607
Pechuga Completa;116;2;1259.5183423773856
Ala Completa;116;2;706.4964063461645
Media Pechuga;116;2;1331.4452073884222
Blanqueta;116;2;0.0
Alón;116;2;0.0
Punta;116;2;0.0
Jamoncito;116;2;554.2358668303882
Medio Muslo;116;2;1311.9483747640556
Entero;117;2;577.0589832968138
Medio Pollo;117;2;358.1124341755803
Medio Pollo Superior;117;2;1109.7427503046245
Medio Pollo Inferior;117;2;535.9888616160589
Cuarto de Pollo Superior;117;2;1184.0726552397439
Muslo Entero;117;2;572.0701784223943
Pechuga Completa;117;2;1778.1407860236038
Ala Completa;117;2;556.544695576596
Media Pechuga;117;2;2334.287857353508
Blanqueta;117;2;0.0
Alón;117;2;0.0
Punta;117;2;0.0
Jamoncito;117;2;861.9636751724724
Medio Muslo;117;2;1025.847250237099
Entero;118;2;490.1210089927893
Medio Pollo;118;2;364.98621094516125
Medio Pollo Superior;118;2;1046.6420125967204
Medio Pollo Inferior;118;2;759.2686723921007
Cuarto de Pollo Superior;118;2;770.6111854638051
Muslo Entero;118;2;1165.2657654971101
Pechuga Completa;118;2;1500.9177798751323
Ala Completa;118;2;664.8859733328169
Media Pechuga;118;2;492.79273815731995
Blanqueta;118;2;0.0
Alón;118;2;0.0
Punta;118;2;0.0
Jamoncito;118;2;727.1834246615565
Medio Muslo;118;2;1661.7367978176937
Entero;119;2;340.4276087660765
Medio Pollo;119;2;539.696199892041
Medio Pollo Superior;119;2;659.1390022133879
Medio Pollo Inferior;119;2;906.9702068842065
Cuarto de Pollo Superior;119;2;1132.605562782616
Muslo Entero;119;2;887.4513759255568
Pechuga Completa;119;2;986.6866855224056
Ala Completa;119;2;501.4428103888445
Media Pechuga;119;2;1152.2157748743432
Blanqueta;119;2;0.0
Alón;119;2;0.0
Punta;119;2;0.0
Jamoncito;119;2;544.3680892658947
Medio Muslo;119;2;1254.6291211022628
Entero;120;2;394.772407490654
Medio Pollo;120;2;660.0852178440989
Medio Pollo Superior;120;2;620.7614345909034
Medio Pollo Inferior;120;2;920.7450398884247
Cuarto de Pollo Superior;120;2;1328.6202162690872
Muslo Entero;120;2;1198.9986712312418
Pechuga Completa;120;2;1838.3277655276115
Ala Completa;120;2;439.9345276842008
Media Pechuga;120;2;2211.9015950379926
Blanqueta;120;2;0.0
Alón;120;2;0.0
Punta;120;2;0.0
Jamoncito;120;2;687.8904488788976
Medio Muslo;120;2;1098.1384093552108
Entero;121;2;568.2341757806936
Medio Pollo;121;2;365.9275997473118
Medio Pollo Superior;121;2;733.9098470834258
Medio Pollo Inferior;121;2;666.955855229783
Cuarto de Pollo Superior;121;2;1205.6812215035798
Muslo Entero;121;2;927.3567879949125
Pechuga Completa;121;2;1660.5612198463177
Ala Completa;121;2;709.9170965021734
Media Pechuga;121;2;1043.6740042619565
Blanqueta;121;2;0.0
Alón;121;2;0.0
Punta;121;2;0.0
Jamoncito;121;2;788.7851374164068
Medio Muslo;121;2;1882.5306600727636
Entero;122;2;605.6755926074989
Medio Pollo;122;2;370.4888110353498
Medio Pollo Superior;122;2;519.6735755795066
Medio Pollo Inferior;122;2;604.7010656089589
Cuarto de Pollo Superior;122;2;1319.363887197306
Muslo Entero;122;2;840.1925977081141
Pechuga Completa;122;2;1701.0848015973665
Ala Completa;122;2;795.2305101442092
Media Pechuga;122;2;1619.913609765514
Blanqueta;122;2;0.0
Alón;122;2;0.0
Punta;122;2;0.0
Jamoncito;122;2;601.5376431895309
Medio Muslo;122;2;1767.7531149141535
Entero;123;2;551.6811928595173
Medio Pollo;123;2;538.039700099906
Medio Pollo Superior;123;2;785.3806633975443
Medio Pollo Inferior;123;2;835.559961249874
Cuarto de Pollo Superior;123;2;646.9451181597063
Muslo Entero;123;2;708.9691317093929
Pechuga Completa;123;2;1558.9230484908
Ala Completa;123;2;608.5884008432383
Media Pechuga;123;2;1694.3134720981068
Blanqueta;123;2;0.0
Alón;123;2;0.0
Punta;123;2;0.0
Jamoncito;123;2;993.5200662307669
Medio Muslo;123;2;1506.8694988964696
Entero;124;2;315.6293303412622
Medio Pollo;124;2;752.7352092853531
Medio Pollo Superior;124;2;513.0309250355134
Medio Pollo Inferior;124;2;629.9740307032341
Cuarto de Pollo Superior;124;2;1226.2151683124248
Muslo Entero;124;2;763.8214369906312
Pechuga Completa;124;2;1137.2788280735358
Ala Completa;124;2;409.2259652390207
Media Pechuga;124;2;1607.0386430280307
Blanqueta;124;2;0.0
Alón;124;2;0.0
Punta;124;2;0.0
Jamoncito;124;2;714.8018871982016
Medio Muslo;124;2;1493.0277110304435
Entero;125;2;361.2200283183832
Medio Pollo;125;2;501.4408784690127
Medio Pollo Superior;125;2;1115.1749603273765
Medio Pollo Inferior;125;2;853.8939746959974
Cuarto de Pollo Superior;125;2;1381.684432267645
Muslo Entero;125;2;1128.0315697222156
Pechuga Completa;125;2;850.227912262924
Ala Completa;125;2;877.9532972125832
Media Pechuga;125;2;1706.5798729817975
Blanqueta;125;2;0.0
Alón;125;2;0.0
Punta;125;2;0.0
Jamoncito;125;2;991.5428259844767
Medio Muslo;125;2;1500.91258163378
Entero;126;2;462.5946440708428
Medio Pollo;126;2;395.1366168835056
Medio Pollo Superior;126;2;659.4323937784532
Medio Pollo Inferior;126;2;731.0322580645161
Cuarto de Pollo Superior;126;2;1212.575706615969
Muslo Entero;126;2;711.9031060182747
Pechuga Completa;126;2;1457.5615726618075
Ala Completa;126;2;634.2837886360417
Media Pechuga;126;2;1505.3028785302236
Blanqueta;126;2;0.0
Alón;126;2;0.0
Punta;126;2;0.0
Jamoncito;126;2;594.577498211066
Medio Muslo;126;2;1721.8512195516519
Entero;127;2;320.6377940316883
Medio Pollo;127;2;759.3631975447591
Medio Pollo Superior;127;2;753.1462416886174
Medio Pollo Inferior;127;2;566.5433402297818
Cuarto de Pollo Superior;127;2;766.632204693956
Muslo Entero;127;2;1128.8769513059021
Pechuga Completa;127;2;1617.5148605545733
Ala Completa;127;2;521.1331463559628
Media Pechuga;127;2;2089.6633620421826
Blanqueta;127;2;0.0
Alón;127;2;0.0
Punta;127;2;0.0
Jamoncito;127;2;709.344568661955
Medio Muslo;127;2;933.0004738928127
Entero;128;2;461.10619285913174
Medio Pollo;128;2;642.9848026297968
Medio Pollo Superior;128;2;891.6962586978079
Medio Pollo Inferior;128;2;477.9961176546894
Cuarto de Pollo Superior;128;2;1410.2365728640807
Muslo Entero;128;2;883.1454385476269
Pechuga Completa;128;2;1328.567419388225
Ala Completa;128;2;788.8786580890185
Media Pechuga;128;2;1523.1600011214548
Blanqueta;128;2;-2.080718356323534e-12
Alón;128;2;-1.0214435567406445e-12
Punta;128;2;-3.0264994273796855e-13
Jamoncito;128;2;912.4820195376068
Medio Muslo;128;2;1384.7143088493506
Entero;129;2;529.3233293928579
Medio Pollo;129;2;457.501182113964
Medio Pollo Superior;129;2;831.3542284290065
Medio Pollo Inferior;129;2;729.6131589617005
Cuarto de Pollo Superior;129;2;1066.2280993843067
Muslo Entero;129;2;713.0921981095963
Pechuga Completa;129;2;1903.451488824307
Ala Completa;129;2;388.76904327628307
Media Pechuga;129;2;1278.0115319385563
Blanqueta;129;2;0.0
Alón;129;2;0.0
Punta;129;2;0.0
Jamoncito;129;2;934.578992273847
Medio Muslo;129;2;2058.27316830809
Entero;130;2;347.01631842055843
Medio Pollo;130;2;792.4638896762298
Medio Pollo Superior;130;2;1044.1162030781204
Medio Pollo Inferior;130;2;876.7946594036606
Cuarto de Pollo Superior;130;2;873.0587250717765
Muslo Entero;130;2;959.0402502399893
Pechuga Completa;130;2;943.2688859765631
Ala Completa;130;2;639.4451551979062
Media Pechuga;130;2;2174.3847099506934
Blanqueta;130;2;0.0
Alón;130;2;0.0
Punta;130;2;0.0
Jamoncito;130;2;1088.908574287343
Medio Muslo;130;2;1342.9144465626723
Entero;131;2;499.35009090120514
Medio Pollo;131;2;305.43329397411287
Medio Pollo Superior;131;2;720.3802187600032
Medio Pollo Inferior;131;2;518.1962785052382
Cuarto de Pollo Superior;131;2;975.983137329205
Muslo Entero;131;2;768.125426829809
Pechuga Completa;131;2;1681.8945403008931
Ala Completa;131;2;589.1932190908927
Media Pechuga;131;2;1775.9768734001702
Blanqueta;131;2;0.0
Alón;131;2;0.0
Punta;131;2;0.0
Jamoncito;131;2;1177.0018704851534
Medio Muslo;131;2;1158.0727002569959
Entero;132;2;329.83850961618697
Medio Pollo;132;2;459.12733744876374
Medio Pollo Superior;132;2;637.5779981038658
Medio Pollo Inferior;132;2;931.947662695815
Cuarto de Pollo Superior;132;2;1389.4822608682568
Muslo Entero;132;2;1156.2389164299545
Pechuga Completa;132;2;1430.2341420834607
Ala Completa;132;2;420.53671724274847
Media Pechuga;132;2;2132.8959290334947
Blanqueta;132;2;0.0
Alón;132;2;0.0
Punta;132;2;0.0
Jamoncito;132;2;964.2634781265953
Medio Muslo;132;2;1518.693625642475
Entero;133;2;630.474745411805
Medio Pollo;133;2;414.7759316656514
Medio Pollo Superior;133;2;877.7971580806172
Medio Pollo Inferior;133;2;641.8157667840738
Cuarto de Pollo Superior;133;2;1037.2928885018516
Muslo Entero;133;2;681.9371914291747
Pechuga Completa;133;2;985.3879293866103
Ala Completa;133;2;519.4903987367909
Media Pechuga;133;2;1363.6063196554826
Blanqueta;133;2;0.0
Alón;133;2;0.0
Punta;133;2;0.0
Jamoncito;133;2;874.122049756122
Medio Muslo;133;2;914.1937122287221
Entero;134;2;631.2636405623842
Medio Pollo;134;2;398.37199336688167
Medio Pollo Superior;134;2;485.83971602271896
Medio Pollo Inferior;134;2;788.9470482301647
Cuarto de Pollo Superior;134;2;1114.1898187638797
Muslo Entero;134;2;700.6754958632107
Pechuga Completa;134;2;905.9224295910337
Ala Completa;134;2;889.6475723164781
Media Pechuga;134;2;2035.0802356596462
Blanqueta;134;2;0.0
Alón;134;2;0.0
Punta;134;2;0.0
Jamoncito;134;2;1068.2914409338678
Medio Muslo;134;2;1873.978312612191
Entero;135;2;382.1814929807223
Medio Pollo;135;2;775.292836796022
Medio Pollo Superior;135;2;1039.8146982786193
Medio Pollo Inferior;135;2;897.3848232663632
Cuarto de Pollo Superior;135;2;644.931376142957
Muslo Entero;135;2;703.7181970294798
Pechuga Completa;135;2;1892.2892264671393
Ala Completa;135;2;842.8606509888128
Media Pechuga;135;2;2352.803147501297
Blanqueta;135;2;0.0
Alón;135;2;0.0
Punta;135;2;0.0
Jamoncito;135;2;553.7595694484514
Medio Muslo;135;2;1979.6195550537673
Entero;136;2;452.8559224017223
Medio Pollo;136;2;692.4502406503834
Medio Pollo Superior;136;2;1100.6817828775768
Medio Pollo Inferior;136;2;969.7902371309009
Cuarto de Pollo Superior;136;2;999.4366506037385
Muslo Entero;136;2;693.1026859272042
Pechuga Completa;136;2;1316.5070857810729
Ala Completa;136;2;450.77749880276696
Media Pechuga;136;2;980.1554584738963
Blanqueta;136;2;0.0
Alón;136;2;0.0
Punta;136;2;0.0
Jamoncito;136;2;1189.4354311702014
Medio Muslo;136;2;1058.8843002509132
Entero;137;2;501.6424171660548
Medio Pollo;137;2;766.7412088851346
Medio Pollo Superior;137;2;491.4887202333045
Medio Pollo Inferior;137;2;569.5889538298512
Cuarto de Pollo Superior;137;2;1018.7841141714164
Muslo Entero;137;2;1119.5875332456624
Pechuga Completa;137;2;1802.484654073757
Ala Completa;137;2;561.1223206021283
Media Pechuga;137;2;1204.305887307674
Blanqueta;137;2;0.0
Alón;137;2;0.0
Punta;137;2;0.0
Jamoncito;137;2;1130.1703355155867
Medio Muslo;137;2;1454.1966010041926
Entero;138;2;546.063242115982
Medio Pollo;138;2;409.70602222270446
Medio Pollo Superior;138;2;815.7530786790868
Medio Pollo Inferior;138;2;621.7396775971308
Cuarto de Pollo Superior;138;2;715.4489306753647
Muslo Entero;138;2;963.7085543867842
Pechuga Completa;138;2;875.3218896006073
Ala Completa;138;2;863.3937353140492
Media Pechuga;138;2;1201.9233653869276
Blanqueta;138;2;0.0
Alón;138;2;0.0
Punta;138;2;0.0
Jamoncito;138;2;1017.9152460196397
Medio Muslo;138;2;953.6398156936979
Entero;139;2;297.84524800333196
Medio Pollo;139;2;777.5261216257555
Medio Pollo Superior;139;2;918.8012248821279
Medio Pollo Inferior;139;2;509.41074685295456
Cuarto de Pollo Superior;139;2;957.1283071116194
Muslo Entero;139;2;592.7277734810745
Pechuga Completa;139;2;1714.8425393601954
Ala Completa;139;2;785.1015952555072
Media Pechuga;139;2;1764.6409679566707
Blanqueta;139;2;0.0
Alón;139;2;0.0
Punta;139;2;0.0
Jamoncito;139;2;1114.3628166452409
Medio Muslo;139;2;1848.326715827391
Entero;140;2;415.30479549480725
Medio Pollo;140;2;360.7061831633134
Medio Pollo Superior;140;2;903.1046499943083
Medio Pollo Inferior;140;2;807.9378637199644
Cuarto de Pollo Superior;140;2;667.5481930352524
Muslo Entero;140;2;631.3563454916746
Pechuga Completa;140;2;1809.6192979900495
Ala Completa;140;2;842.1005034375911
Media Pechuga;140;2;1925.760861410214
Blanqueta;140;2;0.0
Alón;140;2;0.0
Punta;140;2;0.0
Jamoncito;140;2;901.8817204301076
Medio Muslo;140;2;1877.5529669521145
Entero;141;2;358.12720226717096
Medio Pollo;141;2;547.9593449747175
Medio Pollo Superior;141;2;647.3099178095091
Medio Pollo Inferior;141;2;583.5247964885094
Cuarto de Pollo Superior;141;2;947.1567819006939
Muslo Entero;141;2;609.8971534903615
Pechuga Completa;141;2;1515.3994911716331
Ala Completa;141;2;391.1323763017281
Media Pechuga;141;2;2220.012194520639
Blanqueta;141;2;0.0
Alón;141;2;0.0
Punta;141;2;0.0
Jamoncito;141;2;703.6236559139785
Medio Muslo;141;2;1579.695297380816
Entero;142;2;604.948011769179
Medio Pollo;142;2;589.4404653763517
Medio Pollo Superior;142;2;710.1889790268663
Medio Pollo Inferior;142;2;879.3368171801689
Cuarto de Pollo Superior;142;2;1300.7898177124166
Muslo Entero;142;2;1039.3912181597848
Pechuga Completa;142;2;888.0910858648493
Ala Completa;142;2;664.7879738526741
Media Pechuga;142;2;1999.701198101418
Blanqueta;142;2;0.0
Alón;142;2;0.0
Punta;142;2;0.0
Jamoncito;142;2;850.247311827957
Medio Muslo;142;2;1311.9493900781645
Entero;143;2;412.060344548031
Medio Pollo;143;2;587.6449364867885
Medio Pollo Superior;143;2;493.13588116283984
Medio Pollo Inferior;143;2;908.5358893274548
Cuarto de Pollo Superior;143;2;1375.1823125767503
Muslo Entero;143;2;857.9666120714742
Pechuga Completa;143;2;1147.592934120969
Ala Completa;143;2;768.168998397809
Media Pechuga;143;2;1849.3406319367186
Blanqueta;143;2;0.0
Alón;143;2;0.0
Punta;143;2;0.0
Jamoncito;143;2;840.1612903225807
Medio Muslo;143;2;1815.338824126907
Entero;144;2;579.0737245864831
Medio Pollo;144;2;604.2984240286254
Medio Pollo Superior;144;2;500.4890747017692
Medio Pollo Inferior;144;2;636.5689032226284
Cuarto de Pollo Superior;144;2;622.3044211809676
Muslo Entero;144;2;1122.5665768544848
Pechuga Completa;144;2;1762.5124825738028
Ala Completa;144;2;830.3568132933519
Media Pechuga;144;2;1869.2137270264013
Blanqueta;144;2;0.0
Alón;144;2;0.0
Punta;144;2;0.0
Jamoncito;144;2;854.3118279569893
Medio Muslo;144;2;1346.725259906372
Entero;145;2;330.18016691154475
Medio Pollo;145;2;733.4319652632365
Medio Pollo Superior;145;2;510.1519363058794
Medio Pollo Inferior;145;2;815.892674025605
Cuarto de Pollo Superior;145;2;917.6580828377321
Muslo Entero;145;2;599.1663141203269
Pechuga Completa;145;2;1208.1232588725109
Ala Completa;145;2;581.4550974661965
Media Pechuga;145;2;1542.9684292733368
Blanqueta;145;2;0.0
Alón;145;2;0.0
Punta;145;2;0.0
Jamoncito;145;2;854.1612903225807
Medio Muslo;145;2;1694.5793849917
Entero;146;2;507.64403917507354
Medio Pollo;146;2;370.41592975917155
Medio Pollo Superior;146;2;574.246662960834
Medio Pollo Inferior;146;2;701.313204866956
Cuarto de Pollo Superior;146;2;965.5911983097329
Muslo Entero;146;2;636.2134448051797
Pechuga Completa;146;2;1860.7111732791313
Ala Completa;146;2;583.5637678420763
Media Pechuga;146;2;1958.7407537635138
Blanqueta;146;2;0.0
Alón;146;2;0.0
Punta;146;2;0.0
Jamoncito;146;2;747.3571093445657
Medio Muslo;146;2;1728.6381829312327
Entero;147;2;386.64710154517337
Medio Pollo;147;2;352.02265998036364
Medio Pollo Superior;147;2;745.3870779567299
Medio Pollo Inferior;147;2;626.2694714961001
Cuarto de Pollo Superior;147;2;768.8576055927658
Muslo Entero;147;2;1057.2515912131425
Pechuga Completa;147;2;1389.4122586024935
Ala Completa;147;2;563.1882910778778
Media Pechuga;147;2;1812.51905056003
Blanqueta;147;2;0.0
Alón;147;2;0.0
Punta;147;2;0.0
Jamoncito;147;2;797.1187771115567
Medio Muslo;147;2;1726.293476093836
Entero;148;2;437.71235251822924
Medio Pollo;148;2;560.2048991653455
Medio Pollo Superior;148;2;977.7275259108034
Medio Pollo Inferior;148;2;853.7228762722389
Cuarto de Pollo Superior;148;2;1309.3889069584568
Muslo Entero;148;2;1097.8492121730624
Pechuga Completa;148;2;881.2069965936514
Ala Completa;148;2;842.3382324585799
Media Pechuga;148;2;1704.2782682002048
Blanqueta;148;2;1.8189894035458563e-12
Alón;148;2;8.929584344679648e-13
Punta;148;2;0.0
Jamoncito;148;2;663.3852593505433
Medio Muslo;148;2;1609.828740534912
Entero;149;2;485.25931458587553
Medio Pollo;149;2;346.89385689487744
Medio Pollo Superior;149;2;641.4274602938019
Medio Pollo Inferior;149;2;767.0956137675246
Cuarto de Pollo Superior;149;2;818.4759826202448
Muslo Entero;149;2;708.0150063000965
Pechuga Completa;149;2;1796.844669974342
Ala Completa;149;2;424.68933798938843
Media Pechuga;149;2;1171.4933102625762
Blanqueta;149;2;0.0
Alón;149;2;0.0
Punta;149;2;0.0
Jamoncito;149;2;1083.5548925539335
Medio Muslo;149;2;1628.8164207553941
Entero;150;2;458.0
Medio Pollo;150;2;347.78124134373235
Medio Pollo Superior;150;2;906.3225806451613
Medio Pollo Inferior;150;2;460.8859504701671
Cuarto de Pollo Superior;150;2;787.0176537666317
Muslo Entero;150;2;885.5100811651148
Pechuga Completa;150;2;1432.1664119468428
Ala Completa;150;2;501.9627242144469
Media Pechuga;150;2;2033.1977133914936
Blanqueta;150;2;0.0
Alón;150;2;0.0
Punta;150;2;0.0
Jamoncito;150;2;506.8321288978718
Medio Muslo;150;2;1457.393317861462
Entero;151;2;276.9518510681291
Medio Pollo;151;2;662.1189998333572
Medio Pollo Superior;151;2;574.2944376393763
Medio Pollo Inferior;151;2;655.667154572376
Cuarto de Pollo Superior;151;2;1311.9221524729671
Muslo Entero;151;2;777.3164299822806
Pechuga Completa;151;2;1058.9158259951134
Ala Completa;151;2;675.401727260357
Media Pechuga;151;2;1138.9526622380324
Blanqueta;151;2;0.0
Alón;151;2;0.0
Punta;151;2;0.0
Jamoncito;151;2;833.8448126775388
Medio Muslo;151;2;1169.1873548161502
Entero;152;2;456.01830764985795
Medio Pollo;152;2;505.56594987757757
Medio Pollo Superior;152;2;637.6182638128391
Medio Pollo Inferior;152;2;917.7524770143937
Cuarto de Pollo Superior;152;2;673.7478938837374
Muslo Entero;152;2;1186.3220628003498
Pechuga Completa;152;2;1293.0467094224946
Ala Completa;152;2;650.2331957891779
Media Pechuga;152;2;2037.5862061459254
Blanqueta;152;2;0.0
Alón;152;2;0.0
Punta;152;2;0.0
Jamoncito;152;2;717.403431061894
Medio Muslo;152;2;1302.8482259142756
Entero;153;2;606.2764895547292
Medio Pollo;153;2;513.3896288310542
Medio Pollo Superior;153;2;1059.95826628972
Medio Pollo Inferior;153;2;718.3573993148736
Cuarto de Pollo Superior;153;2;660.7684547713096
Muslo Entero;153;2;996.354438046364
Pechuga Completa;153;2;1167.7844902608879
Ala Completa;153;2;830.9894326410667
Media Pechuga;153;2;2229.2992501945214
Blanqueta;153;2;0.0
Alón;153;2;0.0
Punta;153;2;0.0
Jamoncito;153;2;989.9779771997413
Medio Muslo;153;2;1616.7429528864707
Entero;154;2;471.5373936994896
Medio Pollo;154;2;573.606430687258
Medio Pollo Superior;154;2;512.9051209109048
Medio Pollo Inferior;154;2;825.6388398028765
Cuarto de Pollo Superior;154;2;1364.665033617606
Muslo Entero;154;2;577.6247302853734
Pechuga Completa;154;2;1203.4698941454224
Ala Completa;154;2;625.6759328504178
Media Pechuga;154;2;1758.9153193514178
Blanqueta;154;2;0.0
Alón;154;2;0.0
Punta;154;2;0.0
Jamoncito;154;2;959.3755504645765
Medio Muslo;154;2;901.8267942676242
Entero;155;2;471.21595802779416
Medio Pollo;155;2;748.7673577305551
Medio Pollo Superior;155;2;767.3160029031153
Medio Pollo Inferior;155;2;914.5845749880954
Cuarto de Pollo Superior;155;2;1065.1331975523537
Muslo Entero;155;2;855.1975401046556
Pechuga Completa;155;2;1502.3744269905444
Ala Completa;155;2;677.4795437622831
Media Pechuga;155;2;1463.179512903316
Blanqueta;155;2;0.0
Alón;155;2;0.0
Punta;155;2;0.0
Jamoncito;155;2;873.1768376771332
Medio Muslo;155;2;1517.4448583997878
Entero;156;2;426.324294154136
Medio Pollo;156;2;486.6659903161591
Medio Pollo Superior;156;2;849.6078542327466
Medio Pollo Inferior;156;2;389.0825061979847
Cuarto de Pollo Superior;156;2;819.4480599989159
Muslo Entero;156;2;809.6710818132384
Pechuga Completa;156;2;1583.6575127625215
Ala Completa;156;2;625.486870420506
Media Pechuga;156;2;1974.0126057974298
Blanqueta;156;2;0.0
Alón;156;2;0.0
Punta;156;2;0.0
Jamoncito;156;2;1095.1572929941722
Medio Muslo;156;2;1593.4128005849047
Entero;157;2;380.7181824293454
Medio Pollo;157;2;393.19119276894594
Medio Pollo Superior;157;2;547.64068233649
Medio Pollo Inferior;157;2;807.7741935483871
Cuarto de Pollo Superior;157;2;1235.600812267871
Muslo Entero;157;2;974.4293674547441
Pechuga Completa;157;2;1585.6874281106452
Ala Completa;157;2;435.5823508762437
Media Pechuga;157;2;1313.3280246179384
Blanqueta;157;2;0.0
Alón;157;2;0.0
Punta;157;2;0.0
Jamoncito;157;2;978.3879406502421
Medio Muslo;157;2;1584.8810726354416
Entero;158;2;347.051961696002
Medio Pollo;158;2;509.4896176546433
Medio Pollo Superior;158;2;611.2697531723759
Medio Pollo Inferior;158;2;712.5437680275938
Cuarto de Pollo Superior;158;2;655.349736955098
Muslo Entero;158;2;928.5256736265075
Pechuga Completa;158;2;1487.1035593092854
Ala Completa;158;2;497.0256731926604
Media Pechuga;158;2;1637.3543694499606
Blanqueta;158;2;0.0
Alón;158;2;0.0
Punta;158;2;0.0
Jamoncito;158;2;882.0086351775128
Medio Muslo;158;2;1857.4261091198966
Entero;159;2;618.1002779944613
Medio Pollo;159;2;664.4867036868013
Medio Pollo Superior;159;2;834.9010081443608
Medio Pollo Inferior;159;2;432.4059261217843
Cuarto de Pollo Superior;159;2;771.617011535555
Muslo Entero;159;2;1061.084193254552
Pechuga Completa;159;2;1382.4522213472717
Ala Completa;159;2;760.1978740261895
Media Pechuga;159;2;1703.902922689567
Blanqueta;159;2;0.0
Alón;159;2;0.0
Punta;159;2;0.0
Jamoncito;159;2;680.8884692603909
Medio Muslo;159;2;1118.4489779599419
Entero;160;2;493.03326030588306
Medio Pollo;160;2;372.2089501731394
Medio Pollo Superior;160;2;922.2682161502578
Medio Pollo Inferior;160;2;550.073274533019
Cuarto de Pollo Superior;160;2;782.2717409236666
Muslo Entero;160;2;924.6719648581533
Pechuga Completa;160;2;1885.363381532974
Ala Completa;160;2;651.0198707878228
Media Pechuga;160;2;1984.4892732693766
Blanqueta;160;2;0.0
Alón;160;2;0.0
Punta;160;2;0.0
Jamoncito;160;2;676.1088563064544
Medio Muslo;160;2;1289.5425610885382
Entero;161;2;483.77202341431325
Medio Pollo;161;2;661.3227055275363
Medio Pollo Superior;161;2;735.9940471447577
Medio Pollo Inferior;161;2;926.6992725120658
Cuarto de Pollo Superior;161;2;654.9864995746618
Muslo Entero;161;2;791.0312841056276
Pechuga Completa;161;2;1432.9493466811987
Ala Completa;161;2;559.1945997705839
Media Pechuga;161;2;1518.1007112097172
Blanqueta;161;2;0.0
Alón;161;2;0.0
Punta;161;2;0.0
Jamoncito;161;2;874.31124997811
Medio Muslo;161;2;2000.080658269654
Entero;162;2;314.9320562225034
Medio Pollo;162;2;414.49653657629506
Medio Pollo Superior;162;2;794.682552711428
Medio Pollo Inferior;162;2;961.3100168700531
Cuarto de Pollo Superior;162;2;1057.9637691664661
Muslo Entero;162;2;1028.474395307792
Pechuga Completa;162;2;1707.9260180311157
Ala Completa;162;2;774.5909388845228
Media Pechuga;162;2;2131.7963214558913
Blanqueta;162;2;0.0
Alón;162;2;0.0
Punta;162;2;0.0
Jamoncito;162;2;518.370173523883
Medio Muslo;162;2;1813.2001172511564
Entero;163;2;352.22163659260315
Medio Pollo;163;2;606.4656823318331
Medio Pollo Superior;163;2;777.3237346723091
Medio Pollo Inferior;163;2;667.2903225806452
Cuarto de Pollo Superior;163;2;998.9013934225278
Muslo Entero;163;2;875.5369246776789
Pechuga Completa;163;2;956.7125146030525
Ala Completa;163;2;766.5070643443012
Media Pechuga;163;2;1553.9561915394706
Blanqueta;163;2;0.0
Alón;163;2;0.0
Punta;163;2;0.0
Jamoncito;163;2;956.2844411097309
Medio Muslo;163;2;1022.2543991673615
Entero;164;2;382.0068502124504
Medio Pollo;164;2;756.3837388514655
Medio Pollo Superior;164;2;482.3274748197612
Medio Pollo Inferior;164;2;722.6451612903226
Cuarto de Pollo Superior;164;2;917.098794721234
Muslo Entero;164;2;646.4794339020071
Pechuga Completa;164;2;1464.1018495682606
Ala Completa;164;2;499.1564542543382
Media Pechuga;164;2;2269.8219302955185
Blanqueta;164;2;0.0
Alón;164;2;0.0
Punta;164;2;0.0
Jamoncito;164;2;1076.5640063852713
Medio Muslo;164;2;1634.5906596961456
Entero;165;2;415.8312264319545
Medio Pollo;165;2;518.8827713373325
Medio Pollo Superior;165;2;832.5310595958586
Medio Pollo Inferior;165;2;722.6451612903226
Cuarto de Pollo Superior;165;2;806.8799672709579
Muslo Entero;165;2;985.4013863933677
Pechuga Completa;165;2;1095.2118466760735
Ala Completa;165;2;561.673513024239
Media Pechuga;165;2;1708.5808695841388
Blanqueta;165;2;0.0
Alón;165;2;0.0
Punta;165;2;0.0
Jamoncito;165;2;1035.936758110731
Medio Muslo;165;2;1421.9889996130494
Entero;166;2;496.98488508801796
Medio Pollo;166;2;396.27295601497616
Medio Pollo Superior;166;2;632.2044117740044
Medio Pollo Inferior;166;2;722.6451612903226
Cuarto de Pollo Superior;166;2;690.2624814105108
Muslo Entero;166;2;650.5380592138803
Pechuga Completa;166;2;1054.7757831089127
Ala Completa;166;2;815.3107176425456
Media Pechuga;166;2;1283.4696180898666
Blanqueta;166;2;0.0
Alón;166;2;0.0
Punta;166;2;0.0
Jamoncito;166;2;605.2651748778837
Medio Muslo;166;2;1429.2239748174309
Entero;167;2;442.4583740600109
Medio Pollo;167;2;406.38014064987277
Medio Pollo Superior;167;2;900.0163204210838
Medio Pollo Inferior;167;2;590.7992854206243
Cuarto de Pollo Superior;167;2;822.1683645961174
Muslo Entero;167;2;1125.4966915423984
Pechuga Completa;167;2;1906.6699168870125
Ala Completa;167;2;495.09290743195635
Media Pechuga;167;2;1721.6942878202492
Blanqueta;167;2;0.0
Alón;167;2;0.0
Punta;167;2;0.0
Jamoncito;167;2;619.2371945662827
Medio Muslo;167;2;1071.6215446350304
Entero;168;2;585.446921887154
Medio Pollo;168;2;491.9080323458885
Medio Pollo Superior;168;2;535.7264030129576
Medio Pollo Inferior;168;2;854.4910371600208
Cuarto de Pollo Superior;168;2;1225.1606726957232
Muslo Entero;168;2;963.1999081056823
Pechuga Completa;168;2;1782.8976068907916
Ala Completa;168;2;719.9423168190082
Media Pechuga;168;2;1910.0718028339068
Blanqueta;168;2;0.0
Alón;168;2;0.0
Punta;168;2;0.0
Jamoncito;168;2;852.9620130122811
Medio Muslo;168;2;1776.9506853873697
Entero;1;3;299.8690337091185
Medio Pollo;1;3;520.5
Medio Pollo Superior;1;3;738.5806451612904
Medio Pollo Inferior;1;3;666.7741935483817
Cuarto de Pollo Superior;1;3;692.7733879462968
Muslo Entero;1;3;864.9193548390596
Pechuga Completa;1;3;1332.6774193552424
Ala Completa;1;3;595.3548387097569
Media Pechuga;1;3;1219.8227177519132
Blanqueta;1;3;0.0
Alón;1;3;0.0
Punta;1;3;0.0
Jamoncito;1;3;814.8602150537635
Medio Muslo;1;3;1218.7769463160369
Entero;2;3;418.46253323159146
Medio Pollo;2;3;535.5
Medio Pollo Superior;2;3;704.098210466013
Medio Pollo Inferior;2;3;690.7741935483808
Cuarto de Pollo Superior;2;3;1100.5178184950662
Muslo Entero;2;3;824.9572573316303
Pechuga Completa;2;3;1347.4896693367004
Ala Completa;2;3;624.3548387097571
Media Pechuga;2;3;1376.067352885484
Blanqueta;2;3;0.0
Alón;2;3;0.0
Punta;2;3;0.0
Jamoncito;2;3;702.7290677434737
Medio Muslo;2;3;1524.3916634259365
Entero;3;3;453.8266052835696
Medio Pollo;3;3;535.5000000004222
Medio Pollo Superior;3;3;667.0732261826049
Medio Pollo Inferior;3;3;690.7741935483817
Cuarto de Pollo Superior;3;3;968.9683674582943
Muslo Entero;3;3;814.0222282363267
Pechuga Completa;3;3;1425.865169373375
Ala Completa;3;3;624.3548387096753
Media Pechuga;3;3;2208.3334263953257
Blanqueta;3;3;2.1290638267865833e-12
Alón;3;3;3.606952560435577e-12
Punta;3;3;3.631799312855623e-12
Jamoncito;3;3;976.9913623640541
Medio Muslo;3;3;1680.153970903189
Entero;4;3;371.6226964557685
Medio Pollo;4;3;471.8343308026033
Medio Pollo Superior;4;3;910.5704988352531
Medio Pollo Inferior;4;3;690.7741935483817
Cuarto de Pollo Superior;4;3;935.1012718106248
Muslo Entero;4;3;813.3532242401579
Pechuga Completa;4;3;1386.6774193547471
Ala Completa;4;3;624.3548387097296
Media Pechuga;4;3;1306.8025558117724
Blanqueta;4;3;1.8866269229038127e-12
Alón;4;3;3.4643665845692362e-12
Punta;4;3;0.0
Jamoncito;4;3;587.1586588625855
Medio Muslo;4;3;1339.5857549493464
Entero;5;3;305.22020530552726
Medio Pollo;5;3;474.01355917383927
Medio Pollo Superior;5;3;760.5806451612904
Medio Pollo Inferior;5;3;588.8357178766964
Cuarto de Pollo Superior;5;3;1147.782374443597
Muslo Entero;5;3;1131.344709547827
Pechuga Completa;5;3;1055.388200089857
Ala Completa;5;3;596.5754870452554
Media Pechuga;5;3;1676.4890735557565
Blanqueta;5;3;1.116045267849392e-12
Alón;5;3;2.6040906725395453e-12
Punta;5;3;0.0
Jamoncito;5;3;1065.4661773972323
Medio Muslo;5;3;1491.585395318536
Entero;6;3;305.2956094566589
Medio Pollo;6;3;321.8874258966073
Medio Pollo Superior;6;3;646.3337269849821
Medio Pollo Inferior;6;3;419.99281251324334
Cuarto de Pollo Superior;6;3;1044.6309733946723
Muslo Entero;6;3;895.9193548390003
Pechuga Completa;6;3;832.870013619565
Ala Completa;6;3;652.1341903742311
Media Pechuga;6;3;2188.034903280345
Blanqueta;6;3;1.6146976049087123e-12
Alón;6;3;2.58191286334337e-12
Punta;6;3;0.0
Jamoncito;6;3;866.9558089014942
Medio Muslo;6;3;1535.959594793543
Entero;7;3;274.3797848399747
Medio Pollo;7;3;678.2969480024149
Medio Pollo Superior;7;3;715.6798501780042
Medio Pollo Inferior;7;3;588.2881948382624
Cuarto de Pollo Superior;7;3;637.9549313914334
Muslo Entero;7;3;695.7589717308455
Pechuga Completa;7;3;1595.4291688639019
Ala Completa;7;3;469.86566218470836
Media Pechuga;7;3;1309.6753575506625
Blanqueta;7;3;1.1714043027748522e-12
Alón;7;3;0.0
Punta;7;3;0.0
Jamoncito;7;3;742.5748761494109
Medio Muslo;7;3;1569.2993624654964
Entero;8;3;398.4888505174416
Medio Pollo;8;3;319.5942094992803
Medio Pollo Superior;8;3;622.0596795305411
Medio Pollo Inferior;8;3;616.615080918426
Cuarto de Pollo Superior;8;3;1055.4076836911725
Muslo Entero;8;3;840.9313671007372
Pechuga Completa;8;3;1291.1517268384468
Ala Completa;8;3;733.278433034631
Media Pechuga;8;3;1237.7790216668857
Blanqueta;8;3;2.046448990257209e-12
Alón;8;3;0.0
Punta;8;3;0.0
Jamoncito;8;3;839.0752947890707
Medio Muslo;8;3;1484.1075268816041
Entero;9;3;558.080671788053
Medio Pollo;9;3;606.6380869091403
Medio Pollo Superior;9;3;516.5699380647125
Medio Pollo Inferior;9;3;840.4231318750532
Cuarto de Pollo Superior;9;3;938.9524309573288
Muslo Entero;9;3;773.0810086971425
Pechuga Completa;9;3;1542.0024834369651
Ala Completa;9;3;396.60768492801844
Media Pechuga;9;3;1226.60304658986
Blanqueta;9;3;1.3325484917066885e-12
Alón;9;3;0.0
Punta;9;3;0.0
Jamoncito;9;3;937.9304742227664
Medio Muslo;9;3;1484.1075268817583
Entero;10;3;531.3275674814182
Medio Pollo;10;3;652.7021604341645
Medio Pollo Superior;10;3;989.3219144247115
Medio Pollo Inferior;10;3;783.1161565966692
Cuarto de Pollo Superior;10;3;1089.9441693834162
Muslo Entero;10;3;585.9296570368631
Pechuga Completa;10;3;990.5986032390672
Ala Completa;10;3;515.9317547138133
Media Pechuga;10;3;1615.3780262563218
Blanqueta;10;3;0.0
Alón;10;3;0.0
Punta;10;3;0.0
Jamoncito;10;3;820.0635250747058
Medio Muslo;10;3;1484.107526881758
Entero;11;3;255.19094314037665
Medio Pollo;11;3;488.4045143548018
Medio Pollo Superior;11;3;1027.370215369214
Medio Pollo Inferior;11;3;851.2091145635836
Cuarto de Pollo Superior;11;3;601.0827941829796
Muslo Entero;11;3;740.1094944064133
Pechuga Completa;11;3;1138.6241130017556
Ala Completa;11;3;492.380810945376
Media Pechuga;11;3;1118.615584772172
Blanqueta;11;3;0.0
Alón;11;3;0.0
Punta;11;3;0.0
Jamoncito;11;3;859.6569050328425
Medio Muslo;11;3;1447.6417201808633
Entero;12;3;264.82486449303815
Medio Pollo;12;3;355.8886501341846
Medio Pollo Superior;12;3;733.4570584243844
Medio Pollo Inferior;12;3;427.6753396247939
Cuarto de Pollo Superior;12;3;838.3495643292229
Muslo Entero;12;3;1128.3289242559695
Pechuga Completa;12;3;1027.2818582456616
Ala Completa;12;3;532.657303258008
Media Pechuga;12;3;1374.0971737770187
Blanqueta;12;3;0.0
Alón;12;3;0.0
Punta;12;3;0.0
Jamoncito;12;3;708.9883190652704
Medio Muslo;12;3;1000.0485653859827
Entero;13;3;404.72085598734213
Medio Pollo;13;3;701.7789834870216
Medio Pollo Superior;13;3;597.3623226241198
Medio Pollo Inferior;13;3;650.3249055724942
Cuarto de Pollo Superior;13;3;1074.2774131375215
Muslo Entero;13;3;999.0083678568207
Pechuga Completa;13;3;1642.6394307615174
Ala Completa;13;3;522.2667002604941
Media Pechuga;13;3;1928.7194100777372
Blanqueta;13;3;0.0
Alón;13;3;0.0
Punta;13;3;0.0
Jamoncito;13;3;602.4458671806425
Medio Muslo;13;3;882.7443288584068
Entero;14;3;460.72317787550577
Medio Pollo;14;3;408.4147589675606
Medio Pollo Superior;14;3;815.0952640756215
Medio Pollo Inferior;14;3;569.1198895699985
Cuarto de Pollo Superior;14;3;1236.8458550933306
Muslo Entero;14;3;1204.638396708644
Pechuga Completa;14;3;1228.6078247426015
Ala Completa;14;3;628.7408091512623
Media Pechuga;14;3;1330.3965995289793
Blanqueta;14;3;0.0
Alón;14;3;0.0
Punta;14;3;0.0
Jamoncito;14;3;818.0081932448132
Medio Muslo;14;3;1075.3862568572808
Entero;15;3;288.0192453904922
Medio Pollo;15;3;381.29843444864457
Medio Pollo Superior;15;3;569.2115864113787
Medio Pollo Inferior;15;3;602.6539226173419
Cuarto de Pollo Superior;15;3;1184.2263807916804
Muslo Entero;15;3;937.1162255448268
Pechuga Completa;15;3;1677.616003403656
Ala Completa;15;3;465.22604669251075
Media Pechuga;15;3;1482.6999857329397
Blanqueta;15;3;0.0
Alón;15;3;0.0
Punta;15;3;0.0
Jamoncito;15;3;571.244060827626
Medio Muslo;15;3;1958.8964996438583
Entero;16;3;438.4966168683549
Medio Pollo;16;3;510.4345402242468
Medio Pollo Superior;16;3;914.3435943067467
Medio Pollo Inferior;16;3;536.6792815444138
Cuarto de Pollo Superior;16;3;1143.5742577132728
Muslo Entero;16;3;969.0208818195141
Pechuga Completa;16;3;1696.8623684463669
Ala Completa;16;3;507.3609151420781
Media Pechuga;16;3;1766.5985876250468
Blanqueta;16;3;0.0
Alón;16;3;0.0
Punta;16;3;0.0
Jamoncito;16;3;673.1485781878687
Medio Muslo;16;3;1638.5180647119366
Entero;17;3;309.13891557466945
Medio Pollo;17;3;428.01945684747915
Medio Pollo Superior;17;3;850.1149441805433
Medio Pollo Inferior;17;3;649.304533208742
Cuarto de Pollo Superior;17;3;1057.8038741683908
Muslo Entero;17;3;660.6184853118074
Pechuga Completa;17;3;984.688998446125
Ala Completa;17;3;715.6928971861838
Media Pechuga;17;3;1150.0929612216337
Blanqueta;17;3;0.0
Alón;17;3;0.0
Punta;17;3;0.0
Jamoncito;17;3;512.1069043847093
Medio Muslo;17;3;1895.6047966165643
Entero;18;3;446.8270136420244
Medio Pollo;18;3;362.87533370373257
Medio Pollo Superior;18;3;890.6282925218204
Medio Pollo Inferior;18;3;649.0561508007908
Cuarto de Pollo Superior;18;3;987.1290322581348
Muslo Entero;18;3;1005.7176705814801
Pechuga Completa;18;3;1845.8377023700446
Ala Completa;18;3;679.8249783076003
Media Pechuga;18;3;1343.2252189675867
Blanqueta;18;3;0.0
Alón;18;3;0.0
Punta;18;3;0.0
Jamoncito;18;3;593.9080146200548
Medio Muslo;18;3;1121.958161822383
Entero;19;3;545.8163081543698
Medio Pollo;19;3;620.27811493587
Medio Pollo Superior;19;3;760.5806451612908
Medio Pollo Inferior;19;3;446.4292617236323
Cuarto de Pollo Superior;19;3;987.1290322581344
Muslo Entero;19;3;1026.3845048046715
Pechuga Completa;19;3;881.1280252757442
Ala Completa;19;3;463.6294247066768
Media Pechuga;19;3;1118.1029056281861
Blanqueta;19;3;0.0
Alón;19;3;0.0
Punta;19;3;0.0
Jamoncito;19;3;546.0905077298346
Medio Muslo;19;3;1675.4430147251662
Entero;20;3;411.1081454394735
Medio Pollo;20;3;719.5329974608164
Medio Pollo Superior;20;3;600.6630699472981
Medio Pollo Inferior;20;3;737.205844722436
Cuarto de Pollo Superior;20;3;681.2605730684285
Muslo Entero;20;3;680.9978275931195
Pechuga Completa;20;3;861.6465429815214
Ala Completa;20;3;805.941894984929
Media Pechuga;20;3;1241.9078420866924
Blanqueta;20;3;0.0
Alón;20;3;0.0
Punta;20;3;0.0
Jamoncito;20;3;832.1555091438587
Medio Muslo;20;3;1511.1492601358116
Entero;21;3;340.3351733087154
Medio Pollo;21;3;508.9362865447511
Medio Pollo Superior;21;3;717.1635967976997
Medio Pollo Inferior;21;3;760.2276302497415
Cuarto de Pollo Superior;21;3;602.3975921940719
Muslo Entero;21;3;935.5521507236689
Pechuga Completa;21;3;1475.781019559034
Ala Completa;21;3;649.8393630192646
Media Pechuga;21;3;2036.3016331247309
Blanqueta;21;3;0.0
Alón;21;3;0.0
Punta;21;3;0.0
Jamoncito;21;3;1055.4117389113253
Medio Muslo;21;3;1846.4700016957247
Entero;22;3;634.0312589395269
Medio Pollo;22;3;420.9231823717464
Medio Pollo Superior;22;3;507.1749654839384
Medio Pollo Inferior;22;3;462.3510805889409
Cuarto de Pollo Superior;22;3;1390.958725113682
Muslo Entero;22;3;688.6437204691152
Pechuga Completa;22;3;999.5620765833993
Ala Completa;22;3;518.3918667616717
Media Pechuga;22;3;1155.1219190542977
Blanqueta;22;3;7.243801756552301e-13
Alón;22;3;3.0643306702219315e-12
Punta;22;3;9.079498282139055e-13
Jamoncito;22;3;870.5130495327621
Medio Muslo;22;3;1423.709966458148
Entero;23;3;649.2829757390134
Medio Pollo;23;3;425.3347952639444
Medio Pollo Superior;23;3;916.5938392680823
Medio Pollo Inferior;23;3;958.2472991033028
Cuarto de Pollo Superior;23;3;749.1922919543251
Muslo Entero;23;3;680.9842296682397
Pechuga Completa;23;3;1612.4867148082594
Ala Completa;23;3;702.802624263375
Media Pechuga;23;3;1583.8740923559476
Blanqueta;23;3;8.355592353896651e-13
Alón;23;3;0.0
Punta;23;3;0.0
Jamoncito;23;3;1008.3712755798139
Medio Muslo;23;3;992.6009799884861
Entero;24;3;163.91094736049672
Medio Pollo;24;3;810.5741755890482
Medio Pollo Superior;24;3;608.1269879275476
Medio Pollo Inferior;24;3;452.0660186067289
Cuarto de Pollo Superior;24;3;1018.2386243854096
Muslo Entero;24;3;1179.0297120611895
Pechuga Completa;24;3;1112.8555728109802
Ala Completa;24;3;740.2576364253673
Media Pechuga;24;3;2227.0983130805535
Blanqueta;24;3;9.649362123683698e-13
Alón;24;3;0.0
Punta;24;3;0.0
Jamoncito;24;3;566.5641364391311
Medio Muslo;24;3;943.1900909127148
Entero;25;3;289.84253809521147
Medio Pollo;25;3;559.1391859760506
Medio Pollo Superior;25;3;632.8503827890751
Medio Pollo Inferior;25;3;863.7366115135762
Cuarto de Pollo Superior;25;3;917.9890510006554
Muslo Entero;25;3;638.1941999573845
Pechuga Completa;25;3;1616.156037647769
Ala Completa;25;3;447.00287431662525
Media Pechuga;25;3;1950.9998482954172
Blanqueta;25;3;1.087968206369226e-12
Alón;25;3;0.0
Punta;25;3;0.0
Jamoncito;25;3;1214.197270776293
Medio Muslo;25;3;960.6174417914693
Entero;26;3;569.6306586262349
Medio Pollo;26;3;517.7376454083919
Medio Pollo Superior;26;3;725.2002835988175
Medio Pollo Inferior;26;3;837.6454131790445
Cuarto de Pollo Superior;26;3;929.9324300937099
Muslo Entero;26;3;831.5119888149657
Pechuga Completa;26;3;1947.593695959421
Ala Completa;26;3;404.73166009035936
Media Pechuga;26;3;1188.836484498778
Blanqueta;26;3;7.931254582788853e-13
Alón;26;3;0.0
Punta;26;3;0.0
Jamoncito;26;3;864.3557335091931
Medio Muslo;26;3;1395.4626151210566
Entero;27;3;585.5268032785536
Medio Pollo;27;3;695.1149564894965
Medio Pollo Superior;27;3;580.4888059269838
Medio Pollo Inferior;27;3;688.8635737524384
Cuarto de Pollo Superior;27;3;1392.6822067479861
Muslo Entero;27;3;1210.816519766773
Pechuga Completa;27;3;1339.0965033811906
Ala Completa;27;3;573.3368686212848
Media Pechuga;27;3;1997.4845822902946
Blanqueta;27;3;5.978890447536884e-13
Alón;27;3;0.0
Punta;27;3;0.0
Jamoncito;27;3;604.7128407697326
Medio Muslo;27;3;1613.474760614444
Entero;28;3;482.0
Medio Pollo;28;3;689.3435312755817
Medio Pollo Superior;28;3;566.9362561989425
Medio Pollo Inferior;28;3;752.9984482218007
Cuarto de Pollo Superior;28;3;709.2654413890249
Muslo Entero;28;3;1130.089024224333
Pechuga Completa;28;3;937.9400201063282
Ala Completa;28;3;378.98996723653187
Media Pechuga;28;3;1421.645445830935
Blanqueta;28;3;6.163192873013069e-13
Alón;28;3;0.0
Punta;28;3;0.0
Jamoncito;28;3;1006.5309770162206
Medio Muslo;28;3;1271.5305406543287
Entero;29;3;482.0
Medio Pollo;29;3;464.9618144288364
Medio Pollo Superior;29;3;911.0304813659692
Medio Pollo Inferior;29;3;949.1547656850565
Cuarto de Pollo Superior;29;3;1172.134729468827
Muslo Entero;29;3;801.7691078727528
Pechuga Completa;29;3;1185.6092521588987
Ala Completa;29;3;470.2047578766371
Media Pechuga;29;3;1200.5958760805495
Blanqueta;29;3;0.0
Alón;29;3;0.0
Punta;29;3;0.0
Jamoncito;29;3;982.4930409673111
Medio Muslo;29;3;2015.8810050380782
Entero;30;3;358.15993550591713
Medio Pollo;30;3;376.98847513410055
Medio Pollo Superior;30;3;1112.0909069896918
Medio Pollo Inferior;30;3;645.5217560165989
Cuarto de Pollo Superior;30;3;740.0964900400908
Muslo Entero;30;3;597.6471831215702
Pechuga Completa;30;3;893.8261004690396
Ala Completa;30;3;584.9282840017624
Media Pechuga;30;3;1412.8455264071038
Blanqueta;30;3;0.0
Alón;30;3;0.0
Punta;30;3;0.0
Jamoncito;30;3;1193.2707444058049
Medio Muslo;30;3;952.148611276668
Entero;31;3;594.8607453206414
Medio Pollo;31;3;707.864642746098
Medio Pollo Superior;31;3;997.4007192510213
Medio Pollo Inferior;31;3;718.0322580645161
Cuarto de Pollo Superior;31;3;1443.3026269645698
Muslo Entero;31;3;882.4163881624276
Pechuga Completa;31;3;1057.9551222106502
Ala Completa;31;3;580.8202759409824
Media Pechuga;31;3;1227.5903687024115
Blanqueta;31;3;0.0
Alón;31;3;0.0
Punta;31;3;0.0
Jamoncito;31;3;614.7938331578129
Medio Muslo;31;3;1472.0225169265489
Entero;32;3;299.8943373118052
Medio Pollo;32;3;696.341658501324
Medio Pollo Superior;32;3;1006.098897386201
Medio Pollo Inferior;32;3;790.1612903225807
Cuarto de Pollo Superior;32;3;1179.4728138724647
Muslo Entero;32;3;787.921872975198
Pechuga Completa;32;3;1150.7834623668894
Ala Completa;32;3;394.50903255881144
Media Pechuga;32;3;1249.5750807265586
Blanqueta;32;3;0.0
Alón;32;3;0.0
Punta;32;3;0.0
Jamoncito;32;3;634.4261111640477
Medio Muslo;32;3;1190.0910114425662
Entero;33;3;377.220595876542
Medio Pollo;33;3;380.14767302300254
Medio Pollo Superior;33;3;552.1375167217449
Medio Pollo Inferior;33;3;430.4267801081592
Cuarto de Pollo Superior;33;3;896.1537235662756
Muslo Entero;33;3;783.2355053651928
Pechuga Completa;33;3;1440.1193804995955
Ala Completa;33;3;665.4930750795406
Media Pechuga;33;3;1721.0997072716161
Blanqueta;33;3;0.0
Alón;33;3;0.0
Punta;33;3;0.0
Jamoncito;33;3;737.1390887006282
Medio Muslo;33;3;1033.088826598651
Entero;34;3;516.5084129711653
Medio Pollo;34;3;401.1426728307084
Medio Pollo Superior;34;3;695.7542485070594
Medio Pollo Inferior;34;3;851.4614527100049
Cuarto de Pollo Superior;34;3;1014.4345232902956
Muslo Entero;34;3;575.6637750467472
Pechuga Completa;34;3;1365.723713295211
Ala Completa;34;3;375.8215535136289
Media Pechuga;34;3;1120.2891504266952
Blanqueta;34;3;0.0
Alón;34;3;0.0
Punta;34;3;0.0
Jamoncito;34;3;563.3104082353973
Medio Muslo;34;3;1602.3162473497816
Entero;35;3;416.7325139382027
Medio Pollo;35;3;706.798437022814
Medio Pollo Superior;35;3;497.1566038136611
Medio Pollo Inferior;35;3;486.37248954775015
Cuarto de Pollo Superior;35;3;1253.3246546294126
Muslo Entero;35;3;626.9489357076062
Pechuga Completa;35;3;967.8299960954032
Ala Completa;35;3;760.4000439814641
Media Pechuga;35;3;1657.7692374417477
Blanqueta;35;3;0.0
Alón;35;3;0.0
Punta;35;3;0.0
Jamoncito;35;3;905.5345188715808
Medio Muslo;35;3;1759.524012863747
Entero;36;3;525.7925126268499
Medio Pollo;36;3;562.0829346131136
Medio Pollo Superior;36;3;943.7736373480972
Medio Pollo Inferior;36;3;570.0908246839329
Cuarto de Pollo Superior;36;3;639.3321378626575
Muslo Entero;36;3;1117.200072857864
Pechuga Completa;36;3;1123.4776876089957
Ala Completa;36;3;742.3211770238142
Media Pechuga;36;3;1182.6527112031379
Blanqueta;36;3;0.0
Alón;36;3;0.0
Punta;36;3;0.0
Jamoncito;36;3;941.1589980837485
Medio Muslo;36;3;1322.835247360829
Entero;37;3;531.6398097417726
Medio Pollo;37;3;516.2012842314118
Medio Pollo Superior;37;3;895.0107151235591
Medio Pollo Inferior;37;3;462.4733875527165
Cuarto de Pollo Superior;37;3;1322.618865218293
Muslo Entero;37;3;1237.5656894386252
Pechuga Completa;37;3;1183.3507704795009
Ala Completa;37;3;600.9454594494894
Media Pechuga;37;3;2290.395340154388
Blanqueta;37;3;0.0
Alón;37;3;0.0
Punta;37;3;0.0
Jamoncito;37;3;818.4138372229498
Medio Muslo;37;3;1679.406099810688
Entero;38;3;583.9679972984625
Medio Pollo;38;3;414.1966850610604
Medio Pollo Superior;38;3;763.6483033588504
Medio Pollo Inferior;38;3;745.8387968697928
Cuarto de Pollo Superior;38;3;796.781069962633
Muslo Entero;38;3;624.5303272671982
Pechuga Completa;38;3;1812.9968001071322
Ala Completa;38;3;467.99444139670834
Media Pechuga;38;3;1248.3961709038688
Blanqueta;38;3;0.0
Alón;38;3;0.0
Punta;38;3;0.0
Jamoncito;38;3;1083.2766520214725
Medio Muslo;38;3;1399.2660166475573
Entero;39;3;479.0302828709723
Medio Pollo;39;3;707.4785499461482
Medio Pollo Superior;39;3;1037.3841733342292
Medio Pollo Inferior;39;3;484.79224382138375
Cuarto de Pollo Superior;39;3;1283.691471412071
Muslo Entero;39;3;840.3325260934259
Pechuga Completa;39;3;870.015587807468
Ala Completa;39;3;692.9745610146994
Media Pechuga;39;3;2307.894410086573
Blanqueta;39;3;0.0
Alón;39;3;0.0
Punta;39;3;0.0
Jamoncito;39;3;548.7819087892502
Medio Muslo;39;3;1968.816164860925
Entero;40;3;406.13027978877614
Medio Pollo;40;3;797.4724143550236
Medio Pollo Superior;40;3;1112.6144531373811
Medio Pollo Inferior;40;3;834.59148715238
Cuarto de Pollo Superior;40;3;1287.4161879285748
Muslo Entero;40;3;794.4319354623551
Pechuga Completa;40;3;1175.8475032616516
Ala Completa;40;3;512.9260426097816
Media Pechuga;40;3;2363.6579029054906
Blanqueta;40;3;0.0
Alón;40;3;0.0
Punta;40;3;0.0
Jamoncito;40;3;1021.473477446925
Medio Muslo;40;3;1291.4645237134614
Entero;41;3;569.9124945443813
Medio Pollo;41;3;776.8945217708135
Medio Pollo Superior;41;3;883.5720263890264
Medio Pollo Inferior;41;3;930.971198146272
Cuarto de Pollo Superior;41;3;879.5947617973076
Muslo Entero;41;3;1078.2419577627093
Pechuga Completa;41;3;860.2303225440278
Ala Completa;41;3;836.055502807741
Media Pechuga;41;3;1322.5321722469444
Blanqueta;41;3;0.0
Alón;41;3;0.0
Punta;41;3;0.0
Jamoncito;41;3;635.7713589646551
Medio Muslo;41;3;1507.1195104908484
Entero;42;3;603.150082204528
Medio Pollo;42;3;549.5780594272863
Medio Pollo Superior;42;3;1042.6031047895397
Medio Pollo Inferior;42;3;742.0557729078171
Cuarto de Pollo Superior;42;3;740.9741785546311
Muslo Entero;42;3;535.6346821398798
Pechuga Completa;42;3;1943.6876466288174
Ala Completa;42;3;542.1423008566173
Media Pechuga;42;3;1253.8756911251219
Blanqueta;42;3;-2.2887901919558878e-11
Alón;42;3;-1.1235879124147086e-11
Punta;42;3;-3.329149370117655e-12
Jamoncito;42;3;1165.839738998552
Medio Muslo;42;3;1103.8086356358085
Entero;43;3;467.1546857939777
Medio Pollo;43;3;622.8539127119303
Medio Pollo Superior;43;3;869.3647342234458
Medio Pollo Inferior;43;3;498.75115819209066
Cuarto de Pollo Superior;43;3;724.4801427609942
Muslo Entero;43;3;629.1442645910846
Pechuga Completa;43;3;1540.5837810874443
Ala Completa;43;3;841.8278048670418
Media Pechuga;43;3;1873.5457377359996
Blanqueta;43;3;9.278892435236718e-12
Alón;43;3;3.2638689024260324e-12
Punta;43;3;1.6566384636618321e-12
Jamoncito;43;3;710.8913369746041
Medio Muslo;43;3;1005.1321317418813
Entero;44;3;642.6503029870479
Medio Pollo;44;3;543.2516915416161
Medio Pollo Superior;44;3;1145.7556259154444
Medio Pollo Inferior;44;3;803.9691329556379
Cuarto de Pollo Superior;44;3;1162.829091749926
Muslo Entero;44;3;716.2209493937386
Pechuga Completa;44;3;1203.231393736041
Ala Completa;44;3;542.2053949384057
Media Pechuga;44;3;1966.197217732585
Blanqueta;44;3;8.566307415052017e-12
Alón;44;3;2.5348212888312412e-12
Punta;44;3;1.5174750542033337e-12
Jamoncito;44;3;970.9499864669685
Medio Muslo;44;3;1228.6793676459256
Entero;45;3;346.3571810602295
Medio Pollo;45;3;484.73640895064773
Medio Pollo Superior;45;3;1006.2330323985343
Medio Pollo Inferior;45;3;930.366147857133
Cuarto de Pollo Superior;45;3;971.499041416321
Muslo Entero;45;3;853.547806445029
Pechuga Completa;45;3;1192.6971845528622
Ala Completa;45;3;407.54325504478106
Media Pechuga;45;3;1118.9348765589068
Blanqueta;45;3;7.0775547499925e-12
Alón;45;3;2.45386432981401e-12
Punta;45;3;1.2645482513003559e-12
Jamoncito;45;3;812.65656858766
Medio Muslo;45;3;2128.230549834233
Entero;46;3;510.73785952950084
Medio Pollo;46;3;446.64389817455674
Medio Pollo Superior;46;3;649.5613810235944
Medio Pollo Inferior;46;3;601.1610236520341
Cuarto de Pollo Superior;46;3;907.540804289061
Muslo Entero;46;3;1064.6673340962805
Pechuga Completa;46;3;1132.6636881659854
Ala Completa;46;3;761.5459885706838
Media Pechuga;46;3;2274.5103665680613
Blanqueta;46;3;9.633965874936175e-12
Alón;46;3;4.141364264074574e-12
Punta;46;3;1.3377244665221605e-12
Jamoncito;46;3;950.8952877643393
Medio Muslo;46;3;2101.9044510634176
Entero;47;3;401.8866903537234
Medio Pollo;47;3;529.7564429789755
Medio Pollo Superior;47;3;636.8294737316724
Medio Pollo Inferior;47;3;988.2961152658761
Cuarto de Pollo Superior;47;3;1009.1706307710173
Muslo Entero;47;3;948.5682386771487
Pechuga Completa;47;3;1325.077145925197
Ala Completa;47;3;843.4113882289328
Media Pechuga;47;3;1372.8977604321103
Blanqueta;47;3;1.2347024434517165e-11
Alón;47;3;3.8086431932222045e-12
Punta;47;3;2.519250608627116e-12
Jamoncito;47;3;1105.481401338955
Medio Muslo;47;3;1970.970816794972
Entero;48;3;623.6109239508585
Medio Pollo;48;3;604.1210350303429
Medio Pollo Superior;48;3;1181.1716750362539
Medio Pollo Inferior;48;3;552.315243199508
Cuarto de Pollo Superior;48;3;682.8168556935395
Muslo Entero;48;3;1068.0914228739114
Pechuga Completa;48;3;1631.5803746409379
Ala Completa;48;3;644.3333226584349
Media Pechuga;48;3;2131.80827594506
Blanqueta;48;3;1.2030870598122831e-11
Alón;48;3;3.1587245692642165e-12
Punta;48;3;1.644316606224117e-12
Jamoncito;48;3;521.8384277843437
Medio Muslo;48;3;1386.7521210066143
Entero;49;3;658.040107633235
Medio Pollo;49;3;625.8801204178994
Medio Pollo Superior;49;3;718.0401003710979
Medio Pollo Inferior;49;3;449.94960706322576
Cuarto de Pollo Superior;49;3;1237.1306061858866
Muslo Entero;49;3;582.8603229364866
Pechuga Completa;49;3;1942.5329564676433
Ala Completa;49;3;852.5232310035682
Media Pechuga;49;3;2215.9339162310694
Blanqueta;49;3;6.859712321589154e-12
Alón;49;3;4.728800440548718e-12
Punta;49;3;1.5815890118501492e-12
Jamoncito;49;3;923.3073161483235
Medio Muslo;49;3;1690.6972162599927
Entero;50;3;670.7161179195413
Medio Pollo;50;3;523.6937213897783
Medio Pollo Superior;50;3;1102.3631762537254
Medio Pollo Inferior;50;3;510.50287989426266
Cuarto de Pollo Superior;50;3;1416.9944298557991
Muslo Entero;50;3;853.4645275059588
Pechuga Completa;50;3;1866.5068538399692
Ala Completa;50;3;417.19197771355
Media Pechuga;50;3;2351.463073132796
Blanqueta;50;3;0.0
Alón;50;3;0.0
Punta;50;3;0.0
Jamoncito;50;3;1120.2242505964111
Medio Muslo;50;3;1793.516129032258
Entero;51;3;262.84613076417884
Medio Pollo;51;3;541.2152481692757
Medio Pollo Superior;51;3;651.1251183643133
Medio Pollo Inferior;51;3;855.7914012812146
Cuarto de Pollo Superior;51;3;1356.0014647794826
Muslo Entero;51;3;1159.6273676186945
Pechuga Completa;51;3;1529.653029539772
Ala Completa;51;3;373.39288379896107
Media Pechuga;51;3;1659.6882922020661
Blanqueta;51;3;0.0
Alón;51;3;0.0
Punta;51;3;0.0
Jamoncito;51;3;1030.2174283489455
Medio Muslo;51;3;1187.323830965919
Entero;52;3;324.3007457115048
Medio Pollo;52;3;629.7692468324819
Medio Pollo Superior;52;3;1006.0343584567489
Medio Pollo Inferior;52;3;840.0278698150132
Cuarto de Pollo Superior;52;3;1047.4868837283627
Muslo Entero;52;3;930.1740024393337
Pechuga Completa;52;3;1812.0376183248372
Ala Completa;52;3;634.1359671144077
Media Pechuga;52;3;2019.401906798107
Blanqueta;52;3;0.0
Alón;52;3;0.0
Punta;52;3;0.0
Jamoncito;52;3;825.542162255324
Medio Muslo;52;3;1737.228647447445
Entero;53;3;434.85806588354274
Medio Pollo;53;3;384.75108126856463
Medio Pollo Superior;53;3;1007.5876091678841
Medio Pollo Inferior;53;3;731.5772588930246
Cuarto de Pollo Superior;53;3;1043.5486618781094
Muslo Entero;53;3;1167.8079932896753
Pechuga Completa;53;3;1129.3459660521412
Ala Completa;53;3;444.8630157458649
Media Pechuga;53;3;1883.7407476397818
Blanqueta;53;3;7.532331040674423e-12
Alón;53;3;3.5839189139917262e-12
Punta;53;3;1.5363830938362674e-12
Jamoncito;53;3;527.4455238321491
Medio Muslo;53;3;1149.0066613715821
Entero;54;3;382.9274152162476
Medio Pollo;54;3;675.5123547663944
Medio Pollo Superior;54;3;460.1371589581514
Medio Pollo Inferior;54;3;700.9912855525445
Cuarto de Pollo Superior;54;3;732.1239323451435
Muslo Entero;54;3;773.1591668189224
Pechuga Completa;54;3;1163.746457661811
Ala Completa;54;3;406.38035911078236
Media Pechuga;54;3;2270.851348990907
Blanqueta;54;3;6.477296418643122e-12
Alón;54;3;4.244769926822011e-12
Punta;54;3;2.224011966299267e-12
Jamoncito;54;3;746.1160292982627
Medio Muslo;54;3;1481.6881720430106
Entero;55;3;472.82276352203235
Medio Pollo;55;3;648.5699608657366
Medio Pollo Superior;55;3;869.741935483871
Medio Pollo Inferior;55;3;469.87329925326696
Cuarto de Pollo Superior;55;3;1361.1697943531265
Muslo Entero;55;3;815.6351357808884
Pechuga Completa;55;3;1600.1023970202118
Ala Completa;55;3;448.24603892223047
Media Pechuga;55;3;594.5046775633255
Blanqueta;55;3;6.389020567738636e-12
Alón;55;3;2.376951205515781e-12
Punta;55;3;1.7457114095817551e-12
Jamoncito;55;3;799.1210386101662
Medio Muslo;55;3;1907.8376943285134
Entero;56;3;317.2820559144584
Medio Pollo;56;3;517.3478766150865
Medio Pollo Superior;56;3;657.2492869083665
Medio Pollo Inferior;56;3;549.7607917063331
Cuarto de Pollo Superior;56;3;1046.310947771511
Muslo Entero;56;3;616.7819275940778
Pechuga Completa;56;3;1285.4520048596644
Ala Completa;56;3;740.5740181578622
Media Pechuga;56;3;1271.8450647473082
Blanqueta;56;3;9.14689580453599e-12
Alón;56;3;4.355543827576317e-12
Punta;56;3;2.135495883711203e-12
Jamoncito;56;3;590.8060556901256
Medio Muslo;56;3;1644.785961585465
Entero;57;3;378.64354557902743
Medio Pollo;57;3;701.8809732467571
Medio Pollo Superior;57;3;1185.610112474965
Medio Pollo Inferior;57;3;739.6589460965408
Cuarto de Pollo Superior;57;3;791.8884145894615
Muslo Entero;57;3;1070.8261132898374
Pechuga Completa;57;3;1562.3882733737169
Ala Completa;57;3;714.7257838979763
Media Pechuga;57;3;2363.0129550256042
Blanqueta;57;3;1.1744425794244912e-11
Alón;57;3;2.8847945466279587e-12
Punta;57;3;6.359805946555128e-13
Jamoncito;57;3;756.5348916686172
Medio Muslo;57;3;1006.2738720445897
Entero;58;3;524.3389899484752
Medio Pollo;58;3;505.46297818812593
Medio Pollo Superior;58;3;736.9392452507232
Medio Pollo Inferior;58;3;814.2293285146096
Cuarto de Pollo Superior;58;3;1335.3260980049859
Muslo Entero;58;3;642.0102862965438
Pechuga Completa;58;3;1721.0892857262709
Ala Completa;58;3;494.14034278604026
Media Pechuga;58;3;1802.1280527488143
Blanqueta;58;3;7.373393411537982e-12
Alón;58;3;2.186176289896264e-12
Punta;58;3;0.0
Jamoncito;58;3;971.5033705381862
Medio Muslo;58;3;1492.8551602134748
Entero;59;3;599.5747593289191
Medio Pollo;59;3;442.92142386818614
Medio Pollo Superior;59;3;899.1690973014295
Medio Pollo Inferior;59;3;922.8384032505668
Cuarto de Pollo Superior;59;3;1392.2000957730913
Muslo Entero;59;3;895.6947228557789
Pechuga Completa;59;3;1109.3903181997557
Ala Completa;59;3;483.40940170508696
Media Pechuga;59;3;2197.5623145750483
Blanqueta;59;3;7.350472703725464e-12
Alón;59;3;4.48597101759339e-12
Punta;59;3;0.0
Jamoncito;59;3;1067.8841928339332
Medio Muslo;59;3;1525.774193548387
Entero;60;3;384.1486272934514
Medio Pollo;60;3;435.7992463137587
Medio Pollo Superior;60;3;518.2652722973274
Medio Pollo Inferior;60;3;454.5544253744071
Cuarto de Pollo Superior;60;3;1133.5621235807992
Muslo Entero;60;3;996.5584508292081
Pechuga Completa;60;3;1375.9690715391575
Ala Completa;60;3;565.7992565655694
Media Pechuga;60;3;1825.7741935483873
Blanqueta;60;3;0.0
Alón;60;3;0.0
Punta;60;3;0.0
Jamoncito;60;3;596.5538114909093
Medio Muslo;60;3;1532.4946236559138
Entero;61;3;681.3006600010549
Medio Pollo;61;3;749.3716264013339
Medio Pollo Superior;61;3;726.6350724735211
Medio Pollo Inferior;61;3;496.75294291562085
Cuarto de Pollo Superior;61;3;803.9644446070488
Muslo Entero;61;3;972.6090859468408
Pechuga Completa;61;3;2007.502195024238
Ala Completa;61;3;584.4542036299897
Media Pechuga;61;3;1396.3826750382327
Blanqueta;61;3;0.0
Alón;61;3;0.0
Punta;61;3;0.0
Jamoncito;61;3;1068.074788772784
Medio Muslo;61;3;948.793451641872
Entero;62;3;440.08089516687113
Medio Pollo;62;3;772.6146396156137
Medio Pollo Superior;62;3;1180.5262816823415
Medio Pollo Inferior;62;3;930.4706878590588
Cuarto de Pollo Superior;62;3;823.590740477841
Muslo Entero;62;3;1260.3302134725645
Pechuga Completa;62;3;883.7165645137737
Ala Completa;62;3;392.77868086549745
Media Pechuga;62;3;1581.1246458899184
Blanqueta;62;3;0.0
Alón;62;3;0.0
Punta;62;3;0.0
Jamoncito;62;3;769.8296006141741
Medio Muslo;62;3;1718.8737748485462
Entero;63;3;405.971711862739
Medio Pollo;63;3;513.2233723380623
Medio Pollo Superior;63;3;905.848471639258
Medio Pollo Inferior;63;3;708.669522190144
Cuarto de Pollo Superior;63;3;1340.5851729373082
Muslo Entero;63;3;1038.0260773144507
Pechuga Completa;63;3;1853.0042634901756
Ala Completa;63;3;461.27840575793795
Media Pechuga;63;3;2166.9120339105593
Blanqueta;63;3;0.0
Alón;63;3;0.0
Punta;63;3;0.0
Jamoncito;63;3;850.1221227234173
Medio Muslo;63;3;1698.671397764779
Entero;64;3;342.5149116481231
Medio Pollo;64;3;750.9654703921706
Medio Pollo Superior;64;3;894.2362852777604
Medio Pollo Inferior;64;3;740.4460898752187
Cuarto de Pollo Superior;64;3;815.0339669734454
Muslo Entero;64;3;1097.9960347435722
Pechuga Completa;64;3;1453.6204866743765
Ala Completa;64;3;467.6644982977911
Media Pechuga;64;3;1681.6856491350109
Blanqueta;64;3;0.0
Alón;64;3;0.0
Punta;64;3;0.0
Jamoncito;64;3;1055.302903822977
Medio Muslo;64;3;1681.1282318633741
Entero;65;3;443.1407639100761
Medio Pollo;65;3;501.96140810121216
Medio Pollo Superior;65;3;656.1660359846304
Medio Pollo Inferior;65;3;505.703066119834
Cuarto de Pollo Superior;65;3;1208.8892519554179
Muslo Entero;65;3;866.9443141248319
Pechuga Completa;65;3;1818.3351289650036
Ala Completa;65;3;907.9277866409191
Media Pechuga;65;3;1744.8627379616273
Blanqueta;65;3;-1.6645746850588275e-11
Alón;65;3;-8.171548453925153e-12
Punta;65;3;-2.4211995419037488e-12
Jamoncito;65;3;567.1273822169321
Medio Muslo;65;3;1250.2525772557312
Entero;66;3;374.1460957430932
Medio Pollo;66;3;569.1257133912368
Medio Pollo Superior;66;3;746.4283513562916
Medio Pollo Inferior;66;3;864.7086407790499
Cuarto de Pollo Superior;66;3;637.854525440453
Muslo Entero;66;3;729.379001395292
Pechuga Completa;66;3;1720.6390047326229
Ala Completa;66;3;420.22851616360145
Media Pechuga;66;3;1364.6923761924043
Blanqueta;66;3;0.0
Alón;66;3;0.0
Punta;66;3;0.0
Jamoncito;66;3;618.6317048765792
Medio Muslo;66;3;1340.7742369857178
Entero;67;3;443.4794005868598
Medio Pollo;67;3;566.3310307992462
Medio Pollo Superior;67;3;803.7651970308052
Medio Pollo Inferior;67;3;495.34010778315945
Cuarto de Pollo Superior;67;3;652.6523979369535
Muslo Entero;67;3;1032.3158748643834
Pechuga Completa;67;3;754.3526347698357
Ala Completa;67;3;849.5439058242339
Media Pechuga;67;3;1078.1319886934964
Blanqueta;67;3;0.0
Alón;67;3;0.0
Punta;67;3;0.0
Jamoncito;67;3;988.694903186021
Medio Muslo;67;3;1740.581598457183
Entero;68;3;266.55517592098107
Medio Pollo;68;3;540.9498935965664
Medio Pollo Superior;68;3;714.0474415840955
Medio Pollo Inferior;68;3;734.7697010304212
Cuarto de Pollo Superior;68;3;656.8057774689732
Muslo Entero;68;3;552.298328688323
Pechuga Completa;68;3;1790.6258693684176
Ala Completa;68;3;626.1455761384842
Media Pechuga;68;3;1232.063798606923
Blanqueta;68;3;0.0
Alón;68;3;0.0
Punta;68;3;0.0
Jamoncito;68;3;915.1239429663165
Medio Muslo;68;3;1559.0417464417158
Entero;69;3;550.0635499841353
Medio Pollo;69;3;867.3783147650314
Medio Pollo Superior;69;3;612.5759485150144
Medio Pollo Inferior;69;3;468.55116067541525
Cuarto de Pollo Superior;69;3;795.7626813967231
Muslo Entero;69;3;1201.4869233311454
Pechuga Completa;69;3;986.5999370831956
Ala Completa;69;3;734.6445469948368
Media Pechuga;69;3;2171.4147278406754
Blanqueta;69;3;0.0
Alón;69;3;0.0
Punta;69;3;0.0
Jamoncito;69;3;861.4703580586568
Medio Muslo;69;3;1316.0421873919388
Entero;70;3;443.8440118596152
Medio Pollo;70;3;559.2878698807316
Medio Pollo Superior;70;3;562.9361889613642
Medio Pollo Inferior;70;3;830.9144063382741
Cuarto de Pollo Superior;70;3;1070.0584948349217
Muslo Entero;70;3;765.8406873614232
Pechuga Completa;70;3;1388.6129032258066
Ala Completa;70;3;619.4790687589589
Media Pechuga;70;3;1203.091872922567
Blanqueta;70;3;0.0
Alón;70;3;0.0
Punta;70;3;0.0
Jamoncito;70;3;942.5173798017654
Medio Muslo;70;3;1695.0353207031815
Entero;71;3;400.97148307866684
Medio Pollo;71;3;870.4443315836841
Medio Pollo Superior;71;3;454.9197979027898
Medio Pollo Inferior;71;3;927.8103184788162
Cuarto de Pollo Superior;71;3;1279.8415247788166
Muslo Entero;71;3;1097.7204596029576
Pechuga Completa;71;3;1396.0003991895678
Ala Completa;71;3;735.2987802991619
Media Pechuga;71;3;1488.9447965408326
Blanqueta;71;3;0.0
Alón;71;3;0.0
Punta;71;3;0.0
Jamoncito;71;3;663.9317673566663
Medio Muslo;71;3;1441.2384193964538
Entero;72;3;356.2084903674609
Medio Pollo;72;3;636.7333508725
Medio Pollo Superior;72;3;691.8179399077488
Medio Pollo Inferior;72;3;789.3863785546123
Cuarto de Pollo Superior;72;3;687.8746585399643
Muslo Entero;72;3;794.4428960360314
Pechuga Completa;72;3;1283.3676498079458
Ala Completa;72;3;457.94936682285663
Media Pechuga;72;3;1840.2002970043422
Blanqueta;72;3;0.0
Alón;72;3;0.0
Punta;72;3;0.0
Jamoncito;72;3;1016.976494802242
Medio Muslo;72;3;1011.588582736339
Entero;73;3;437.3519432807087
Medio Pollo;73;3;865.3134601778993
Medio Pollo Superior;73;3;938.6449484923103
Medio Pollo Inferior;73;3;922.4266131929484
Cuarto de Pollo Superior;73;3;923.3012106505687
Muslo Entero;73;3;868.3428236537932
Pechuga Completa;73;3;1477.133485033303
Ala Completa;73;3;486.38483798700906
Media Pechuga;73;3;2001.082229554976
Blanqueta;73;3;0.0
Alón;73;3;0.0
Punta;73;3;0.0
Jamoncito;73;3;884.9667059118009
Medio Muslo;73;3;1855.4790652033107
Entero;74;3;572.2640803520961
Medio Pollo;74;3;484.8645193239358
Medio Pollo Superior;74;3;935.4628091583667
Medio Pollo Inferior;74;3;675.7427579877412
Cuarto de Pollo Superior;74;3;1202.2256570572451
Muslo Entero;74;3;889.6576087559475
Pechuga Completa;74;3;1045.4271083511758
Ala Completa;74;3;438.9372163269575
Media Pechuga;74;3;1721.3148413145527
Blanqueta;74;3;0.0
Alón;74;3;0.0
Punta;74;3;0.0
Jamoncito;74;3;740.4817202407518
Medio Muslo;74;3;1473.2916013734919
Entero;75;3;579.4630697971301
Medio Pollo;75;3;472.33892404212367
Medio Pollo Superior;75;3;906.4852179923242
Medio Pollo Inferior;75;3;631.9577499800178
Cuarto de Pollo Superior;75;3;1264.158866215249
Muslo Entero;75;3;607.7564641060708
Pechuga Completa;75;3;1524.0651422160176
Ala Completa;75;3;749.4810229297327
Media Pechuga;75;3;1570.788568029473
Blanqueta;75;3;0.0
Alón;75;3;0.0
Punta;75;3;0.0
Jamoncito;75;3;639.9066603429194
Medio Muslo;75;3;1816.8422165385145
Entero;76;3;547.94886969069
Medio Pollo;76;3;836.2169265986973
Medio Pollo Superior;76;3;1011.2617374096919
Medio Pollo Inferior;76;3;466.79008281338645
Cuarto de Pollo Superior;76;3;1036.9656320592194
Muslo Entero;76;3;833.9544406816253
Pechuga Completa;76;3;1476.0062154019904
Ala Completa;76;3;525.4314805260398
Media Pechuga;76;3;1606.7409706571084
Blanqueta;76;3;0.0
Alón;76;3;0.0
Punta;76;3;0.0
Jamoncito;76;3;1071.508967561441
Medio Muslo;76;3;1376.6995081820926
Entero;77;3;286.9116261270391
Medio Pollo;77;3;817.9172291575076
Medio Pollo Superior;77;3;922.8157120117784
Medio Pollo Inferior;77;3;854.8846646423493
Cuarto de Pollo Superior;77;3;1345.1110831686203
Muslo Entero;77;3;815.4322547092806
Pechuga Completa;77;3;992.6108786359941
Ala Completa;77;3;428.6432511303525
Media Pechuga;77;3;1244.6459095265332
Blanqueta;77;3;0.0
Alón;77;3;0.0
Punta;77;3;0.0
Jamoncito;77;3;591.2011370558915
Medio Muslo;77;3;910.9858097711922
Entero;78;3;442.68015802078446
Medio Pollo;78;3;598.0934164806561
Medio Pollo Superior;78;3;775.0967741935484
Medio Pollo Inferior;78;3;521.0374697805438
Cuarto de Pollo Superior;78;3;639.8788074191306
Muslo Entero;78;3;912.1263476868609
Pechuga Completa;78;3;1682.1336192790802
Ala Completa;78;3;400.9315908335817
Media Pechuga;78;3;2063.4310471381236
Blanqueta;78;3;0.0
Alón;78;3;0.0
Punta;78;3;0.0
Jamoncito;78;3;844.6217402888246
Medio Muslo;78;3;1139.263413466779
Entero;79;3;396.6866278150351
Medio Pollo;79;3;506.2564438156693
Medio Pollo Superior;79;3;817.0829416434452
Medio Pollo Inferior;79;3;700.3134269390844
Cuarto de Pollo Superior;79;3;919.1276839691619
Muslo Entero;79;3;1086.8622293065494
Pechuga Completa;79;3;991.1213552300891
Ala Completa;79;3;689.0776891933019
Media Pechuga;79;3;1636.0459965483728
Blanqueta;79;3;0.0
Alón;79;3;0.0
Punta;79;3;0.0
Jamoncito;79;3;854.0685138061017
Medio Muslo;79;3;1940.268275336463
Entero;80;3;353.37016335526295
Medio Pollo;80;3;699.2403654604507
Medio Pollo Superior;80;3;733.1106067436516
Medio Pollo Inferior;80;3;747.1069637212863
Cuarto de Pollo Superior;80;3;865.2123908318046
Muslo Entero;80;3;1181.4227135689148
Pechuga Completa;80;3;1581.1662009441118
Ala Completa;80;3;594.4013098078883
Media Pechuga;80;3;2209.4946204083876
Blanqueta;80;3;0.0
Alón;80;3;0.0
Punta;80;3;0.0
Jamoncito;80;3;671.0769626976836
Medio Muslo;80;3;1756.0982638150367
Entero;81;3;498.9836285035586
Medio Pollo;81;3;441.0456052568614
Medio Pollo Superior;81;3;761.7646072728841
Medio Pollo Inferior;81;3;465.2923218709742
Cuarto de Pollo Superior;81;3;733.2154479572138
Muslo Entero;81;3;1160.4642761543487
Pechuga Completa;81;3;1584.768967560084
Ala Completa;81;3;580.6234686685319
Media Pechuga;81;3;2117.1692081847673
Blanqueta;81;3;0.0
Alón;81;3;0.0
Punta;81;3;0.0
Jamoncito;81;3;844.009683519213
Medio Muslo;81;3;1848.8030089983283
Entero;82;3;303.09291560235386
Medio Pollo;82;3;793.700508385998
Medio Pollo Superior;82;3;525.8462837772507
Medio Pollo Inferior;82;3;819.7808772748065
Cuarto de Pollo Superior;82;3;1080.2051488448783
Muslo Entero;82;3;946.8282679212232
Pechuga Completa;82;3;1142.8553116621224
Ala Completa;82;3;568.1042835104954
Media Pechuga;82;3;1115.3578932488883
Blanqueta;82;3;0.0
Alón;82;3;0.0
Punta;82;3;0.0
Jamoncito;82;3;730.8498209923114
Medio Muslo;82;3;1002.6286671787287
Entero;83;3;384.7104821449857
Medio Pollo;83;3;863.5553745707874
Medio Pollo Superior;83;3;1037.6794315305106
Medio Pollo Inferior;83;3;637.8702148251167
Cuarto de Pollo Superior;83;3;692.0537135456493
Muslo Entero;83;3;946.9886856350653
Pechuga Completa;83;3;1785.7952795917447
Ala Completa;83;3;705.8772369877822
Media Pechuga;83;3;1784.6029334972268
Blanqueta;83;3;0.0
Alón;83;3;0.0
Punta;83;3;0.0
Jamoncito;83;3;637.9483889050773
Medio Muslo;83;3;1052.085559733941
Entero;84;3;401.311812207926
Medio Pollo;84;3;534.0646047180513
Medio Pollo Superior;84;3;775.0967741935484
Medio Pollo Inferior;84;3;431.1962122660882
Cuarto de Pollo Superior;84;3;861.5227077673052
Muslo Entero;84;3;733.9324059102225
Pechuga Completa;84;3;1285.5483870967741
Ala Completa;84;3;680.431293438285
Media Pechuga;84;3;1770.2791227750934
Blanqueta;84;3;0.0
Alón;84;3;0.0
Punta;84;3;0.0
Jamoncito;84;3;533.679371722042
Medio Muslo;84;3;1630.0882128906792
Entero;85;3;450.8766285920825
Medio Pollo;85;3;366.09342614415647
Medio Pollo Superior;85;3;685.1539780825431
Medio Pollo Inferior;85;3;523.9122401790213
Cuarto de Pollo Superior;85;3;1324.632871348406
Muslo Entero;85;3;757.2670403477653
Pechuga Completa;85;3;982.5060657029985
Ala Completa;85;3;460.93650426847864
Media Pechuga;85;3;1061.1302691486187
Blanqueta;85;3;0.0
Alón;85;3;0.0
Punta;85;3;0.0
Jamoncito;85;3;800.3777538826866
Medio Muslo;85;3;992.4031032529061
Entero;86;3;325.0733107148306
Medio Pollo;86;3;493.06989348075007
Medio Pollo Superior;86;3;861.7591032674239
Medio Pollo Inferior;86;3;529.0981485426687
Cuarto de Pollo Superior;86;3;1382.2527712230003
Muslo Entero;86;3;799.5836318805398
Pechuga Completa;86;3;843.3179731785956
Ala Completa;86;3;608.5927327297162
Media Pechuga;86;3;1482.075071645722
Blanqueta;86;3;0.0
Alón;86;3;0.0
Punta;86;3;0.0
Jamoncito;86;3;1150.4934182001534
Medio Muslo;86;3;1592.704137658156
Entero;87;3;277.14044011051124
Medio Pollo;87;3;766.3260655855802
Medio Pollo Superior;87;3;1033.6160570325592
Medio Pollo Inferior;87;3;760.1351552969288
Cuarto de Pollo Superior;87;3;366.28427732824775
Muslo Entero;87;3;606.3719793060658
Pechuga Completa;87;3;1529.6719638235038
Ala Completa;87;3;898.8674996357711
Media Pechuga;87;3;2271.7066997641755
Blanqueta;87;3;0.0
Alón;87;3;0.0
Punta;87;3;0.0
Jamoncito;87;3;575.4057068764146
Medio Muslo;87;3;1778.2621622393171
Entero;88;3;364.47995786698533
Medio Pollo;88;3;587.1629073091815
Medio Pollo Superior;88;3;675.008034413679
Medio Pollo Inferior;88;3;511.8968744391239
Cuarto de Pollo Superior;88;3;689.9223099728939
Muslo Entero;88;3;896.3938057194367
Pechuga Completa;88;3;1128.6868735681535
Ala Completa;88;3;826.6304247781837
Media Pechuga;88;3;1903.4348276562002
Blanqueta;88;3;0.0
Alón;88;3;0.0
Punta;88;3;0.0
Jamoncito;88;3;992.6078327192613
Medio Muslo;88;3;927.7336216002686
Entero;89;3;584.3957753221987
Medio Pollo;89;3;641.3627884539376
Medio Pollo Superior;89;3;718.2479324240381
Medio Pollo Inferior;89;3;562.8013774141122
Cuarto de Pollo Superior;89;3;678.8030138834783
Muslo Entero;89;3;1031.1931119400228
Pechuga Completa;89;3;1556.4234371586301
Ala Completa;89;3;901.9693573130971
Media Pechuga;89;3;2169.934126648927
Blanqueta;89;3;0.0
Alón;89;3;0.0
Punta;89;3;0.0
Jamoncito;89;3;665.1431377403092
Medio Muslo;89;3;1401.8601389979087
Entero;90;3;276.1581752790915
Medio Pollo;90;3;350.1241821740519
Medio Pollo Superior;90;3;821.956830263628
Medio Pollo Inferior;90;3;947.7524421899118
Cuarto de Pollo Superior;90;3;1150.1070865739632
Muslo Entero;90;3;603.3891036542338
Pechuga Completa;90;3;813.8070138746754
Ala Completa;90;3;523.9815370594893
Media Pechuga;90;3;1735.774193548387
Blanqueta;90;3;0.0
Alón;90;3;0.0
Punta;90;3;0.0
Jamoncito;90;3;800.049082724732
Medio Muslo;90;3;1974.431431970725
Entero;91;3;360.8479860728235
Medio Pollo;91;3;587.5033658767285
Medio Pollo Superior;91;3;791.0082737137046
Medio Pollo Inferior;91;3;752.2211811969531
Cuarto de Pollo Superior;91;3;1120.0375517933696
Muslo Entero;91;3;753.4286462782632
Pechuga Completa;91;3;941.4892225816737
Ala Completa;91;3;621.4682170061656
Media Pechuga;91;3;1247.0238263935719
Blanqueta;91;3;0.0
Alón;91;3;0.0
Punta;91;3;0.0
Jamoncito;91;3;697.8367741356864
Medio Muslo;91;3;1341.6839680199328
Entero;92;3;555.835494185284
Medio Pollo;92;3;698.6939674250222
Medio Pollo Superior;92;3;574.8839285030487
Medio Pollo Inferior;92;3;493.10987161007546
Cuarto de Pollo Superior;92;3;832.5990645036427
Muslo Entero;92;3;1105.8106558382212
Pechuga Completa;92;3;1582.4549176193493
Ala Completa;92;3;581.5311543087568
Media Pechuga;92;3;1835.5830086835463
Blanqueta;92;3;0.0
Alón;92;3;0.0
Punta;92;3;0.0
Jamoncito;92;3;774.4206767477231
Medio Muslo;92;3;1812.7123948043466
Entero;93;3;522.251764845515
Medio Pollo;93;3;472.48150723943695
Medio Pollo Superior;93;3;880.2412457823315
Medio Pollo Inferior;93;3;562.3860429231562
Cuarto de Pollo Superior;93;3;1182.5131043183926
Muslo Entero;93;3;1030.2331327474135
Pechuga Completa;93;3;1677.9801848048662
Ala Completa;93;3;821.7331045945946
Media Pechuga;93;3;1557.831597617738
Blanqueta;93;3;0.0
Alón;93;3;0.0
Punta;93;3;0.0
Jamoncito;93;3;1098.8536678360283
Medio Muslo;93;3;1126.3392377144542
Entero;94;3;424.6022922492627
Medio Pollo;94;3;604.2424097573042
Medio Pollo Superior;94;3;974.8360519113558
Medio Pollo Inferior;94;3;764.1782818160161
Cuarto de Pollo Superior;94;3;643.3798395394755
Muslo Entero;94;3;966.7160625680846
Pechuga Completa;94;3;1289.6315955049981
Ala Completa;94;3;668.1155425409023
Media Pechuga;94;3;1192.5963607410213
Blanqueta;94;3;0.0
Alón;94;3;0.0
Punta;94;3;0.0
Jamoncito;94;3;634.3993158788785
Medio Muslo;94;3;1944.044320068675
Entero;95;3;380.3639109240496
Medio Pollo;95;3;592.7529054274529
Medio Pollo Superior;95;3;775.2885646056887
Medio Pollo Inferior;95;3;961.531700714754
Cuarto de Pollo Superior;95;3;1042.8780358434997
Muslo Entero;95;3;1223.4992287374434
Pechuga Completa;95;3;1370.8717756280198
Ala Completa;95;3;546.5322424144724
Media Pechuga;95;3;1848.551135173571
Blanqueta;95;3;0.0
Alón;95;3;0.0
Punta;95;3;0.0
Jamoncito;95;3;561.9104866363261
Medio Muslo;95;3;1307.9125626393086
Entero;96;3;293.1276225723981
Medio Pollo;96;3;357.53855485039026
Medio Pollo Superior;96;3;512.3416248223356
Medio Pollo Inferior;96;3;898.5601102950512
Cuarto de Pollo Superior;96;3;598.9823726723077
Muslo Entero;96;3;610.0957580825451
Pechuga Completa;96;3;1820.4924708943918
Ala Completa;96;3;710.9725186561257
Media Pechuga;96;3;1610.5662148910317
Blanqueta;96;3;0.0
Alón;96;3;0.0
Punta;96;3;0.0
Jamoncito;96;3;811.8974251398979
Medio Muslo;96;3;1980.2180081123715
Entero;97;3;545.7850157588267
Medio Pollo;97;3;419.4189554717466
Medio Pollo Superior;97;3;523.2220498766903
Medio Pollo Inferior;97;3;913.4173678320511
Cuarto de Pollo Superior;97;3;861.2703947899638
Muslo Entero;97;3;858.1757717451783
Pechuga Completa;97;3;1277.8205761021843
Ala Completa;97;3;454.3582784711519
Media Pechuga;97;3;1681.1090778929124
Blanqueta;97;3;0.0
Alón;97;3;0.0
Punta;97;3;0.0
Jamoncito;97;3;717.2580305984018
Medio Muslo;97;3;1069.3709260078122
Entero;98;3;295.4125748162474
Medio Pollo;98;3;476.9760121434052
Medio Pollo Superior;98;3;1026.1346155415292
Medio Pollo Inferior;98;3;623.6919134149783
Cuarto de Pollo Superior;98;3;616.0264866997594
Muslo Entero;98;3;638.0263300901815
Pechuga Completa;98;3;939.7333266614648
Ala Completa;98;3;877.5907141958971
Media Pechuga;98;3;2165.736302342961
Blanqueta;98;3;0.0
Alón;98;3;0.0
Punta;98;3;0.0
Jamoncito;98;3;1123.156776812172
Medio Muslo;98;3;1821.467276537513
Entero;99;3;410.2145470488964
Medio Pollo;99;3;451.53749210072965
Medio Pollo Superior;99;3;720.7083957853569
Medio Pollo Inferior;99;3;809.6848768419931
Cuarto de Pollo Superior;99;3;1261.7092452264387
Muslo Entero;99;3;964.0648206111168
Pechuga Completa;99;3;1573.2030326616334
Ala Completa;99;3;552.718934494432
Media Pechuga;99;3;2234.6551602212094
Blanqueta;99;3;0.0
Alón;99;3;0.0
Punta;99;3;0.0
Jamoncito;99;3;759.4063158444554
Medio Muslo;99;3;1575.1487705328866
Entero;100;3;311.1236669197468
Medio Pollo;100;3;719.7313997567464
Medio Pollo Superior;100;3;647.4077372065157
Medio Pollo Inferior;100;3;946.9145118881906
Cuarto de Pollo Superior;100;3;676.7195590342852
Muslo Entero;100;3;573.9005152864817
Pechuga Completa;100;3;1121.005698930321
Ala Completa;100;3;680.7273480800351
Media Pechuga;100;3;1637.9193360368167
Blanqueta;100;3;0.0
Alón;100;3;0.0
Punta;100;3;0.0
Jamoncito;100;3;755.8426408698269
Medio Muslo;100;3;1313.4538871368418
Entero;101;3;317.9696742437713
Medio Pollo;101;3;337.5299466017218
Medio Pollo Superior;101;3;744.1034032600289
Medio Pollo Inferior;101;3;722.6451612903226
Cuarto de Pollo Superior;101;3;1012.2895099877627
Muslo Entero;101;3;730.0153998246059
Pechuga Completa;101;3;1341.6775578265922
Ala Completa;101;3;884.7103702441821
Media Pechuga;101;3;1723.30040059591
Blanqueta;101;3;0.0
Alón;101;3;0.0
Punta;101;3;0.0
Jamoncito;101;3;1219.90148713958
Medio Muslo;101;3;1585.1827956989246
Entero;102;3;333.9875876286634
Medio Pollo;102;3;698.9545892383555
Medio Pollo Superior;102;3;1017.9381950941186
Medio Pollo Inferior;102;3;628.8387082722778
Cuarto de Pollo Superior;102;3;1362.1606692286284
Muslo Entero;102;3;757.5481651168036
Pechuga Completa;102;3;1554.4919777220653
Ala Completa;102;3;447.4298748728386
Media Pechuga;102;3;1159.9465807885126
Blanqueta;102;3;0.0
Alón;102;3;0.0
Punta;102;3;0.0
Jamoncito;102;3;1219.5615711007647
Medio Muslo;102;3;985.2682997470474
Entero;103;3;273.44124718965963
Medio Pollo;103;3;558.5639541648927
Medio Pollo Superior;103;3;769.8797609383774
Medio Pollo Inferior;103;3;816.4516143083673
Cuarto de Pollo Superior;103;3;862.7823163625412
Muslo Entero;103;3;571.9491958220578
Pechuga Completa;103;3;1003.6687440672441
Ala Completa;103;3;893.8715212908244
Media Pechuga;103;3;2250.8955842194187
Blanqueta;103;3;0.0
Alón;103;3;0.0
Punta;103;3;0.0
Jamoncito;103;3;1054.3991072828205
Medio Muslo;103;3;1256.7040600932762
Entero;104;3;593.9075539040513
Medio Pollo;104;3;545.0882442336217
Medio Pollo Superior;104;3;655.1030677007228
Medio Pollo Inferior;104;3;722.6451612903226
Cuarto de Pollo Superior;104;3;708.8549712350274
Muslo Entero;104;3;800.1758735938747
Pechuga Completa;104;3;1498.5045940311013
Ala Completa;104;3;835.1947066273975
Media Pechuga;104;3;1714.684326355324
Blanqueta;104;3;0.0
Alón;104;3;0.0
Punta;104;3;0.0
Jamoncito;104;3;697.8425132587338
Medio Muslo;104;3;1439.1891921122315
Entero;105;3;405.70045352072407
Medio Pollo;105;3;423.20020194324434
Medio Pollo Superior;105;3;579.5009537208965
Medio Pollo Inferior;105;3;722.6451612903226
Cuarto de Pollo Superior;105;3;993.0595286930907
Muslo Entero;105;3;768.7886713409989
Pechuga Completa;105;3;1462.0428206834079
Ala Completa;105;3;432.22260195979135
Media Pechuga;105;3;1507.6213087982228
Blanqueta;105;3;0.0
Alón;105;3;0.0
Punta;105;3;0.0
Jamoncito;105;3;1077.5462953633712
Medio Muslo;105;3;1925.4651031636217
Entero;106;3;405.82968688058196
Medio Pollo;106;3;504.6632726443709
Medio Pollo Superior;106;3;713.6135403298215
Medio Pollo Inferior;106;3;932.7045291427788
Cuarto de Pollo Superior;106;3;977.2055027368483
Muslo Entero;106;3;691.0497678927437
Pechuga Completa;106;3;1847.6050769617484
Ala Completa;106;3;776.2869981247416
Media Pechuga;106;3;1758.0805572584425
Blanqueta;106;3;-9.094947017729281e-13
Alón;106;3;-4.464792172339829e-13
Punta;106;3;-1.3229013843969862e-13
Jamoncito;106;3;634.4101673371764
Medio Muslo;106;3;1389.6453646872465
Entero;107;3;360.2206005747952
Medio Pollo;107;3;539.5296969290597
Medio Pollo Superior;107;3;797.1206110954286
Medio Pollo Inferior;107;3;528.9406321475439
Cuarto de Pollo Superior;107;3;736.3053715463789
Muslo Entero;107;3;629.4843863593563
Pechuga Completa;107;3;1398.0688473304365
Ala Completa;107;3;844.9771706336307
Media Pechuga;107;3;1897.6566849771173
Blanqueta;107;3;0.0
Alón;107;3;0.0
Punta;107;3;0.0
Jamoncito;107;3;803.8946595588998
Medio Muslo;107;3;1463.0302541271994
Entero;108;3;288.3228972956341
Medio Pollo;108;3;541.1999442260593
Medio Pollo Superior;108;3;1063.2540582961121
Medio Pollo Inferior;108;3;609.9381323854996
Cuarto de Pollo Superior;108;3;871.4246677219106
Muslo Entero;108;3;575.5270717393261
Pechuga Completa;108;3;1887.5376724151463
Ala Completa;108;3;415.22219942725627
Media Pechuga;108;3;1897.6701361169296
Blanqueta;108;3;0.0
Alón;108;3;0.0
Punta;108;3;0.0
Jamoncito;108;3;963.5166351596736
Medio Muslo;108;3;1547.250593815151
Entero;109;3;447.90245408362915
Medio Pollo;109;3;532.431878394221
Medio Pollo Superior;109;3;986.877927919569
Medio Pollo Inferior;109;3;760.9209737709463
Cuarto de Pollo Superior;109;3;1288.747730291039
Muslo Entero;109;3;935.6228866310303
Pechuga Completa;109;3;844.0483708571088
Ala Completa;109;3;522.4270226999022
Media Pechuga;109;3;1381.7773568853288
Blanqueta;109;3;0.0
Alón;109;3;0.0
Punta;109;3;0.0
Jamoncito;109;3;642.3839724963723
Medio Muslo;109;3;1065.527290758948
Entero;110;3;353.0744855484228
Medio Pollo;110;3;409.56489033488464
Medio Pollo Superior;110;3;704.2131619981703
Medio Pollo Inferior;110;3;554.345167139163
Cuarto de Pollo Superior;110;3;771.6975659368435
Muslo Entero;110;3;555.0804560410818
Pechuga Completa;110;3;1685.5056681232452
Ala Completa;110;3;800.7298212347715
Media Pechuga;110;3;1907.881506295173
Blanqueta;110;3;0.0
Alón;110;3;0.0
Punta;110;3;0.0
Jamoncito;110;3;1173.1095816682234
Medio Muslo;110;3;1682.7006305930745
Entero;111;3;581.9461062760087
Medio Pollo;111;3;682.3576337883275
Medio Pollo Superior;111;3;795.49514958573
Medio Pollo Inferior;111;3;436.86259383669545
Cuarto de Pollo Superior;111;3;660.7058349009815
Muslo Entero;111;3;714.1962929730596
Pechuga Completa;111;3;866.1405763997338
Ala Completa;111;3;450.0871487559224
Media Pechuga;111;3;1074.2074204931475
Blanqueta;111;3;0.0
Alón;111;3;0.0
Punta;111;3;0.0
Jamoncito;111;3;722.383465350518
Medio Muslo;111;3;1765.0592760672282
Entero;112;3;406.79424909100135
Medio Pollo;112;3;359.19087554802576
Medio Pollo Superior;112;3;760.5641730306157
Medio Pollo Inferior;112;3;470.0570768944154
Cuarto de Pollo Superior;112;3;864.4031031629935
Muslo Entero;112;3;961.15095716578
Pechuga Completa;112;3;1684.4292701453473
Ala Completa;112;3;849.9830442273984
Media Pechuga;112;3;2010.967922636642
Blanqueta;112;3;0.0
Alón;112;3;0.0
Punta;112;3;0.0
Jamoncito;112;3;819.593565795922
Medio Muslo;112;3;1003.83272230222
Entero;113;3;599.8197774132597
Medio Pollo;113;3;773.125133476661
Medio Pollo Superior;113;3;749.6823327957086
Medio Pollo Inferior;113;3;912.2852898702325
Cuarto de Pollo Superior;113;3;731.4065821398398
Muslo Entero;113;3;732.1479377608465
Pechuga Completa;113;3;1739.6861180360156
Ala Completa;113;3;592.5588985535857
Media Pechuga;113;3;1128.6277890749882
Blanqueta;113;3;0.0
Alón;113;3;0.0
Punta;113;3;0.0
Jamoncito;113;3;641.8341479145955
Medio Muslo;113;3;1627.1795870427554
Entero;114;3;302.9300389500709
Medio Pollo;114;3;505.3033319780251
Medio Pollo Superior;114;3;877.2263377764671
Medio Pollo Inferior;114;3;816.5239667907657
Cuarto de Pollo Superior;114;3;1232.317620217188
Muslo Entero;114;3;960.160921779706
Pechuga Completa;114;3;1430.2099550313667
Ala Completa;114;3;493.3232231007057
Media Pechuga;114;3;2309.3655610983005
Blanqueta;114;3;0.0
Alón;114;3;0.0
Punta;114;3;0.0
Jamoncito;114;3;949.2396885362925
Medio Muslo;114;3;991.5959399697856
Entero;115;3;433.2954272559847
Medio Pollo;115;3;476.2586773903385
Medio Pollo Superior;115;3;636.0199826901619
Medio Pollo Inferior;115;3;561.8867255957565
Cuarto de Pollo Superior;115;3;814.8606991237655
Muslo Entero;115;3;749.5695026782274
Pechuga Completa;115;3;1366.3151045281802
Ala Completa;115;3;419.73214208284014
Media Pechuga;115;3;1864.1697425752525
Blanqueta;115;3;0.0
Alón;115;3;0.0
Punta;115;3;0.0
Jamoncito;115;3;725.5380750133523
Medio Muslo;115;3;1269.6236347764598
Entero;116;3;618.8534079389027
Medio Pollo;116;3;661.6042769594462
Medio Pollo Superior;116;3;719.7403847702095
Medio Pollo Inferior;116;3;662.3016565303617
Cuarto de Pollo Superior;116;3;1355.8902372266666
Muslo Entero;116;3;1001.4027239890182
Pechuga Completa;116;3;1381.5824515893985
Ala Completa;116;3;719.408129413161
Media Pechuga;116;3;1206.0148249424456
Blanqueta;116;3;0.0
Alón;116;3;0.0
Punta;116;3;0.0
Jamoncito;116;3;839.3492577679845
Medio Muslo;116;3;1113.4835190807858
Entero;117;3;504.6117727278821
Medio Pollo;117;3;545.4095248506363
Medio Pollo Superior;117;3;603.0713031966815
Medio Pollo Inferior;117;3;910.5918167087514
Cuarto de Pollo Superior;117;3;964.6908610750894
Muslo Entero;117;3;970.3886772079909
Pechuga Completa;117;3;1675.7116462015651
Ala Completa;117;3;773.0491281065074
Media Pechuga;117;3;1458.8005148131679
Blanqueta;117;3;0.0
Alón;117;3;0.0
Punta;117;3;0.0
Jamoncito;117;3;718.0860346289215
Medio Muslo;117;3;1865.1850112153315
Entero;118;3;554.2531642767228
Medio Pollo;118;3;366.52733048895834
Medio Pollo Superior;118;3;649.6038076952534
Medio Pollo Inferior;118;3;965.5564180766404
Cuarto de Pollo Superior;118;3;754.9266940853197
Muslo Entero;118;3;1203.3218732197888
Pechuga Completa;118;3;1009.6504519784669
Ala Completa;118;3;448.5847558494563
Media Pechuga;118;3;2398.338122631035
Blanqueta;118;3;0.0
Alón;118;3;0.0
Punta;118;3;0.0
Jamoncito;118;3;582.0186020102643
Medio Muslo;118;3;1696.2724288191964
Entero;119;3;438.1149555686428
Medio Pollo;119;3;757.1794682953638
Medio Pollo Superior;119;3;853.174792297664
Medio Pollo Inferior;119;3;893.5203116269397
Cuarto de Pollo Superior;119;3;824.7527268746726
Muslo Entero;119;3;813.6324729434393
Pechuga Completa;119;3;1247.1766604632478
Ala Completa;119;3;793.3726437910012
Media Pechuga;119;3;1649.827543148491
Blanqueta;119;3;0.0
Alón;119;3;0.0
Punta;119;3;0.0
Jamoncito;119;3;944.330425087316
Medio Muslo;119;3;1184.9766883564837
Entero;120;3;315.84830546082816
Medio Pollo;120;3;585.4785274617342
Medio Pollo Superior;120;3;1058.2920892571035
Medio Pollo Inferior;120;3;507.6937598908817
Cuarto de Pollo Superior;120;3;721.0798168273058
Muslo Entero;120;3;1137.8627600731427
Pechuga Completa;120;3;1929.5627517831122
Ala Completa;120;3;546.7004953423028
Media Pechuga;120;3;1936.4906344851931
Blanqueta;120;3;0.0
Alón;120;3;0.0
Punta;120;3;0.0
Jamoncito;120;3;729.6233299880397
Medio Muslo;120;3;1566.8054893653589
Entero;121;3;514.5537629113196
Medio Pollo;121;3;449.9248557446617
Medio Pollo Superior;121;3;679.9008295361425
Medio Pollo Inferior;121;3;951.3749620771879
Cuarto de Pollo Superior;121;3;687.5658457442396
Muslo Entero;121;3;951.2364086557077
Pechuga Completa;121;3;1572.7391680332378
Ala Completa;121;3;742.8088379728323
Media Pechuga;121;3;2220.1680455253536
Blanqueta;121;3;0.0
Alón;121;3;0.0
Punta;121;3;0.0
Jamoncito;121;3;993.7428891955951
Medio Muslo;121;3;924.9054867923599
Entero;122;3;430.1118044020651
Medio Pollo;122;3;472.65970733379703
Medio Pollo Superior;122;3;991.6834227244746
Medio Pollo Inferior;122;3;630.6100477141995
Cuarto de Pollo Superior;122;3;946.583673205296
Muslo Entero;122;3;1195.979748641374
Pechuga Completa;122;3;1176.1935483870968
Ala Completa;122;3;378.1086306336213
Media Pechuga;122;3;1751.9382501448317
Blanqueta;122;3;0.0
Alón;122;3;0.0
Punta;122;3;0.0
Jamoncito;122;3;843.1387878637806
Medio Muslo;122;3;2069.8285883330445
Entero;123;3;479.7919191474493
Medio Pollo;123;3;774.7353433484867
Medio Pollo Superior;123;3;859.4430719425864
Medio Pollo Inferior;123;3;968.7113625994406
Cuarto de Pollo Superior;123;3;1076.423596903601
Muslo Entero;123;3;1041.4117198495455
Pechuga Completa;123;3;1104.9305214715844
Ala Completa;123;3;581.8747925330374
Media Pechuga;123;3;2269.334950419063
Blanqueta;123;3;0.0
Alón;123;3;0.0
Punta;123;3;0.0
Jamoncito;123;3;1069.1433871417216
Medio Muslo;123;3;1697.2301873447154
Entero;124;3;457.7555876786186
Medio Pollo;124;3;383.2399201191653
Medio Pollo Superior;124;3;500.97133753001395
Medio Pollo Inferior;124;3;812.6907062340588
Cuarto de Pollo Superior;124;3;1091.3858709208598
Muslo Entero;124;3;772.4862004881329
Pechuga Completa;124;3;1472.5112310473287
Ala Completa;124;3;596.2767201361527
Media Pechuga;124;3;1075.3644938890288
Blanqueta;124;3;0.0
Alón;124;3;0.0
Punta;124;3;0.0
Jamoncito;124;3;1061.9152669513894
Medio Muslo;124;3;1526.861378722996
Entero;125;3;443.9058932287599
Medio Pollo;125;3;586.0364206739896
Medio Pollo Superior;125;3;930.1381743141252
Medio Pollo Inferior;125;3;495.84953024040976
Cuarto de Pollo Superior;125;3;1149.0660479906458
Muslo Entero;125;3;552.6237187938445
Pechuga Completa;125;3;1544.2407050468944
Ala Completa;125;3;760.4735608969723
Media Pechuga;125;3;1837.8913904609615
Blanqueta;125;3;0.0
Alón;125;3;0.0
Punta;125;3;0.0
Jamoncito;125;3;525.3198498199912
Medio Muslo;125;3;1312.1405853234598
Entero;126;3;620.38536108837
Medio Pollo;126;3;648.5463976907587
Medio Pollo Superior;126;3;671.4194365502743
Medio Pollo Inferior;126;3;857.4959318425115
Cuarto de Pollo Superior;126;3;1322.493808873887
Muslo Entero;126;3;876.65719857659
Pechuga Completa;126;3;1545.381866864397
Ala Completa;126;3;812.8084183177323
Media Pechuga;126;3;1365.0086952687725
Blanqueta;126;3;0.0
Alón;126;3;0.0
Punta;126;3;0.0
Jamoncito;126;3;517.1265758904175
Medio Muslo;126;3;1543.9604490603517
Entero;127;3;460.86147600903126
Medio Pollo;127;3;429.4550283361428
Medio Pollo Superior;127;3;474.4804486175766
Medio Pollo Inferior;127;3;534.226491623707
Cuarto de Pollo Superior;127;3;641.7374215555778
Muslo Entero;127;3;560.9465317058332
Pechuga Completa;127;3;1456.4840626665703
Ala Completa;127;3;711.6853903651362
Media Pechuga;127;3;1178.390812518334
Blanqueta;127;3;0.0
Alón;127;3;0.0
Punta;127;3;0.0
Jamoncito;127;3;594.0643868305417
Medio Muslo;127;3;2019.5069105690234
Entero;128;3;612.8793918267597
Medio Pollo;128;3;474.2672356666923
Medio Pollo Superior;128;3;945.6087619412014
Medio Pollo Inferior;128;3;898.376986085014
Cuarto de Pollo Superior;128;3;876.895326037244
Muslo Entero;128;3;948.674305632797
Pechuga Completa;128;3;1666.8286061041642
Ala Completa;128;3;587.6912342039607
Media Pechuga;128;3;1465.685468951702
Blanqueta;128;3;0.0
Alón;128;3;0.0
Punta;128;3;0.0
Jamoncito;128;3;542.1113559605573
Medio Muslo;128;3;1826.0224712360705
Entero;129;3;507.90867083814663
Medio Pollo;129;3;423.22599761060144
Medio Pollo Superior;129;3;647.0354820977395
Medio Pollo Inferior;129;3;873.6704465857997
Cuarto de Pollo Superior;129;3;650.1376895962565
Muslo Entero;129;3;589.2943160647058
Pechuga Completa;129;3;1473.6290217032556
Ala Completa;129;3;542.173565167341
Media Pechuga;129;3;2343.6912646734636
Blanqueta;129;3;0.0
Alón;129;3;0.0
Punta;129;3;0.0
Jamoncito;129;3;659.8027536938151
Medio Muslo;129;3;1999.001920582603
Entero;130;3;463.97833812736803
Medio Pollo;130;3;529.5910406586011
Medio Pollo Superior;130;3;765.2124037738007
Medio Pollo Inferior;130;3;440.848936270554
Cuarto de Pollo Superior;130;3;658.4450451739569
Muslo Entero;130;3;1101.3883371519673
Pechuga Completa;130;3;1477.2617395902137
Ala Completa;130;3;495.88654198135043
Media Pechuga;130;3;1249.106596469179
Blanqueta;130;3;0.0
Alón;130;3;0.0
Punta;130;3;0.0
Jamoncito;130;3;1191.1234487569363
Medio Muslo;130;3;736.5103768021868
Entero;131;3;309.4052901976319
Medio Pollo;131;3;486.3670277452093
Medio Pollo Superior;131;3;1031.0389737324397
Medio Pollo Inferior;131;3;957.7380817249594
Cuarto de Pollo Superior;131;3;1214.8402962456362
Muslo Entero;131;3;1068.5377561544808
Pechuga Completa;131;3;838.2438812263607
Ala Completa;131;3;463.4826706383545
Media Pechuga;131;3;1565.64487482487
Blanqueta;131;3;0.0
Alón;131;3;0.0
Punta;131;3;0.0
Jamoncito;131;3;651.231449180766
Medio Muslo;131;3;1073.8924731182794
Entero;132;3;456.3239684256041
Medio Pollo;132;3;683.7260457718054
Medio Pollo Superior;132;3;804.4655013829915
Medio Pollo Inferior;132;3;979.3869253706154
Cuarto de Pollo Superior;132;3;1114.2927503569956
Muslo Entero;132;3;695.5597680147145
Pechuga Completa;132;3;983.6559803976855
Ala Completa;132;3;420.0377946826435
Media Pechuga;132;3;2320.4016233207403
Blanqueta;132;3;0.0
Alón;132;3;0.0
Punta;132;3;0.0
Jamoncito;132;3;1184.8230210630757
Medio Muslo;132;3;1104.129733854721
Entero;133;3;466.7283356387605
Medio Pollo;133;3;496.6541863152991
Medio Pollo Superior;133;3;631.2020294194724
Medio Pollo Inferior;133;3;759.8107152520416
Cuarto de Pollo Superior;133;3;1116.495197589467
Muslo Entero;133;3;788.8191477965884
Pechuga Completa;133;3;1689.6566927409426
Ala Completa;133;3;644.0021796265968
Media Pechuga;133;3;1723.3078268901763
Blanqueta;133;3;0.0
Alón;133;3;0.0
Punta;133;3;0.0
Jamoncito;133;3;1191.1175528313136
Medio Muslo;133;3;1030.306045935112
Entero;134;3;489.94769593563547
Medio Pollo;134;3;567.7450895721109
Medio Pollo Superior;134;3;593.9859577182235
Medio Pollo Inferior;134;3;563.4941532696454
Cuarto de Pollo Superior;134;3;1343.677616236618
Muslo Entero;134;3;997.9647049492153
Pechuga Completa;134;3;1223.315484306816
Ala Completa;134;3;532.6659484337519
Media Pechuga;134;3;2051.5528983614226
Blanqueta;134;3;0.0
Alón;134;3;0.0
Punta;134;3;0.0
Jamoncito;134;3;1079.59868764849
Medio Muslo;134;3;1396.4467005017805
Entero;135;3;488.4496615850561
Medio Pollo;135;3;384.5230568142595
Medio Pollo Superior;135;3;1017.2523846599881
Medio Pollo Inferior;135;3;780.2198188334543
Cuarto de Pollo Superior;135;3;663.3142230178374
Muslo Entero;135;3;663.4739640403304
Pechuga Completa;135;3;1540.5167641223452
Ala Completa;135;3;709.1849511816886
Media Pechuga;135;3;1671.0760852614535
Blanqueta;135;3;0.0
Alón;135;3;0.0
Punta;135;3;0.0
Jamoncito;135;3;535.6889445702475
Medio Muslo;135;3;2091.0812924005695
Entero;136;3;454.5503384149439
Medio Pollo;136;3;795.0284101292056
Medio Pollo Superior;136;3;594.1205379206855
Medio Pollo Inferior;136;3;746.0183372199159
Cuarto de Pollo Superior;136;3;814.9428102547663
Muslo Entero;136;3;884.1921138075526
Pechuga Completa;136;3;1003.2689063628173
Ala Completa;136;3;517.6470674475484
Media Pechuga;136;3;1946.530127962305
Blanqueta;136;3;0.0
Alón;136;3;0.0
Punta;136;3;0.0
Jamoncito;136;3;559.9200502196287
Medio Muslo;136;3;1793.1034946870195
Entero;137;3;471.0
Medio Pollo;137;3;583.3841399924627
Medio Pollo Superior;137;3;938.4953517061281
Medio Pollo Inferior;137;3;685.4765489071783
Cuarto de Pollo Superior;137;3;683.66461145639
Muslo Entero;137;3;715.8442624749282
Pechuga Completa;137;3;1879.5429179254022
Ala Completa;137;3;524.6311870876618
Media Pechuga;137;3;1533.4775880371428
Blanqueta;137;3;0.0
Alón;137;3;0.0
Punta;137;3;0.0
Jamoncito;137;3;1010.8557699436283
Medio Muslo;137;3;1800.3212055591055
Entero;138;3;471.0
Medio Pollo;138;3;682.0620908563321
Medio Pollo Superior;138;3;485.376103231993
Medio Pollo Inferior;138;3;850.8607686516665
Cuarto de Pollo Superior;138;3;898.839774352103
Muslo Entero;138;3;1171.3244485071386
Pechuga Completa;138;3;873.3666684796058
Ala Completa;138;3;830.3479602580139
Media Pechuga;138;3;2055.343363233797
Blanqueta;138;3;0.0
Alón;138;3;0.0
Punta;138;3;0.0
Jamoncito;138;3;946.5636492263686
Medio Muslo;138;3;1546.1963508641502
Entero;139;3;465.9458940655072
Medio Pollo;139;3;731.9057522281083
Medio Pollo Superior;139;3;557.0731031452613
Medio Pollo Inferior;139;3;519.1486856541252
Cuarto de Pollo Superior;139;3;1010.103797534243
Muslo Entero;139;3;641.3600114728769
Pechuga Completa;139;3;972.0971816806656
Ala Completa;139;3;727.2037500004137
Media Pechuga;139;3;1291.0296974346509
Blanqueta;139;3;0.0
Alón;139;3;0.0
Punta;139;3;0.0
Jamoncito;139;3;702.4498091266286
Medio Muslo;139;3;2039.2323804986165
Entero;140;3;476.0541059344928
Medio Pollo;140;3;484.9792578098392
Medio Pollo Superior;140;3;843.207109355894
Medio Pollo Inferior;140;3;720.028440115491
Cuarto de Pollo Superior;140;3;1052.4854347833368
Muslo Entero;140;3;1181.5961927030016
Pechuga Completa;140;3;1352.0232288182597
Ala Completa;140;3;831.2523854491562
Media Pechuga;140;3;1802.668519908388
Blanqueta;140;3;0.0
Alón;140;3;0.0
Punta;140;3;0.0
Jamoncito;140;3;584.7114808288387
Medio Muslo;140;3;1254.5128351435342
Entero;141;3;334.0591043796028
Medio Pollo;141;3;476.23502154435204
Medio Pollo Superior;141;3;483.6462264171528
Medio Pollo Inferior;141;3;543.0099150588302
Cuarto de Pollo Superior;141;3;678.9656959686812
Muslo Entero;141;3;1188.2358304828401
Pechuga Completa;141;3;1756.510945983517
Ala Completa;141;3;401.5422243062061
Media Pechuga;141;3;1522.2412685436645
Blanqueta;141;3;0.0
Alón;141;3;0.0
Punta;141;3;0.0
Jamoncito;141;3;759.4979368285589
Medio Muslo;141;3;1642.4656594801215
Entero;142;3;588.8047105703336
Medio Pollo;142;3;636.6866707150574
Medio Pollo Superior;142;3;680.262425517684
Medio Pollo Inferior;142;3;823.1747199041706
Cuarto de Pollo Superior;142;3;1319.784374167687
Muslo Entero;142;3;1085.224892246175
Pechuga Completa;142;3;1312.3670840935397
Ala Completa;142;3;645.0648737936135
Media Pechuga;142;3;1188.6384475887753
Blanqueta;142;3;0.0
Alón;142;3;0.0
Punta;142;3;0.0
Jamoncito;142;3;541.5958028766893
Medio Muslo;142;3;1153.4623655913979
Entero;143;3;477.0361056437995
Medio Pollo;143;3;542.6870889755434
Medio Pollo Superior;143;3;605.5671276143282
Medio Pollo Inferior;143;3;756.0502841901782
Cuarto de Pollo Superior;143;3;919.0349221035473
Muslo Entero;143;3;818.4945341730584
Pechuga Completa;143;3;1811.1275126601145
Ala Completa;143;3;531.5784885688247
Media Pechuga;143;3;2298.3665170729846
Blanqueta;143;3;0.0
Alón;143;3;0.0
Punta;143;3;0.0
Jamoncito;143;3;1218.3332140009309
Medio Muslo;143;3;1387.4288719701365
Entero;144;3;287.4226102242083
Medio Pollo;144;3;610.1754514169196
Medio Pollo Superior;144;3;972.2365353043077
Medio Pollo Inferior;144;3;770.2417842659802
Cuarto de Pollo Superior;144;3;1378.814518398903
Muslo Entero;144;3;823.8874029690726
Pechuga Completa;144;3;1291.4639893466451
Ala Completa;144;3;656.2540701557556
Media Pechuga;144;3;2120.9822426201385
Blanqueta;144;3;0.0
Alón;144;3;0.0
Punta;144;3;0.0
Jamoncito;144;3;562.7195834564669
Medio Muslo;144;3;1674.1216184636698
Entero;145;3;507.1051719856366
Medio Pollo;145;3;793.0600912455388
Medio Pollo Superior;145;3;866.9637418975784
Medio Pollo Inferior;145;3;781.2236137918977
Cuarto de Pollo Superior;145;3;963.3048617833574
Muslo Entero;145;3;679.1499267861981
Pechuga Completa;145;3;1131.1497733723138
Ala Completa;145;3;860.8644706426835
Media Pechuga;145;3;1966.3591866289232
Blanqueta;145;3;0.0
Alón;145;3;0.0
Punta;145;3;0.0
Jamoncito;145;3;1074.5525392815189
Medio Muslo;145;3;1133.542882429677
Entero;146;3;359.82987573879194
Medio Pollo;146;3;492.6936745520127
Medio Pollo Superior;146;3;798.7912886224543
Medio Pollo Inferior;146;3;773.1065125556789
Cuarto de Pollo Superior;146;3;1211.3650036609488
Muslo Entero;146;3;829.0097938817139
Pechuga Completa;146;3;947.5375195833434
Ala Completa;146;3;545.2740224619822
Media Pechuga;146;3;1825.2903225806454
Blanqueta;146;3;0.0
Alón;146;3;0.0
Punta;146;3;0.0
Jamoncito;146;3;1214.4556937476355
Medio Muslo;146;3;1039.5852936035476
Entero;147;3;374.13261061228155
Medio Pollo;147;3;450.5779418903936
Medio Pollo Superior;147;3;776.0494825677362
Medio Pollo Inferior;147;3;490.81574716609697
Cuarto de Pollo Superior;147;3;740.3853200656256
Muslo Entero;147;3;674.3176399541311
Pechuga Completa;147;3;1314.0019113902133
Ala Completa;147;3;869.9438306419801
Media Pechuga;147;3;1680.1290322580646
Blanqueta;147;3;0.0
Alón;147;3;0.0
Punta;147;3;0.0
Jamoncito;147;3;619.1206945706843
Medio Muslo;147;3;2089.2842388531567
Entero;148;3;470.6098108453612
Medio Pollo;148;3;584.3305321250128
Medio Pollo Superior;148;3;996.36222960307
Medio Pollo Inferior;148;3;936.8107236265691
Cuarto de Pollo Superior;148;3;1146.6086733406635
Muslo Entero;148;3;1182.1568164593168
Pechuga Completa;148;3;1655.9816286332355
Ala Completa;148;3;615.3212217528214
Media Pechuga;148;3;1749.786949306587
Blanqueta;148;3;0.0
Alón;148;3;0.0
Punta;148;3;0.0
Jamoncito;148;3;905.8855440657276
Medio Muslo;148;3;1268.2015799626051
Entero;149;3;496.6588708691606
Medio Pollo;149;3;584.5
Medio Pollo Superior;149;3;624.0050940817583
Medio Pollo Inferior;149;3;764.3280287056548
Cuarto de Pollo Superior;149;3;646.0852097050409
Muslo Entero;149;3;766.3704602063206
Pechuga Completa;149;3;1819.5643044958688
Ala Completa;149;3;734.030558948993
Media Pechuga;149;3;1920.6324055321227
Blanqueta;149;3;0.0
Alón;149;3;0.0
Punta;149;3;0.0
Jamoncito;149;3;632.189328941543
Medio Muslo;149;3;1459.7328608802857
Entero;150;3;282.7951599492687
Medio Pollo;150;3;466.51772909104477
Medio Pollo Superior;150;3;819.7804865206745
Medio Pollo Inferior;150;3;545.6523892168866
Cuarto de Pollo Superior;150;3;787.160062642242
Muslo Entero;150;3;728.8064702475759
Pechuga Completa;150;3;1801.2763597612557
Ala Completa;150;3;780.298829965274
Media Pechuga;150;3;1761.9032258064517
Blanqueta;150;3;0.0
Alón;150;3;0.0
Punta;150;3;0.0
Jamoncito;150;3;755.5870052888195
Medio Muslo;150;3;1923.4179577012442
Entero;151;3;606.3185356700785
Medio Pollo;151;3;522.4022729811188
Medio Pollo Superior;151;3;964.4801565973432
Medio Pollo Inferior;151;3;575.5072436774733
Cuarto de Pollo Superior;151;3;757.2399331508506
Muslo Entero;151;3;1256.1455529157224
Pechuga Completa;151;3;1434.950362423406
Ala Completa;151;3;568.3971301859046
Media Pechuga;151;3;1614.8064516129032
Blanqueta;151;3;0.0
Alón;151;3;0.0
Punta;151;3;0.0
Jamoncito;151;3;543.125522892378
Medio Muslo;151;3;915.9398935480278
Entero;152;3;524.5928571268279
Medio Pollo;152;3;394.172454784415
Medio Pollo Superior;152;3;1061.8075347627498
Medio Pollo Inferior;152;3;669.2943184868052
Cuarto de Pollo Superior;152;3;628.4061785274247
Muslo Entero;152;3;656.7640541384908
Pechuga Completa;152;3;744.0486315722063
Ala Completa;152;3;442.3739037468207
Media Pechuga;152;3;1091.21875652498
Blanqueta;152;3;0.0
Alón;152;3;0.0
Punta;152;3;0.0
Jamoncito;152;3;737.0078074623285
Medio Muslo;152;3;1287.0961761163878
Entero;153;3;537.6158975578464
Medio Pollo;153;3;462.3404487597344
Medio Pollo Superior;153;3;809.458489692723
Medio Pollo Inferior;153;3;432.79833389270965
Cuarto de Pollo Superior;153;3;639.2750152391011
Muslo Entero;153;3;767.0440161592727
Pechuga Completa;153;3;1066.1802458837292
Ala Completa;153;3;776.6122178359971
Media Pechuga;153;3;1064.6078381060097
Blanqueta;153;3;0.0
Alón;153;3;0.0
Punta;153;3;0.0
Jamoncito;153;3;726.3323250049636
Medio Muslo;153;3;1129.7499886363032
Entero;154;3;467.62748339533005
Medio Pollo;154;3;620.3368579011562
Medio Pollo Superior;154;3;418.5118834633133
Medio Pollo Inferior;154;3;522.0163452020734
Cuarto de Pollo Superior;154;3;648.7844291766597
Muslo Entero;154;3;569.948759724053
Pechuga Completa;154;3;1551.368141213045
Ala Completa;154;3;555.8982488114146
Media Pechuga;154;3;1693.3978703890568
Blanqueta;154;3;0.0
Alón;154;3;0.0
Punta;154;3;0.0
Jamoncito;154;3;1187.4312178597822
Medio Muslo;154;3;1531.430904689573
Entero;155;3;499.7041584546075
Medio Pollo;155;3;656.5308502605989
Medio Pollo Superior;155;3;1048.6369364020497
Medio Pollo Inferior;155;3;561.5468135289848
Cuarto de Pollo Superior;155;3;895.418039620973
Muslo Entero;155;3;1011.9447488533083
Pechuga Completa;155;3;1438.9354838709678
Ala Completa;155;3;768.597829465019
Media Pechuga;155;3;1129.743558429413
Blanqueta;155;3;0.0
Alón;155;3;0.0
Punta;155;3;0.0
Jamoncito;155;3;1020.4778247257757
Medio Muslo;155;3;1870.9260416241032
Entero;156;3;348.68703697688034
Medio Pollo;156;3;470.08742241327053
Medio Pollo Superior;156;3;847.1337111723867
Medio Pollo Inferior;156;3;515.1505990691969
Cuarto de Pollo Superior;156;3;1115.9273272760176
Muslo Entero;156;3;1083.9874858042465
Pechuga Completa;156;3;1439.4193548387098
Ala Completa;156;3;794.2451858900988
Media Pechuga;156;3;2265.802149484275
Blanqueta;156;3;0.0
Alón;156;3;8.929584344679658e-13
Punta;156;3;2.645802768793974e-13
Jamoncito;156;3;938.5657398601337
Medio Muslo;156;3;1931.553582796934
Entero;157;3;468.9999999999691
Medio Pollo;157;3;469.3805135246741
Medio Pollo Superior;157;3;778.4118660113955
Medio Pollo Inferior;157;3;716.9507061065615
Cuarto de Pollo Superior;157;3;926.6806888807148
Muslo Entero;157;3;684.1250491889283
Pechuga Completa;157;3;1439.4193548387098
Ala Completa;157;3;700.4731073248167
Media Pechuga;157;3;1486.1842726589948
Blanqueta;157;3;0.0
Alón;157;3;8.929584344679658e-13
Punta;157;3;2.645802768793974e-13
Jamoncito;157;3;796.6325415828268
Medio Muslo;157;3;1334.4417072238139
Entero;158;3;281.1573393588105
Medio Pollo;158;3;393.4254180305494
Medio Pollo Superior;158;3;579.494905769007
Medio Pollo Inferior;158;3;449.5585596603567
Cuarto de Pollo Superior;158;3;1068.9923980645415
Muslo Entero;158;3;967.1279823204395
Pechuga Completa;158;3;886.3039310381262
Ala Completa;158;3;772.1932988719998
Media Pechuga;158;3;1626.8285758536806
Blanqueta;158;3;0.0
Alón;158;3;0.0
Punta;158;3;0.0
Jamoncito;158;3;803.7839618008771
Medio Muslo;158;3;1635.6800532179939
Entero;159;3;353.69566699963366
Medio Pollo;159;3;369.86847039133573
Medio Pollo Superior;159;3;753.2171372462303
Medio Pollo Inferior;159;3;836.8630924598865
Cuarto de Pollo Superior;159;3;1195.6663157840285
Muslo Entero;159;3;550.676583038552
Pechuga Completa;159;3;1478.063480216849
Ala Completa;159;3;872.7069535726267
Media Pechuga;159;3;1437.7877383092602
Blanqueta;159;3;0.0
Alón;159;3;0.0
Punta;159;3;0.0
Jamoncito;159;3;534.145812563593
Medio Muslo;159;3;1546.8229229277083
Entero;160;3;351.21310828403386
Medio Pollo;160;3;501.7148532311911
Medio Pollo Superior;160;3;874.7203605401567
Medio Pollo Inferior;160;3;744.0670064720549
Cuarto de Pollo Superior;160;3;886.0878613237516
Muslo Entero;160;3;886.4204466623049
Pechuga Completa;160;3;1531.5584320027815
Ala Completa;160;3;448.03225806451616
Media Pechuga;160;3;2207.7456717705377
Blanqueta;160;3;0.0
Alón;160;3;8.929584344679658e-13
Punta;160;3;2.645802768793974e-13
Jamoncito;160;3;1183.2313896903258
Medio Muslo;160;3;1175.9470809122554
Entero;161;3;618.204225233782
Medio Pollo;161;3;673.4717032134913
Medio Pollo Superior;161;3;812.3205667297423
Medio Pollo Inferior;161;3;777.2608551068412
Cuarto de Pollo Superior;161;3;1172.4691983530588
Muslo Entero;161;3;981.0916276764566
Pechuga Completa;161;3;1051.2580804072736
Ala Completa;161;3;520.963385078401
Media Pechuga;161;3;1025.2463574249862
Blanqueta;161;3;0.0
Alón;161;3;0.0
Punta;161;3;0.0
Jamoncito;161;3;857.2937300002702
Medio Muslo;161;3;1750.2726529352597
Entero;162;3;431.054944724519
Medio Pollo;162;3;382.12014950790075
Medio Pollo Superior;162;3;572.5838406013681
Medio Pollo Inferior;162;3;588.0738901479352
Cuarto de Pollo Superior;162;3;923.4821900899806
Muslo Entero;162;3;1163.5396827615523
Pechuga Completa;162;3;1101.913961222582
Ala Completa;162;3;521.2375477854877
Media Pechuga;162;3;1395.3102214670614
Blanqueta;162;3;0.0
Alón;162;3;0.0
Punta;162;3;0.0
Jamoncito;162;3;947.2063878985367
Medio Muslo;162;3;1870.280016299385
Entero;163;3;510.0527902059629
Medio Pollo;163;3;410.55585230103503
Medio Pollo Superior;163;3;592.5350539048841
Medio Pollo Inferior;163;3;831.7431249924426
Cuarto de Pollo Superior;163;3;711.6594444218956
Muslo Entero;163;3;795.568312790701
Pechuga Completa;163;3;840.7801244136101
Ala Completa;163;3;687.951001813597
Media Pechuga;163;3;1274.0313053423936
Blanqueta;163;3;0.0
Alón;163;3;0.0
Punta;163;3;0.0
Jamoncito;163;3;1079.188961605792
Medio Muslo;163;3;1499.7802343477106
Entero;164;3;363.3672247555777
Medio Pollo;164;3;429.78369565091776
Medio Pollo Superior;164;3;564.3895913396212
Medio Pollo Inferior;164;3;848.41036661938
Cuarto de Pollo Superior;164;3;1260.4695310343577
Muslo Entero;164;3;633.8414183928055
Pechuga Completa;164;3;1664.7081865470586
Ala Completa;164;3;864.525484677353
Media Pechuga;164;3;1207.3678093030887
Blanqueta;164;3;0.0
Alón;164;3;0.0
Punta;164;3;0.0
Jamoncito;164;3;793.997529206765
Medio Muslo;164;3;1184.035096369295
Entero;165;3;420.98126884090834
Medio Pollo;165;3;780.0159144109626
Medio Pollo Superior;165;3;1095.1992988912448
Medio Pollo Inferior;165;3;685.9036966499655
Cuarto de Pollo Superior;165;3;1026.350180621935
Muslo Entero;165;3;1140.082023300397
Pechuga Completa;165;3;1022.9934856311493
Ala Completa;165;3;542.483870967742
Media Pechuga;165;3;2254.8550229199827
Blanqueta;165;3;0.0
Alón;165;3;0.0
Punta;165;3;0.0
Jamoncito;165;3;1008.4431513630225
Medio Muslo;165;3;1719.0844949516863
Entero;166;3;644.7553137260371
Medio Pollo;166;3;386.4523136623035
Medio Pollo Superior;166;3;1068.0035565478809
Medio Pollo Inferior;166;3;843.5076425447755
Cuarto de Pollo Superior;166;3;650.4763404843899
Muslo Entero;166;3;1138.5041393968468
Pechuga Completa;166;3;1216.431151454198
Ala Completa;166;3;539.1685466406617
Media Pechuga;166;3;2256.6870972799593
Blanqueta;166;3;0.0
Alón;166;3;0.0
Punta;166;3;0.0
Jamoncito;166;3;1102.9727247020094
Medio Muslo;166;3;1510.762129109126
Entero;167;3;316.84461892164745
Medio Pollo;167;3;519.6571066984307
Medio Pollo Superior;167;3;712.433664499178
Medio Pollo Inferior;167;3;664.6914804466784
Cuarto de Pollo Superior;167;3;663.8881421870507
Muslo Entero;167;3;1166.2656715513242
Pechuga Completa;167;3;1497.7324290922293
Ala Completa;167;3;708.3798404561124
Media Pechuga;167;3;2004.7527204826886
Blanqueta;167;3;0.0
Alón;167;3;0.0
Punta;167;3;0.0
Jamoncito;167;3;884.2334435566303
Medio Muslo;167;3;1513.1397849462364
Entero;168;3;494.69819272968607
Medio Pollo;168;3;616.6941595534373
Medio Pollo Superior;168;3;853.0545389593211
Medio Pollo Inferior;168;3;851.735872297438
Cuarto de Pollo Superior;168;3;840.630598149812
Muslo Entero;168;3;1251.3825544466238
Pechuga Completa;168;3;952.04236894571
Ala Completa;168;3;644.9677419354839
Media Pechuga;168;3;1105.0608991451456
Blanqueta;168;3;0.0
Alón;168;3;0.0
Punta;168;3;0.0
Jamoncito;168;3;1138.627447787962
Medio Muslo;168;3;1491.3655913978491
Entero;1;4;249.8372704334427
Medio Pollo;1;4;520.5
Medio Pollo Superior;1;4;738.5806451612904
Medio Pollo Inferior;1;4;666.7741935483817
Cuarto de Pollo Superior;1;4;785.0120697694915
Muslo Entero;1;4;716.1809882376843
Pechuga Completa;1;4;1332.6774193552424
Ala Completa;1;4;522.0425437913261
Media Pechuga;1;4;1648.0967741935422
Blanqueta;1;4;0.0
Alón;1;4;0.0
Punta;1;4;0.0
Jamoncito;1;4;814.8602150537635
Medio Muslo;1;4;1380.6636761884442
Entero;2;4;333.9584129325558
Medio Pollo;2;4;418.8598390008081
Medio Pollo Superior;2;4;645.8168306366349
Medio Pollo Inferior;2;4;677.2143445616102
Cuarto de Pollo Superior;2;4;619.9363188213822
Muslo Entero;2;4;550.2535252974429
Pechuga Completa;2;4;821.9082099809103
Ala Completa;2;4;403.6514955101388
Media Pechuga;2;4;1603.5898008081783
Blanqueta;2;4;0.0
Alón;2;4;0.0
Punta;2;4;0.0
Jamoncito;2;4;839.8602150538065
Medio Muslo;2;4;1558.5513775750733
Entero;3;4;422.5896548215574
Medio Pollo;3;4;603.0540041533822
Medio Pollo Superior;3;4;563.3792398573438
Medio Pollo Inferior;3;4;504.10308676442634
Cuarto de Pollo Superior;3;4;1165.834253542074
Muslo Entero;3;4;747.1298919148016
Pechuga Completa;3;4;1492.1501707506054
Ala Completa;3;4;681.3122086763849
Media Pechuga;3;4;1818.6037475791115
Blanqueta;3;4;2.137329184069479e-12
Alón;3;4;4.944090128604644e-12
Punta;3;4;2.686459461859041e-12
Jamoncito;3;4;700.7558223970888
Medio Muslo;3;4;1484.1075268816448
Entero;4;4;477.3012689133643
Medio Pollo;4;4;412.2238819208765
Medio Pollo Superior;4;4;677.6042015160164
Medio Pollo Inferior;4;4;878.2111709722678
Cuarto de Pollo Superior;4;4;706.2893840453739
Muslo Entero;4;4;792.5818193018694
Pechuga Completa;4;4;1285.1455229870191
Ala Completa;4;4;546.805356841181
Media Pechuga;4;4;1005.7874187699841
Blanqueta;4;4;1.962861985476248e-12
Alón;4;4;2.4423540859959788e-12
Punta;4;4;9.453398509965818e-13
Jamoncito;4;4;978.9646077103961
Medio Muslo;4;4;1484.1075268817203
Entero;5;4;449.9468182669285
Medio Pollo;5;4;593.3828365773488
Medio Pollo Superior;5;4;887.1884143340453
Medio Pollo Inferior;5;4;703.5681718952217
Cuarto de Pollo Superior;5;4;1014.8327950377225
Muslo Entero;5;4;1188.4758107657499
Pechuga Completa;5;4;1427.6208122050405
Ala Completa;5;4;674.2954259905183
Media Pechuga;5;4;2134.654682677938
Blanqueta;5;4;1.294145503010863e-12
Alón;5;4;4.422431862852743e-12
Punta;5;4;0.0
Jamoncito;5;4;752.3729308209763
Medio Muslo;5;4;1484.1075268817203
Entero;6;4;531.8178256787337
Medio Pollo;6;4;462.99167996012307
Medio Pollo Superior;6;4;999.3500099695425
Medio Pollo Inferior;6;4;690.7741935483817
Cuarto de Pollo Superior;6;4;1240.539008497282
Muslo Entero;6;4;785.3998943760608
Pechuga Completa;6;4;1261.4176373608377
Ala Completa;6;4;720.5940823767356
Media Pechuga;6;4;1499.341601890572
Blanqueta;6;4;2.3174043339592553e-12
Alón;6;4;4.4844660343436326e-13
Punta;6;4;0.0
Jamoncito;6;4;927.3474992865721
Medio Muslo;6;4;1484.1075268817585
Entero;7;4;474.5487489476647
Medio Pollo;7;4;355.69193555033337
Medio Pollo Superior;7;4;790.1451746541597
Medio Pollo Inferior;7;4;690.7741935483817
Cuarto de Pollo Superior;7;4;813.7722528378146
Muslo Entero;7;4;1188.2233555737992
Pechuga Completa;7;4;1761.8693665853739
Ala Completa;7;4;696.1396481712045
Media Pechuga;7;4;1213.5932685648147
Blanqueta;7;4;1.1228920290986095e-12
Alón;7;4;0.0
Punta;7;4;0.0
Jamoncito;7;4;748.5209776745734
Medio Muslo;7;4;1007.0490800924262
Entero;8;4;263.1937358489271
Medio Pollo;8;4;537.701004948982
Medio Pollo Superior;8;4;760.5806451612908
Medio Pollo Inferior;8;4;690.7741935483817
Cuarto de Pollo Superior;8;4;1076.823094717437
Muslo Entero;8;4;1162.6252589833605
Pechuga Completa;8;4;1558.0653467386276
Ala Completa;8;4;597.6072847328231
Media Pechuga;8;4;2025.1226041032678
Blanqueta;8;4;1.8872561648886985e-12
Alón;8;4;0.0
Punta;8;4;0.0
Jamoncito;8;4;572.0931881233504
Medio Muslo;8;4;1893.4064805960047
Entero;9;4;500.03998208200125
Medio Pollo;9;4;675.7131830480141
Medio Pollo Superior;9;4;746.6794941167306
Medio Pollo Inferior;9;4;690.7741935483817
Cuarto de Pollo Superior;9;4;1264.3351269001917
Muslo Entero;9;4;754.2703109057251
Pechuga Completa;9;4;936.4625641638032
Ala Completa;9;4;747.7455022972156
Media Pechuga;9;4;1064.0359381658604
Blanqueta;9;4;1.564056236510333e-12
Alón;9;4;0.0
Punta;9;4;0.0
Jamoncito;9;4;710.3513194088255
Medio Muslo;9;4;942.8554024025644
Entero;10;4;251.8391656399855
Medio Pollo;10;4;696.3660241887551
Medio Pollo Superior;10;4;517.9127650624016
Medio Pollo Inferior;10;4;690.7741935483817
Cuarto de Pollo Superior;10;4;956.5647018241191
Muslo Entero;10;4;734.1441933996183
Pechuga Completa;10;4;1209.783636693507
Ala Completa;10;4;488.83180444779555
Media Pechuga;10;4;2059.8635857598456
Blanqueta;10;4;0.0
Alón;10;4;0.0
Punta;10;4;0.0
Jamoncito;10;4;539.9865587580045
Medio Muslo;10;4;975.1901528573098
Entero;11;4;419.1874667068389
Medio Pollo;11;4;429.7154202712928
Medio Pollo Superior;11;4;452.1022956000469
Medio Pollo Inferior;11;4;690.7741935483817
Cuarto de Pollo Superior;11;4;707.5790355279446
Muslo Entero;11;4;810.9801777129858
Pechuga Completa;11;4;1061.4888908509715
Ala Completa;11;4;500.09336921134894
Media Pechuga;11;4;1147.1073212352862
Blanqueta;11;4;0.0
Alón;11;4;0.0
Punta;11;4;0.0
Jamoncito;11;4;735.1296713509456
Medio Muslo;11;4;1043.7280711840358
Entero;12;4;384.3260927170857
Medio Pollo;12;4;343.8394293725629
Medio Pollo Superior;12;4;792.1231206616641
Medio Pollo Inferior;12;4;610.7042037498451
Cuarto de Pollo Superior;12;4;1033.7778742959408
Muslo Entero;12;4;772.0613525025599
Pechuga Completa;12;4;1062.6676383128813
Ala Completa;12;4;616.2319653383662
Media Pechuga;12;4;1424.844351451996
Blanqueta;12;4;0.0
Alón;12;4;0.0
Punta;12;4;0.0
Jamoncito;12;4;964.9871463901546
Medio Muslo;12;4;1259.3370903462971
Entero;13;4;334.7489425882809
Medio Pollo;13;4;687.0493119528334
Medio Pollo Superior;13;4;911.054891070169
Medio Pollo Inferior;13;4;635.7779584042314
Cuarto de Pollo Superior;13;4;1152.7382683239434
Muslo Entero;13;4;755.9975002039456
Pechuga Completa;13;4;1298.714854909062
Ala Completa;13;4;520.4396595377613
Media Pechuga;13;4;1462.4813915413
Blanqueta;13;4;0.0
Alón;13;4;0.0
Punta;13;4;0.0
Jamoncito;13;4;496.2257110420423
Medio Muslo;13;4;1092.6510002015707
Entero;14;4;497.28439451567607
Medio Pollo;14;4;702.1783340193422
Medio Pollo Superior;14;4;861.0294940290718
Medio Pollo Inferior;14;4;733.3047672076689
Cuarto de Pollo Superior;14;4;1096.5911879866185
Muslo Entero;14;4;1173.8456983547223
Pechuga Completa;14;4;801.7672220920562
Ala Completa;14;4;371.12884904745914
Media Pechuga;14;4;2063.3543461220743
Blanqueta;14;4;0.0
Alón;14;4;0.0
Punta;14;4;0.0
Jamoncito;14;4;785.5429589949255
Medio Muslo;14;4;1940.8352858156632
Entero;15;4;288.47976537358386
Medio Pollo;15;4;578.2331150374575
Medio Pollo Superior;15;4;587.7364647525284
Medio Pollo Inferior;15;4;474.2086785794226
Cuarto de Pollo Superior;15;4;788.8676195319483
Muslo Entero;15;4;964.5650146554053
Pechuga Completa;15;4;1431.9524988586186
Ala Completa;15;4;503.4824707488483
Media Pechuga;15;4;1353.556617541724
Blanqueta;15;4;0.0
Alón;15;4;0.0
Punta;15;4;0.0
Jamoncito;15;4;642.4625853837256
Medio Muslo;15;4;1945.1117343325477
Entero;16;4;537.9996759512095
Medio Pollo;16;4;535.5000000001419
Medio Pollo Superior;16;4;756.7607508700763
Medio Pollo Inferior;16;4;797.9129343660684
Cuarto de Pollo Superior;16;4;951.2522407685344
Muslo Entero;16;4;1012.5046897530169
Pechuga Completa;16;4;1046.0803994243436
Ala Completa;16;4;732.1755255729823
Media Pechuga;16;4;1485.2378038695986
Blanqueta;16;4;0.0
Alón;16;4;0.0
Punta;16;4;0.0
Jamoncito;16;4;663.681288494329
Medio Muslo;16;4;1254.1904897673783
Entero;17;4;478.7498553013925
Medio Pollo;17;4;535.500000000141
Medio Pollo Superior;17;4;499.7286022359086
Medio Pollo Inferior;17;4;462.6393534132936
Cuarto de Pollo Superior;17;4;1176.5837132716547
Muslo Entero;17;4;642.9517360262089
Pechuga Completa;17;4;948.6325663773407
Ala Completa;17;4;372.41933464736184
Media Pechuga;17;4;1249.559827872401
Blanqueta;17;4;0.0
Alón;17;4;0.0
Punta;17;4;0.0
Jamoncito;17;4;777.1520416173404
Medio Muslo;17;4;1036.06825399092
Entero;18;4;388.5028780498281
Medio Pollo;18;4;435.2911885005381
Medio Pollo Superior;18;4;536.90896190994
Medio Pollo Inferior;18;4;768.8803226089801
Cuarto de Pollo Superior;18;4;1138.3527979485325
Muslo Entero;18;4;536.6630789942311
Pechuga Completa;18;4;925.8743131107234
Ala Completa;18;4;775.8950750834346
Media Pechuga;18;4;1839.7954495363722
Blanqueta;18;4;0.0
Alón;18;4;0.0
Punta;18;4;0.0
Jamoncito;18;4;601.8914594629304
Medio Muslo;18;4;1199.3584223569846
Entero;19;4;334.02979809484
Medio Pollo;19;4;447.1736967119663
Medio Pollo Superior;19;4;825.9041665698848
Medio Pollo Inferior;19;4;466.94361425434596
Cuarto de Pollo Superior;19;4;1032.7698692565643
Muslo Entero;19;4;861.9779469914532
Pechuga Completa;19;4;1318.598696197867
Ala Completa;19;4;384.26290707085667
Media Pechuga;19;4;2219.037073520435
Blanqueta;19;4;0.0
Alón;19;4;0.0
Punta;19;4;0.0
Jamoncito;19;4;798.89280039053
Medio Muslo;19;4;1092.7632779263124
Entero;20;4;393.13520326282725
Medio Pollo;20;4;413.9677055270209
Medio Pollo Superior;20;4;1023.7316121461924
Medio Pollo Inferior;20;4;788.8429694482365
Cuarto de Pollo Superior;20;4;987.1290322581342
Muslo Entero;20;4;930.6886065642303
Pechuga Completa;20;4;1323.615666977153
Ala Completa;20;4;642.5176067330389
Media Pechuga;20;4;1024.4460249512206
Blanqueta;20;4;0.0
Alón;20;4;0.0
Punta;20;4;0.0
Jamoncito;20;4;758.6707249379061
Medio Muslo;20;4;1959.7725149903254
Entero;21;4;530.0177992052015
Medio Pollo;21;4;641.9294212468213
Medio Pollo Superior;21;4;757.7572139138832
Medio Pollo Inferior;21;4;549.0423381321608
Cuarto de Pollo Superior;21;4;987.1290322581344
Muslo Entero;21;4;612.8831912654837
Pechuga Completa;21;4;1834.6057210002077
Ala Completa;21;4;411.7594383453817
Media Pechuga;21;4;1115.5960679105112
Blanqueta;21;4;0.0
Alón;21;4;0.0
Punta;21;4;0.0
Jamoncito;21;4;1112.1892039032746
Medio Muslo;21;4;1550.7141212184697
Entero;22;4;322.693164263404
Medio Pollo;22;4;481.0015145404014
Medio Pollo Superior;22;4;834.0540380292507
Medio Pollo Inferior;22;4;451.94408687338523
Cuarto de Pollo Superior;22;4;1057.9677419354803
Muslo Entero;22;4;655.0734768303414
Pechuga Completa;22;4;1917.213442207196
Ala Completa;22;4;585.825081700401
Media Pechuga;22;4;1603.60355643178
Blanqueta;22;4;0.0
Alón;22;4;0.0
Punta;22;4;0.0
Jamoncito;22;4;652.0181875845927
Medio Muslo;22;4;2064.0243322193805
Entero;23;4;471.744190502568
Medio Pollo;23;4;661.6564313096925
Medio Pollo Superior;23;4;691.9528024242285
Medio Pollo Inferior;23;4;498.46262316778007
Cuarto de Pollo Superior;23;4;743.2080064438248
Muslo Entero;23;4;1109.5983370007696
Pechuga Completa;23;4;1621.7820192005897
Ala Completa;23;4;842.6764838874345
Media Pechuga;23;4;1724.4332536821141
Blanqueta;23;4;0.0
Alón;23;4;0.0
Punta;23;4;0.0
Jamoncito;23;4;1086.55508210482
Medio Muslo;23;4;1248.0257758890732
Entero;24;4;518.7144890800593
Medio Pollo;24;4;591.3160549182936
Medio Pollo Superior;24;4;1131.4825697572353
Medio Pollo Inferior;24;4;961.2258944810934
Cuarto de Pollo Superior;24;4;1361.34698676529
Muslo Entero;24;4;945.4290342222623
Pechuga Completa;24;4;1465.240069061343
Ala Completa;24;4;516.975635515272
Media Pechuga;24;4;1244.8266803752192
Blanqueta;24;4;0.0
Alón;24;4;0.0
Punta;24;4;0.0
Jamoncito;24;4;967.769829178585
Medio Muslo;24;4;1427.9400191890268
Entero;25;4;498.8943566603539
Medio Pollo;25;4;447.9876250667416
Medio Pollo Superior;25;4;992.6366500301904
Medio Pollo Inferior;25;4;667.902234656027
Cuarto de Pollo Superior;25;4;1202.8187157191528
Muslo Entero;25;4;1147.6039014070611
Pechuga Completa;25;4;1364.0008995462047
Ala Completa;25;4;860.9449775395373
Media Pechuga;25;4;1417.418840525145
Blanqueta;25;4;0.0
Alón;25;4;0.0
Punta;25;4;0.0
Jamoncito;25;4;780.6510160328335
Medio Muslo;25;4;1143.6566307817798
Entero;26;4;547.6139402296649
Medio Pollo;26;4;711.1899868660698
Medio Pollo Superior;26;4;1092.813946370495
Medio Pollo Inferior;26;4;874.5660174517641
Cuarto de Pollo Superior;26;4;857.4366289790536
Muslo Entero;26;4;839.1149649906963
Pechuga Completa;26;4;912.6225937166886
Ala Completa;26;4;851.1882032178718
Media Pechuga;26;4;1415.2715185037948
Blanqueta;26;4;0.0
Alón;26;4;0.0
Punta;26;4;0.0
Jamoncito;26;4;1007.7761474046976
Medio Muslo;26;4;924.0933346814734
Entero;27;4;404.6131367698497
Medio Pollo;27;4;630.7890371053553
Medio Pollo Superior;27;4;638.9732856304922
Medio Pollo Inferior;27;4;536.3219252435528
Cuarto de Pollo Superior;27;4;776.9176017424566
Muslo Entero;27;4;723.656537748164
Pechuga Completa;27;4;853.7622239167297
Ala Completa;27;4;563.5064510651896
Media Pechuga;27;4;1137.1717130161435
Blanqueta;27;4;0.0
Alón;27;4;0.0
Punta;27;4;0.0
Jamoncito;27;4;695.3424522059813
Medio Muslo;27;4;2022.2340338235335
Entero;28;4;299.76165934642995
Medio Pollo;28;4;799.3478363891688
Medio Pollo Superior;28;4;454.59235869058466
Medio Pollo Inferior;28;4;925.6084877300416
Cuarto de Pollo Superior;28;4;817.1571268819383
Muslo Entero;28;4;682.7532603082294
Pechuga Completa;28;4;1258.995118778806
Ala Completa;28;4;742.4823174806286
Media Pechuga;28;4;2144.074901189749
Blanqueta;28;4;0.0
Alón;28;4;0.0
Punta;28;4;0.0
Jamoncito;28;4;894.6397782528858
Medio Muslo;28;4;1697.385702552476
Entero;29;4;417.940087750943
Medio Pollo;29;4;541.1086653381939
Medio Pollo Superior;29;4;608.7074155798541
Medio Pollo Inferior;29;4;965.8380448585598
Cuarto de Pollo Superior;29;4;885.2106594795329
Muslo Entero;29;4;1188.2437814692569
Pechuga Completa;29;4;1265.2719334478684
Ala Completa;29;4;474.01685446130875
Media Pechuga;29;4;1899.4463819055115
Blanqueta;29;4;-8.322873425294137e-12
Alón;29;4;-4.085774226962576e-12
Punta;29;4;-1.2105997709518744e-12
Jamoncito;29;4;810.3092679199893
Medio Muslo;29;4;1750.90986805321
Entero;30;4;518.1339292132371
Medio Pollo;30;4;728.4412433008423
Medio Pollo Superior;30;4;503.08980542881733
Medio Pollo Inferior;30;4;938.1909005658354
Cuarto de Pollo Superior;30;4;1110.8527965269966
Muslo Entero;30;4;686.5107796798552
Pechuga Completa;30;4;1019.6024417657543
Ala Completa;30;4;785.081473219353
Media Pechuga;30;4;2271.0547020896734
Blanqueta;30;4;0.0
Alón;30;4;0.0
Punta;30;4;0.0
Jamoncito;30;4;569.5262346818082
Medio Muslo;30;4;1062.8487876316808
Entero;31;4;399.5072904854911
Medio Pollo;31;4;523.0358450715668
Medio Pollo Superior;31;4;766.3252634247673
Medio Pollo Inferior;31;4;469.854298214632
Cuarto de Pollo Superior;31;4;701.3461260188247
Muslo Entero;31;4;1129.2542841238285
Pechuga Completa;31;4;859.1656576943758
Ala Completa;31;4;407.48387096774195
Media Pechuga;31;4;2026.6047317634698
Blanqueta;31;4;0.0
Alón;31;4;0.0
Punta;31;4;0.0
Jamoncito;31;4;983.6221382228576
Medio Muslo;31;4;2010.7426102177815
Entero;32;4;607.4942202041701
Medio Pollo;32;4;774.4661933888354
Medio Pollo Superior;32;4;624.1427826258067
Medio Pollo Inferior;32;4;554.6546199936947
Cuarto de Pollo Superior;32;4;764.2609410180856
Muslo Entero;32;4;1019.3041178558941
Pechuga Completa;32;4;1488.2886779938742
Ala Completa;32;4;659.6072357687984
Media Pechuga;32;4;2048.241570652016
Blanqueta;32;4;0.0
Alón;32;4;0.0
Punta;32;4;0.0
Jamoncito;32;4;1125.3815299302203
Medio Muslo;32;4;1551.149070093403
Entero;33;4;645.9355007677777
Medio Pollo;33;4;475.9820623464488
Medio Pollo Superior;33;4;782.9762563962328
Medio Pollo Inferior;33;4;991.1647459040346
Cuarto de Pollo Superior;33;4;1258.6773961143851
Muslo Entero;33;4;1247.0750389555196
Pechuga Completa;33;4;952.3441194503839
Ala Completa;33;4;668.6875024508122
Media Pechuga;33;4;2150.500457485166
Blanqueta;33;4;0.0
Alón;33;4;0.0
Punta;33;4;0.0
Jamoncito;33;4;957.5678529834178
Medio Muslo;33;4;2077.191848977796
Entero;34;4;673.2231726721146
Medio Pollo;34;4;699.9992660453062
Medio Pollo Superior;34;4;821.7925649673845
Medio Pollo Inferior;34;4;603.3209676993633
Cuarto de Pollo Superior;34;4;806.2448853324894
Muslo Entero;34;4;976.8494113764939
Pechuga Completa;34;4;1758.296790536156
Ala Completa;34;4;635.0601004900667
Media Pechuga;34;4;1382.0186941762001
Blanqueta;34;4;0.0
Alón;34;4;0.0
Punta;34;4;0.0
Jamoncito;34;4;1206.1650756412055
Medio Muslo;34;4;964.6914910229731
Entero;35;4;538.5992590452018
Medio Pollo;35;4;381.9567754520461
Medio Pollo Superior;35;4;932.596848226803
Medio Pollo Inferior;35;4;808.3027068009981
Cuarto de Pollo Superior;35;4;675.9029029100394
Muslo Entero;35;4;1184.4086486060505
Pechuga Completa;35;4;986.7410102178313
Ala Completa;35;4;574.493582670193
Media Pechuga;35;4;1736.849367737144
Blanqueta;35;4;0.0
Alón;35;4;0.0
Punta;35;4;0.0
Jamoncito;35;4;826.6611215658696
Medio Muslo;35;4;1023.5825691823178
Entero;36;4;307.76157676412214
Medio Pollo;36;4;357.0786414565702
Medio Pollo Superior;36;4;1013.992062049753
Medio Pollo Inferior;36;4;900.9944850804638
Cuarto de Pollo Superior;36;4;793.2320562122623
Muslo Entero;36;4;1151.8656248810944
Pechuga Completa;36;4;1353.5450189477822
Ala Completa;36;4;492.34503458753716
Media Pechuga;36;4;1439.4530218358648
Blanqueta;36;4;0.0
Alón;36;4;0.0
Punta;36;4;0.0
Jamoncito;36;4;595.9095940903173
Medio Muslo;36;4;1571.9337931247164
Entero;37;4;392.12859426471806
Medio Pollo;37;4;416.35229746288303
Medio Pollo Superior;37;4;907.2157111995256
Medio Pollo Inferior;37;4;443.4311402126135
Cuarto de Pollo Superior;37;4;891.5421333867721
Muslo Entero;37;4;696.4902589323797
Pechuga Completa;37;4;1651.7486640920843
Ala Completa;37;4;852.547829742876
Media Pechuga;37;4;1207.4974874736042
Blanqueta;37;4;0.0
Alón;37;4;0.0
Punta;37;4;0.0
Jamoncito;37;4;1144.982223025617
Medio Muslo;37;4;1942.2183414942238
Entero;38;4;481.6485869608144
Medio Pollo;38;4;651.8250355328719
Medio Pollo Superior;38;4;821.9100789042916
Medio Pollo Inferior;38;4;454.3851336074742
Cuarto de Pollo Superior;38;4;1095.4928887707758
Muslo Entero;38;4;913.8644998385402
Pechuga Completa;38;4;1249.9976925648032
Ala Completa;38;4;554.7896278611332
Media Pechuga;38;4;1617.9499837419733
Blanqueta;38;4;0.0
Alón;38;4;0.0
Punta;38;4;0.0
Jamoncito;38;4;1027.00074721991
Medio Muslo;38;4;1264.1454738184423
Entero;39;4;488.7001367786063
Medio Pollo;39;4;393.8229058479745
Medio Pollo Superior;39;4;1053.817444791957
Medio Pollo Inferior;39;4;575.7794869075527
Cuarto de Pollo Superior;39;4;985.3428674952587
Muslo Entero;39;4;803.6612903225807
Pechuga Completa;39;4;881.9101950167018
Ala Completa;39;4;653.0694676584343
Media Pechuga;39;4;1426.0150887891298
Blanqueta;39;4;0.0
Alón;39;4;0.0
Punta;39;4;0.0
Jamoncito;39;4;903.236559139785
Medio Muslo;39;4;1871.4838940681307
Entero;40;4;436.5029100657755
Medio Pollo;40;4;574.3670781788818
Medio Pollo Superior;40;4;1036.1297920621025
Medio Pollo Inferior;40;4;522.8949518087275
Cuarto de Pollo Superior;40;4;840.3702184879845
Muslo Entero;40;4;950.2258064516129
Pechuga Completa;40;4;1919.5260648892238
Ala Completa;40;4;636.3996187701488
Media Pechuga;40;4;1864.1697051316376
Blanqueta;40;4;0.0
Alón;40;4;0.0
Punta;40;4;0.0
Jamoncito;40;4;868.3118279569894
Medio Muslo;40;4;1559.2036955085987
Entero;41;4;362.42981074157694
Medio Pollo;41;4;748.0673167157196
Medio Pollo Superior;41;4;780.5476839901218
Medio Pollo Inferior;41;4;1010.0318788212894
Cuarto de Pollo Superior;41;4;1323.4816752210234
Muslo Entero;41;4;1138.3525105901113
Pechuga Completa;41;4;1413.5534849358085
Ala Completa;41;4;654.9354838709677
Media Pechuga;41;4;2037.6531649378232
Blanqueta;41;4;0.0
Alón;41;4;0.0
Punta;41;4;0.0
Jamoncito;41;4;762.9170125857479
Medio Muslo;41;4;1518.969715182515
Entero;42;4;381.4455887726978
Medio Pollo;42;4;608.7925031774937
Medio Pollo Superior;42;4;535.730737770325
Medio Pollo Inferior;42;4;988.9666439492585
Cuarto de Pollo Superior;42;4;732.6481026131987
Muslo Entero;42;4;761.679747474405
Pechuga Completa;42;4;853.2966265595072
Ala Completa;42;4;645.741935483871
Media Pechuga;42;4;1512.5276120972937
Blanqueta;42;4;0.0
Alón;42;4;0.0
Punta;42;4;0.0
Jamoncito;42;4;898.8894390271553
Medio Muslo;42;4;1534.9139784946235
Entero;43;4;498.22404109236487
Medio Pollo;43;4;635.0614512202388
Medio Pollo Superior;43;4;511.798651453941
Medio Pollo Inferior;43;4;690.2886825817719
Cuarto de Pollo Superior;43;4;1172.9065655259567
Muslo Entero;43;4;580.6486837699924
Pechuga Completa;43;4;1365.231186261875
Ala Completa;43;4;727.6129032258065
Media Pechuga;43;4;1818.0277375848325
Blanqueta;43;4;0.0
Alón;43;4;0.0
Punta;43;4;0.0
Jamoncito;43;4;624.2838433072039
Medio Muslo;43;4;1725.774193548387
Entero;44;4;436.8732886901098
Medio Pollo;44;4;434.7969997098606
Medio Pollo Superior;44;4;810.5075760748947
Medio Pollo Inferior;44;4;574.4855377043535
Cuarto de Pollo Superior;44;4;758.2238926330825
Muslo Entero;44;4;757.4898496750625
Pechuga Completa;44;4;964.2593914035889
Ala Completa;44;4;514.7096774193549
Media Pechuga;44;4;1323.943454287517
Blanqueta;44;4;0.0
Alón;44;4;0.0
Punta;44;4;0.0
Jamoncito;44;4;803.5861297870007
Medio Muslo;44;4;1078.3648987847534
Entero;45;4;493.88231352534956
Medio Pollo;45;4;508.04672595341066
Medio Pollo Superior;45;4;890.3409850121787
Medio Pollo Inferior;45;4;585.2844926444491
Cuarto de Pollo Superior;45;4;877.9288650737751
Muslo Entero;45;4;709.6711926073333
Pechuga Completa;45;4;1896.1312120044545
Ala Completa;45;4;597.741935483871
Media Pechuga;45;4;1651.4374798484992
Blanqueta;45;4;0.0
Alón;45;4;0.0
Punta;45;4;0.0
Jamoncito;45;4;760.3981968222633
Medio Muslo;45;4;1620.401564863053
Entero;46;4;476.0000000000091
Medio Pollo;46;4;722.7848845447164
Medio Pollo Superior;46;4;963.2813832803215
Medio Pollo Inferior;46;4;589.7953682301757
Cuarto de Pollo Superior;46;4;735.0881582548046
Muslo Entero;46;4;533.0175570187146
Pechuga Completa;46;4;907.9595252364574
Ala Completa;46;4;679.3734912766392
Media Pechuga;46;4;2202.986224749676
Blanqueta;46;4;0.0
Alón;46;4;0.0
Punta;46;4;0.0
Jamoncito;46;4;1134.0757358146132
Medio Muslo;46;4;1261.425818604382
Entero;47;4;319.1666141595675
Medio Pollo;47;4;431.9538067602043
Medio Pollo Superior;47;4;966.2898153741824
Medio Pollo Inferior;47;4;876.7031291968827
Cuarto de Pollo Superior;47;4;662.1102971506333
Muslo Entero;47;4;745.7841100447799
Pechuga Completa;47;4;2008.6038218725585
Ala Completa;47;4;618.8845732394889
Media Pechuga;47;4;1251.6381734636934
Blanqueta;47;4;-7.200777608593326e-11
Alón;47;4;-3.5349271896730875e-11
Punta;47;4;-1.047385833977211e-11
Jamoncito;47;4;879.2152340538653
Medio Muslo;47;4;1160.8045266862096
Entero;48;4;633.8333858428682
Medio Pollo;48;4;531.1632517678735
Medio Pollo Superior;48;4;986.549076870611
Medio Pollo Inferior;48;4;501.8752199715701
Cuarto de Pollo Superior;48;4;1135.8142233016536
Muslo Entero;48;4;870.9917485754179
Pechuga Completa;48;4;870.5243826470011
Ala Completa;48;4;630.0985332523695
Media Pechuga;48;4;1966.6128447168917
Blanqueta;48;4;0.0
Alón;48;4;0.0
Punta;48;4;0.0
Jamoncito;48;4;492.44660051724446
Medio Muslo;48;4;1995.1331350731318
Entero;49;4;477.0
Medio Pollo;49;4;687.4572379021971
Medio Pollo Superior;49;4;570.0589853716803
Medio Pollo Inferior;49;4;713.0737764036178
Cuarto de Pollo Superior;49;4;1395.6457157345085
Muslo Entero;49;4;1178.2190579022142
Pechuga Completa;49;4;1301.8354878461237
Ala Completa;49;4;502.4380237088305
Media Pechuga;49;4;1088.9214958010616
Blanqueta;49;4;0.0
Alón;49;4;0.0
Punta;49;4;0.0
Jamoncito;49;4;580.2087687885353
Medio Muslo;49;4;1488.987027755757
Entero;50;4;369.35358747753554
Medio Pollo;50;4;457.71341945118104
Medio Pollo Superior;50;4;612.0791074218637
Medio Pollo Inferior;50;4;679.8475348352218
Cuarto de Pollo Superior;50;4;1402.3838897640348
Muslo Entero;50;4;529.5773425264229
Pechuga Completa;50;4;1448.1167086361727
Ala Completa;50;4;456.6606313351228
Media Pechuga;50;4;2336.2370762790188
Blanqueta;50;4;0.0
Alón;50;4;0.0
Punta;50;4;0.0
Jamoncito;50;4;835.4825307228818
Medio Muslo;50;4;1334.580700590148
Entero;51;4;433.86847860758706
Medio Pollo;51;4;677.038627268059
Medio Pollo Superior;51;4;606.413182285683
Medio Pollo Inferior;51;4;667.8314343644308
Cuarto de Pollo Superior;51;4;1110.434749879537
Muslo Entero;51;4;799.1156356458921
Pechuga Completa;51;4;981.7560671964934
Ala Completa;51;4;766.7084837234388
Media Pechuga;51;4;1523.4304869256132
Blanqueta;51;4;0.0
Alón;51;4;0.0
Punta;51;4;2.377315213174118e-12
Jamoncito;51;4;942.8266014191233
Medio Muslo;51;4;1261.7227739102093
Entero;52;4;597.3528548212411
Medio Pollo;52;4;691.4798876253484
Medio Pollo Superior;52;4;1124.6938177753514
Medio Pollo Inferior;52;4;843.5971940010817
Cuarto de Pollo Superior;52;4;972.0912510685166
Muslo Entero;52;4;695.2237728181456
Pechuga Completa;52;4;1152.3157135929016
Ala Completa;52;4;589.8780047539166
Media Pechuga;52;4;1735.5688225677945
Blanqueta;52;4;0.0
Alón;52;4;0.0
Punta;52;4;1.6350375602281368e-12
Jamoncito;52;4;1092.2959411920401
Medio Muslo;52;4;1660.5363949639018
Entero;53;4;506.4250790912007
Medio Pollo;53;4;457.8257265996638
Medio Pollo Superior;53;4;1102.956662129069
Medio Pollo Inferior;53;4;678.4423739041391
Cuarto de Pollo Superior;53;4;671.658956920063
Muslo Entero;53;4;974.8356252447819
Pechuga Completa;53;4;1774.5897916429842
Ala Completa;53;4;649.80564787882
Media Pechuga;53;4;1998.122151441792
Blanqueta;53;4;0.0
Alón;53;4;0.0
Punta;53;4;2.407285390599104e-12
Jamoncito;53;4;865.1563176938469
Medio Muslo;53;4;1394.1254427561814
Entero;54;4;372.07377644727194
Medio Pollo;54;4;598.549144170412
Medio Pollo Superior;54;4;981.6251776536274
Medio Pollo Inferior;54;4;881.7091000343966
Cuarto de Pollo Superior;54;4;999.8218812317216
Muslo Entero;54;4;794.1375339733181
Pechuga Completa;54;4;1655.4280619629685
Ala Completa;54;4;692.3461592184694
Media Pechuga;54;4;1122.4368085034337
Blanqueta;54;4;0.0
Alón;54;4;0.0
Punta;54;4;1.5270759974408123e-12
Jamoncito;54;4;707.5998200125663
Medio Muslo;54;4;1514.3117825545264
Entero;55;4;436.3103967855286
Medio Pollo;55;4;773.5766827839534
Medio Pollo Superior;55;4;586.4039641132259
Medio Pollo Inferior;55;4;690.3548387096774
Cuarto de Pollo Superior;55;4;1301.3410599360243
Muslo Entero;55;4;1174.2994236111922
Pechuga Completa;55;4;948.7883172370584
Ala Completa;55;4;418.1583389396792
Media Pechuga;55;4;1581.1105189873533
Blanqueta;55;4;0.0
Alón;55;4;0.0
Punta;55;4;1.3203460141263088e-12
Jamoncito;55;4;753.3895302417674
Medio Muslo;55;4;1666.5955295770627
Entero;56;4;503.00759287258745
Medio Pollo;56;4;643.7924806302942
Medio Pollo Superior;56;4;589.5680506799044
Medio Pollo Inferior;56;4;643.1736417804491
Cuarto de Pollo Superior;56;4;1311.90351621727
Muslo Entero;56;4;546.4264246905947
Pechuga Completa;56;4;1174.5791698780347
Ala Completa;56;4;497.7400515771845
Media Pechuga;56;4;1697.1023083584444
Blanqueta;56;4;0.0
Alón;56;4;0.0
Punta;56;4;0.0
Jamoncito;56;4;921.5568445717863
Medio Muslo;56;4;1727.6448124828325
Entero;57;4;540.503975335546
Medio Pollo;57;4;714.8133461172191
Medio Pollo Superior;57;4;817.574198898673
Medio Pollo Inferior;57;4;501.3462067623446
Cuarto de Pollo Superior;57;4;1037.134247651427
Muslo Entero;57;4;1045.1179472204008
Pechuga Completa;57;4;1134.9013265279327
Ala Completa;57;4;468.6310872522352
Media Pechuga;57;4;1700.3778235512088
Blanqueta;57;4;0.0
Alón;57;4;0.0
Punta;57;4;0.0
Jamoncito;57;4;1013.5758554490961
Medio Muslo;57;4;1399.954350397356
Entero;58;4;533.104258559066
Medio Pollo;58;4;660.4587305070405
Medio Pollo Superior;58;4;561.3369498365375
Medio Pollo Inferior;58;4;646.7394752060777
Cuarto de Pollo Superior;58;4;738.8218791741908
Muslo Entero;58;4;902.1692793754556
Pechuga Completa;58;4;1310.8851777043253
Ala Completa;58;4;399.2171327781978
Media Pechuga;58;4;1610.494710627354
Blanqueta;58;4;0.0
Alón;58;4;0.0
Punta;58;4;0.0
Jamoncito;58;4;1027.7515119717573
Medio Muslo;58;4;1448.3682302478053
Entero;59;4;458.2035051114774
Medio Pollo;59;4;520.5412694929595
Medio Pollo Superior;59;4;1092.7406855056042
Medio Pollo Inferior;59;4;714.7652131146218
Cuarto de Pollo Superior;59;4;1404.6277927740718
Muslo Entero;59;4;844.595320787923
Pechuga Completa;59;4;1061.0670731656367
Ala Completa;59;4;618.4219624620977
Media Pechuga;59;4;1542.1212559208286
Blanqueta;59;4;0.0
Alón;59;4;0.0
Punta;59;4;0.0
Jamoncito;59;4;564.099012560923
Medio Muslo;59;4;1569.8602150537633
Entero;60;4;494.7964948885226
Medio Pollo;60;4;554.3439482634552
Medio Pollo Superior;60;4;879.9948724604135
Medio Pollo Inferior;60;4;889.1870066066566
Cuarto de Pollo Superior;60;4;739.3043867058301
Muslo Entero;60;4;854.5509274361585
Pechuga Completa;60;4;2003.6430319397984
Ala Completa;60;4;538.094597145741
Media Pechuga;60;4;2263.6246089306705
Blanqueta;60;4;0.0
Alón;60;4;0.0
Punta;60;4;0.0
Jamoncito;60;4;594.213623333753
Medio Muslo;60;4;1406.1505376344085
Entero;61;4;477.0
Medio Pollo;61;4;587.2881247475577
Medio Pollo Superior;61;4;1037.906698909529
Medio Pollo Inferior;61;4;746.9174887879149
Cuarto de Pollo Superior;61;4;850.1221522664896
Muslo Entero;61;4;980.1644087629122
Pechuga Completa;61;4;1316.510511026198
Ala Completa;61;4;455.3815007717771
Media Pechuga;61;4;2224.5639487058324
Blanqueta;61;4;0.0
Alón;61;4;0.0
Punta;61;4;0.0
Jamoncito;61;4;674.0874353049453
Medio Muslo;61;4;1474.6989247311828
Entero;62;4;408.1907765125617
Medio Pollo;62;4;585.2166526752103
Medio Pollo Superior;62;4;862.5146711217502
Medio Pollo Inferior;62;4;690.3548387096774
Cuarto de Pollo Superior;62;4;653.65681532978
Muslo Entero;62;4;664.4081953079559
Pechuga Completa;62;4;1008.8591613371209
Ala Completa;62;4;446.26157526662615
Media Pechuga;62;4;1585.618019070955
Blanqueta;62;4;0.0
Alón;62;4;0.0
Punta;62;4;0.0
Jamoncito;62;4;555.0910881627576
Medio Muslo;62;4;1483.5698924731182
Entero;63;4;546.8092234874383
Medio Pollo;63;4;500.89450877926714
Medio Pollo Superior;63;4;511.8789504478503
Medio Pollo Inferior;63;4;663.3535173487331
Cuarto de Pollo Superior;63;4;761.273917880286
Muslo Entero;63;4;645.4698024942253
Pechuga Completa;63;4;1287.5671366585543
Ala Completa;63;4;805.7392954075514
Media Pechuga;63;4;1290.5331870705827
Blanqueta;63;4;0.0
Alón;63;4;0.0
Punta;63;4;0.0
Jamoncito;63;4;921.0036203268855
Medio Muslo;63;4;1483.5698924731182
Entero;64;4;295.95869409865463
Medio Pollo;64;4;469.46957095181847
Medio Pollo Superior;64;4;1053.9012318062173
Medio Pollo Inferior;64;4;462.98670167441026
Cuarto de Pollo Superior;64;4;830.4728061454578
Muslo Entero;64;4;969.2762468917729
Pechuga Completa;64;4;1149.060061795756
Ala Completa;64;4;603.9893844728131
Media Pechuga;64;4;1212.8323188530185
Blanqueta;64;4;0.0
Alón;64;4;0.0
Punta;64;4;0.0
Jamoncito;64;4;648.7949717526401
Medio Muslo;64;4;1296.3189243430759
Entero;65;4;294.59162443211244
Medio Pollo;65;4;657.6485384541451
Medio Pollo Superior;65;4;807.8916651098026
Medio Pollo Inferior;65;4;662.114522163767
Cuarto de Pollo Superior;65;4;674.0331601818045
Muslo Entero;65;4;816.0644097011938
Pechuga Completa;65;4;1963.5806346263173
Ala Completa;65;4;477.9527798544369
Media Pechuga;65;4;1764.295521123447
Blanqueta;65;4;0.0
Alón;65;4;0.0
Punta;65;4;0.0
Jamoncito;65;4;544.6966831534982
Medio Muslo;65;4;1054.599594680932
Entero;66;4;367.3622855941247
Medio Pollo;66;4;385.6027992751018
Medio Pollo Superior;66;4;520.9553475304244
Medio Pollo Inferior;66;4;838.9677499592335
Cuarto de Pollo Superior;66;4;1019.6424644912266
Muslo Entero;66;4;972.2638138012395
Pechuga Completa;66;4;1083.3994495746338
Ala Completa;66;4;688.1036640081406
Media Pechuga;66;4;2439.888741046703
Blanqueta;66;4;0.0
Alón;66;4;0.0
Punta;66;4;0.0
Jamoncito;66;4;576.431508606025
Medio Muslo;66;4;1015.4312408792952
Entero;67;4;398.3115226160069
Medio Pollo;67;4;631.180808234259
Medio Pollo Superior;67;4;1076.992495656444
Medio Pollo Inferior;67;4;747.0118494681419
Cuarto de Pollo Superior;67;4;1381.4549179960086
Muslo Entero;67;4;959.4068974937597
Pechuga Completa;67;4;1441.1169936743215
Ala Completa;67;4;546.2501785359013
Media Pechuga;67;4;2056.1265732434044
Blanqueta;67;4;0.0
Alón;67;4;0.0
Punta;67;4;0.0
Jamoncito;67;4;611.9597157480083
Medio Muslo;67;4;1686.7906778390384
Entero;68;4;419.886312017987
Medio Pollo;68;4;478.38566086637053
Medio Pollo Superior;68;4;837.9526622085563
Medio Pollo Inferior;68;4;581.8680504624707
Cuarto de Pollo Superior;68;4;1318.1931023030327
Muslo Entero;68;4;871.9106960820876
Pechuga Completa;68;4;1341.5110660853388
Ala Completa;68;4;488.4082849633932
Media Pechuga;68;4;1604.1825395562512
Blanqueta;68;4;0.0
Alón;68;4;0.0
Punta;68;4;0.0
Jamoncito;68;4;756.1965775679082
Medio Muslo;68;4;968.626813551304
Entero;69;4;631.3765228868526
Medio Pollo;69;4;752.872780258553
Medio Pollo Superior;69;4;834.1735263036009
Medio Pollo Inferior;69;4;510.7830251985939
Cuarto de Pollo Superior;69;4;1145.4916342665902
Muslo Entero;69;4;1018.997396923667
Pechuga Completa;69;4;1078.5637211089277
Ala Completa;69;4;724.7024095427284
Media Pechuga;69;4;1698.4089047632178
Blanqueta;69;4;0.0
Alón;69;4;0.0
Punta;69;4;0.0
Jamoncito;69;4;1079.4605669899229
Medio Muslo;69;4;1270.4969885594453
Entero;70;4;317.6702131036764
Medio Pollo;70;4;490.85320457392726
Medio Pollo Superior;70;4;676.5784422823466
Medio Pollo Inferior;70;4;466.28849260658507
Cuarto de Pollo Superior;70;4;735.6045060613819
Muslo Entero;70;4;794.3763770367416
Pechuga Completa;70;4;1858.456136037465
Ala Completa;70;4;498.65147526533156
Media Pechuga;70;4;1344.083509936645
Blanqueta;70;4;0.0
Alón;70;4;0.0
Punta;70;4;0.0
Jamoncito;70;4;848.0745931502661
Medio Muslo;70;4;1498.3785297301145
Entero;71;4;610.0999237832223
Medio Pollo;71;4;416.694848619602
Medio Pollo Superior;71;4;703.2867079691721
Medio Pollo Inferior;71;4;820.0625608949548
Cuarto de Pollo Superior;71;4;873.0824891139597
Muslo Entero;71;4;972.0322580645162
Pechuga Completa;71;4;1424.9314833543522
Ala Completa;71;4;453.1010626481924
Media Pechuga;71;4;1880.2597865678604
Blanqueta;71;4;0.0
Alón;71;4;0.0
Punta;71;4;0.0
Jamoncito;71;4;1135.0264904059688
Medio Muslo;71;4;1842.8364344182507
Entero;72;4;497.7928262573455
Medio Pollo;72;4;566.0588361713912
Medio Pollo Superior;72;4;953.2233588427124
Medio Pollo Inferior;72;4;920.6203843245773
Cuarto de Pollo Superior;72;4;1423.8395761028703
Muslo Entero;72;4;909.6539428867608
Pechuga Completa;72;4;1352.417011143769
Ala Completa;72;4;588.1803108164626
Media Pechuga;72;4;2252.798823702673
Blanqueta;72;4;0.0
Alón;72;4;0.0
Punta;72;4;0.0
Jamoncito;72;4;539.4229912191419
Medio Muslo;72;4;875.7190859344502
Entero;73;4;604.1908279771341
Medio Pollo;73;4;685.1810895661436
Medio Pollo Superior;73;4;935.4927496053341
Medio Pollo Inferior;73;4;853.1281274180733
Cuarto de Pollo Superior;73;4;1381.4910688257246
Muslo Entero;73;4;919.2976700164651
Pechuga Completa;73;4;1240.7072122899292
Ala Completa;73;4;795.814780748926
Media Pechuga;73;4;1783.0779151923768
Blanqueta;73;4;0.0
Alón;73;4;0.0
Punta;73;4;0.0
Jamoncito;73;4;882.522835242632
Medio Muslo;73;4;1446.5597549318168
Entero;74;4;440.5342710085896
Medio Pollo;74;4;700.4520309575975
Medio Pollo Superior;74;4;948.1112058079508
Medio Pollo Inferior;74;4;896.4826166382123
Cuarto de Pollo Superior;74;4;1185.1674084361061
Muslo Entero;74;4;850.582279617495
Pechuga Completa;74;4;1436.6655301407827
Ala Completa;74;4;594.5408068770577
Media Pechuga;74;4;1793.2121014992351
Blanqueta;74;4;0.0
Alón;74;4;0.0
Punta;74;4;0.0
Jamoncito;74;4;763.7716189004535
Medio Muslo;74;4;1260.0879870290867
Entero;75;4;327.85852279773644
Medio Pollo;75;4;351.3816440054663
Medio Pollo Superior;75;4;546.9966595618665
Medio Pollo Inferior;75;4;756.8485308745048
Cuarto de Pollo Superior;75;4;983.4884056794948
Muslo Entero;75;4;971.0306236083114
Pechuga Completa;75;4;1791.7342463713292
Ala Completa;75;4;509.2836327741632
Media Pechuga;75;4;1227.3638547698438
Blanqueta;75;4;0.0
Alón;75;4;0.0
Punta;75;4;0.0
Jamoncito;75;4;743.8511870415782
Medio Muslo;75;4;1932.712660940539
Entero;76;4;448.10870790550996
Medio Pollo;76;4;461.4064898288523
Medio Pollo Superior;76;4;595.3742415533637
Medio Pollo Inferior;76;4;709.6451612903226
Cuarto de Pollo Superior;76;4;780.6828670730729
Muslo Entero;76;4;667.0327800720593
Pechuga Completa;76;4;982.6541100834515
Ala Completa;76;4;528.4296971625046
Media Pechuga;76;4;1759.8569366194413
Blanqueta;76;4;0.0
Alón;76;4;0.0
Punta;76;4;0.0
Jamoncito;76;4;1027.760578066105
Medio Muslo;76;4;1345.4663146755584
Entero;77;4;630.3042468779355
Medio Pollo;77;4;685.1284030741974
Medio Pollo Superior;77;4;1123.2246609329188
Medio Pollo Inferior;77;4;702.0904799801721
Cuarto de Pollo Superior;77;4;765.41566888537
Muslo Entero;77;4;863.821874483864
Pechuga Completa;77;4;950.1376880181127
Ala Completa;77;4;646.2992982366467
Media Pechuga;77;4;1618.4392097531475
Blanqueta;77;4;0.0
Alón;77;4;0.0
Punta;77;4;0.0
Jamoncito;77;4;642.3578496574586
Medio Muslo;77;4;1554.4716386430166
Entero;78;4;428.2519414286752
Medio Pollo;78;4;480.023166725412
Medio Pollo Superior;78;4;1044.8880563582077
Medio Pollo Inferior;78;4;645.6055627836643
Cuarto de Pollo Superior;78;4;901.6813554497126
Muslo Entero;78;4;895.561035934991
Pechuga Completa;78;4;1068.4056257131783
Ala Completa;78;4;450.569841274487
Media Pechuga;78;4;2107.8545169613562
Blanqueta;78;4;0.0
Alón;78;4;0.0
Punta;78;4;0.0
Jamoncito;78;4;911.6207061098621
Medio Muslo;78;4;994.3826788189798
Entero;79;4;401.30272678801464
Medio Pollo;79;4;682.2568975933564
Medio Pollo Superior;79;4;1025.662626763547
Medio Pollo Inferior;79;4;781.2394411071314
Cuarto de Pollo Superior;79;4;1166.1549765431723
Muslo Entero;79;4;971.4826448826651
Pechuga Completa;79;4;1472.615762307392
Ala Completa;79;4;522.2275332051033
Media Pechuga;79;4;2044.3432527351395
Blanqueta;79;4;0.0
Alón;79;4;0.0
Punta;79;4;0.0
Jamoncito;79;4;967.0269532432526
Medio Muslo;79;4;1405.0352849957071
Entero;80;4;574.4637774774404
Medio Pollo;80;4;652.5554026073163
Medio Pollo Superior;80;4;767.1940288990886
Medio Pollo Inferior;80;4;561.0336566885438
Cuarto de Pollo Superior;80;4;1198.5407387252255
Muslo Entero;80;4;1125.311342046491
Pechuga Completa;80;4;1810.1291706802742
Ala Completa;80;4;475.53374309314773
Media Pechuga;80;4;1839.1921251052167
Blanqueta;80;4;0.0
Alón;80;4;0.0
Punta;80;4;0.0
Jamoncito;80;4;989.3289278329996
Medio Muslo;80;4;1181.0202204215584
Entero;81;4;460.4716415413361
Medio Pollo;81;4;606.369295948757
Medio Pollo Superior;81;4;943.2575840041372
Medio Pollo Inferior;81;4;450.3084339517591
Cuarto de Pollo Superior;81;4;922.8841108537449
Muslo Entero;81;4;829.9422586446918
Pechuga Completa;81;4;897.53871596119
Ala Completa;81;4;742.6692521581687
Media Pechuga;81;4;1222.2493038619134
Blanqueta;81;4;0.0
Alón;81;4;0.0
Punta;81;4;0.0
Jamoncito;81;4;1145.5963711692316
Medio Muslo;81;4;1209.982058883195
Entero;82;4;549.4675984165427
Medio Pollo;82;4;712.368121080934
Medio Pollo Superior;82;4;780.8516544022119
Medio Pollo Inferior;82;4;840.0366831540084
Cuarto de Pollo Superior;82;4;1342.532569723532
Muslo Entero;82;4;860.1914872015064
Pechuga Completa;82;4;1966.5633932166566
Ala Completa;82;4;474.2403289360225
Media Pechuga;82;4;1482.0910801379719
Blanqueta;82;4;0.0
Alón;82;4;0.0
Punta;82;4;0.0
Jamoncito;82;4;688.9151558168606
Medio Muslo;82;4;1897.38105256146
Entero;83;4;311.10876093254876
Medio Pollo;83;4;376.4935867362828
Medio Pollo Superior;83;4;929.599958501014
Medio Pollo Inferior;83;4;765.1451232689113
Cuarto de Pollo Superior;83;4;1341.4808978456272
Muslo Entero;83;4;1053.608189637673
Pechuga Completa;83;4;1060.2543969216601
Ala Completa;83;4;446.85917431592037
Media Pechuga;83;4;1165.455383713005
Blanqueta;83;4;0.0
Alón;83;4;0.0
Punta;83;4;0.0
Jamoncito;83;4;552.6981370062995
Medio Muslo;83;4;1660.4732705968115
Entero;84;4;656.8913308055447
Medio Pollo;84;4;704.9610213161219
Medio Pollo Superior;84;4;758.9400935107412
Medio Pollo Inferior;84;4;879.6418139223515
Cuarto de Pollo Superior;84;4;1288.590022125265
Muslo Entero;84;4;914.5806451612905
Pechuga Completa;84;4;1698.9580352996184
Ala Completa;84;4;595.2082660561006
Media Pechuga;84;4;1257.0327690221347
Blanqueta;84;4;0.0
Alón;84;4;0.0
Punta;84;4;0.0
Jamoncito;84;4;1195.6119958530933
Medio Muslo;84;4;1251.5427386907065
Entero;85;4;655.0201899665907
Medio Pollo;85;4;421.53846031073664
Medio Pollo Superior;85;4;735.5843866178132
Medio Pollo Inferior;85;4;485.86366365514056
Cuarto de Pollo Superior;85;4;1043.1612903225807
Muslo Entero;85;4;939.741935483871
Pechuga Completa;85;4;1199.1843128728992
Ala Completa;85;4;628.2215958999855
Media Pechuga;85;4;1705.1236978792983
Blanqueta;85;4;0.0
Alón;85;4;0.0
Punta;85;4;0.0
Jamoncito;85;4;523.6326987819184
Medio Muslo;85;4;1816.8904706681185
Entero;86;4;368.1259002373749
Medio Pollo;86;4;533.4683640240165
Medio Pollo Superior;86;4;715.2395151286471
Medio Pollo Inferior;86;4;863.8524372218781
Cuarto de Pollo Superior;86;4;1043.1612903225807
Muslo Entero;86;4;916.797269687812
Pechuga Completa;86;4;1278.7772909448415
Ala Completa;86;4;898.230571831688
Media Pechuga;86;4;2362.709768002905
Blanqueta;86;4;0.0
Alón;86;4;0.0
Punta;86;4;0.0
Jamoncito;86;4;922.5090116599634
Medio Muslo;86;4;1818.7861035333597
Entero;87;4;436.6264546813884
Medio Pollo;87;4;736.0883451370006
Medio Pollo Superior;87;4;752.5175343839373
Medio Pollo Inferior;87;4;467.45216665862813
Cuarto de Pollo Superior;87;4;1057.1365582210406
Muslo Entero;87;4;652.0218021133227
Pechuga Completa;87;4;1912.4935111536342
Ala Completa;87;4;628.2209447368634
Media Pechuga;87;4;1062.7729654672523
Blanqueta;87;4;0.0
Alón;87;4;0.0
Punta;87;4;0.0
Jamoncito;87;4;839.826017425708
Medio Muslo;87;4;1381.5183750369938
Entero;88;4;441.2231763642429
Medio Pollo;88;4;678.4944460114712
Medio Pollo Superior;88;4;998.9704139814576
Medio Pollo Inferior;88;4;599.9142044849137
Cuarto de Pollo Superior;88;4;1156.5396419552064
Muslo Entero;88;4;811.3797197138415
Pechuga Completa;88;4;862.0752382818013
Ala Completa;88;4;594.6735029470271
Media Pechuga;88;4;2131.8119038229556
Blanqueta;88;4;1.2677423866459423e-12
Alón;88;4;0.0
Punta;88;4;1.664574685058827e-12
Jamoncito;88;4;969.9928424899615
Medio Muslo;88;4;1222.3788920575432
Entero;89;4;476.0
Medio Pollo;89;4;724.5008801630169
Medio Pollo Superior;89;4;904.4492881954423
Medio Pollo Inferior;89;4;854.7231976773244
Cuarto de Pollo Superior;89;4;1161.0513513948292
Muslo Entero;89;4;815.7456442576967
Pechuga Completa;89;4;852.9930595782465
Ala Completa;89;4;696.6550034510379
Media Pechuga;89;4;1943.2959752096717
Blanqueta;89;4;1.7489347107239323e-12
Alón;89;4;0.0
Punta;89;4;0.0
Jamoncito;89;4;613.216712295969
Medio Muslo;89;4;986.2358754147754
Entero;90;4;475.0
Medio Pollo;90;4;439.2536092730862
Medio Pollo Superior;90;4;486.92374491593773
Medio Pollo Inferior;90;4;711.8481564866247
Cuarto de Pollo Superior;90;4;606.031845082922
Muslo Entero;90;4;833.0085217407376
Pechuga Completa;90;4;1801.0061876041523
Ala Completa;90;4;611.4867113556664
Media Pechuga;90;4;1896.3278432241207
Blanqueta;90;4;2.250917218407846e-12
Alón;90;4;0.0
Punta;90;4;0.0
Jamoncito;90;4;902.8908125263374
Medio Muslo;90;4;941.1830346564989
Entero;91;4;475.0
Medio Pollo;91;4;390.17834649875283
Medio Pollo Superior;91;4;846.9294639207553
Medio Pollo Inferior;91;4;894.9565899106113
Cuarto de Pollo Superior;91;4;1302.180741032872
Muslo Entero;91;4;1012.3518550371551
Pechuga Completa;91;4;1184.652131126379
Ala Completa;91;4;547.2900424443369
Media Pechuga;91;4;1430.771312134901
Blanqueta;91;4;2.3201422541516845e-12
Alón;91;4;0.0
Punta;91;4;0.0
Jamoncito;91;4;743.3973769950559
Medio Muslo;91;4;1264.617350763302
Entero;92;4;387.90005430741206
Medio Pollo;92;4;395.73985221482695
Medio Pollo Superior;92;4;964.4373119008402
Medio Pollo Inferior;92;4;879.1197220670948
Cuarto de Pollo Superior;92;4;976.6082494097923
Muslo Entero;92;4;1260.2702349323154
Pechuga Completa;92;4;1403.013471808694
Ala Completa;92;4;565.6925739779826
Media Pechuga;92;4;2016.6695436056723
Blanqueta;92;4;1.95730143936798e-12
Alón;92;4;0.0
Punta;92;4;0.0
Jamoncito;92;4;817.2026832621334
Medio Muslo;92;4;1342.349938675903
Entero;93;4;562.0999456925879
Medio Pollo;93;4;678.0619279604596
Medio Pollo Superior;93;4;860.9042043678897
Medio Pollo Inferior;93;4;870.4683187143518
Cuarto de Pollo Superior;93;4;1043.1612903225807
Muslo Entero;93;4;868.7188012811495
Pechuga Completa;93;4;1350.5782505440536
Ala Completa;93;4;898.2818135762765
Media Pechuga;93;4;1499.1713276845792
Blanqueta;93;4;1.89891295048205e-12
Alón;93;4;0.0
Punta;93;4;0.0
Jamoncito;93;4;965.9166778939408
Medio Muslo;93;4;1698.9449185327273
Entero;94;4;476.0
Medio Pollo;94;4;433.83359586996073
Medio Pollo Superior;94;4;493.94134970511925
Medio Pollo Inferior;94;4;815.1533958118879
Cuarto de Pollo Superior;94;4;1078.0509040021961
Muslo Entero;94;4;1097.7702973358553
Pechuga Completa;94;4;1148.2624569997276
Ala Completa;94;4;766.3899694226368
Media Pechuga;94;4;2358.701496799149
Blanqueta;94;4;0.0
Alón;94;4;0.0
Punta;94;4;0.0
Jamoncito;94;4;1129.9977342010816
Medio Muslo;94;4;1534.1132139929243
Entero;95;4;475.0
Medio Pollo;95;4;689.7773840406811
Medio Pollo Superior;95;4;1097.6974071702075
Medio Pollo Inferior;95;4;649.6437266485514
Cuarto de Pollo Superior;95;4;736.9493311949981
Muslo Entero;95;4;993.758118467541
Pechuga Completa;95;4;1862.2607517786566
Ala Completa;95;4;892.107506587137
Media Pechuga;95;4;998.6533419105283
Blanqueta;95;4;0.0
Alón;95;4;0.0
Punta;95;4;0.0
Jamoncito;95;4;689.0193046468323
Medio Muslo;95;4;1154.9996417516238
Entero;96;4;296.17927959720635
Medio Pollo;96;4;697.9646877641177
Medio Pollo Superior;96;4;893.4115458589536
Medio Pollo Inferior;96;4;858.3285678099695
Cuarto de Pollo Superior;96;4;1087.5111658703554
Muslo Entero;96;4;1178.7422716404546
Pechuga Completa;96;4;932.675974470306
Ala Completa;96;4;685.1553865192639
Media Pechuga;96;4;1790.102679945027
Blanqueta;96;4;0.0
Alón;96;4;0.0
Punta;96;4;0.0
Jamoncito;96;4;807.7623367804363
Medio Muslo;96;4;1655.5580559803575
Entero;97;4;448.5879734316172
Medio Pollo;97;4;609.7586541387548
Medio Pollo Superior;97;4;754.0295523837897
Medio Pollo Inferior;97;4;529.8088809650397
Cuarto de Pollo Superior;97;4;1194.878870152894
Muslo Entero;97;4;1130.5466206525816
Pechuga Completa;97;4;1369.0607385845826
Ala Completa;97;4;688.7433098282062
Media Pechuga;97;4;1482.811009348383
Blanqueta;97;4;1.203245220762772e-12
Alón;97;4;0.0
Punta;97;4;1.7806357151148649e-12
Jamoncito;97;4;953.6394907473402
Medio Muslo;97;4;1844.1998651885563
Entero;98;4;359.0794663494064
Medio Pollo;98;4;563.6365532632558
Medio Pollo Superior;98;4;848.0379905084038
Medio Pollo Inferior;98;4;819.2173899346682
Cuarto de Pollo Superior;98;4;1094.202208407057
Muslo Entero;98;4;733.8446352364206
Pechuga Completa;98;4;1401.3393358560954
Ala Completa;98;4;500.0979566357503
Media Pechuga;98;4;2020.0540526423536
Blanqueta;98;4;0.0
Alón;98;4;0.0
Punta;98;4;2.354178815335526e-12
Jamoncito;98;4;994.6532537664308
Medio Muslo;98;4;1219.2505408214174
Entero;99;4;555.9531892282204
Medio Pollo;99;4;408.91497349025457
Medio Pollo Superior;99;4;701.3097818475024
Medio Pollo Inferior;99;4;470.1690302382491
Cuarto de Pollo Superior;99;4;1243.020423598408
Muslo Entero;99;4;583.5721632084983
Pechuga Completa;99;4;1222.9990887450165
Ala Completa;99;4;437.69718183792895
Media Pechuga;99;4;1952.0645161290322
Blanqueta;99;4;0.0
Alón;99;4;0.0
Punta;99;4;8.351339366571609e-13
Jamoncito;99;4;1050.673719789906
Medio Muslo;99;4;1496.0237355147551
Entero;100;4;567.4203456453653
Medio Pollo;100;4;441.4296986892174
Medio Pollo Superior;100;4;990.2294645695365
Medio Pollo Inferior;100;4;479.0986864101607
Cuarto de Pollo Superior;100;4;1043.1612903225807
Muslo Entero;100;4;716.9659685845797
Pechuga Completa;100;4;1588.9065061782785
Ala Completa;100;4;437.2691585652669
Media Pechuga;100;4;1764.3225806451615
Blanqueta;100;4;0.0
Alón;100;4;0.0
Punta;100;4;0.0
Jamoncito;100;4;551.2378810659887
Medio Muslo;100;4;1953.8624192904344
Entero;101;4;609.2102586117854
Medio Pollo;101;4;426.1854737058408
Medio Pollo Superior;101;4;868.5654479901726
Medio Pollo Inferior;101;4;799.1255435015264
Cuarto de Pollo Superior;101;4;826.8328586094824
Muslo Entero;101;4;1231.6239648252235
Pechuga Completa;101;4;1151.1170183103077
Ala Completa;101;4;888.019378593997
Media Pechuga;101;4;1576.0967741935483
Blanqueta;101;4;0.0
Alón;101;4;0.0
Punta;101;4;0.0
Jamoncito;101;4;838.8482048537436
Medio Muslo;101;4;1087.149753890081
Entero;102;4;488.56948713605885
Medio Pollo;102;4;599.6453910208883
Medio Pollo Superior;102;4;589.7373522471798
Medio Pollo Inferior;102;4;722.0293637439255
Cuarto de Pollo Superior;102;4;1084.1348833260017
Muslo Entero;102;4;787.7886021365595
Pechuga Completa;102;4;1761.2511820848706
Ala Completa;102;4;897.3579779634434
Media Pechuga;102;4;1551.7172420638485
Blanqueta;102;4;0.0
Alón;102;4;0.0
Punta;102;4;0.0
Jamoncito;102;4;779.1179307971632
Medio Muslo;102;4;935.3678011621495
Entero;103;4;475.0
Medio Pollo;103;4;494.6228251422879
Medio Pollo Superior;103;4;1050.6602798272556
Medio Pollo Inferior;103;4;972.9609992599561
Cuarto de Pollo Superior;103;4;875.2549223142291
Muslo Entero;103;4;708.6837264209546
Pechuga Completa;103;4;1580.9383243164123
Ala Completa;103;4;608.6797906347002
Media Pechuga;103;4;1807.9989454772951
Blanqueta;103;4;0.0
Alón;103;4;0.0
Punta;103;4;0.0
Jamoncito;103;4;675.2001800602555
Medio Muslo;103;4;1643.115326200492
Entero;104;4;397.05138809259375
Medio Pollo;104;4;642.0779203363553
Medio Pollo Superior;104;4;818.6451612903227
Medio Pollo Inferior;104;4;810.5885804361695
Cuarto de Pollo Superior;104;4;640.7822030353825
Muslo Entero;104;4;789.8003840612579
Pechuga Completa;104;4;1702.0392560893204
Ala Completa;104;4;430.64992019741084
Media Pechuga;104;4;1928.7891140728889
Blanqueta;104;4;0.0
Alón;104;4;0.0
Punta;104;4;0.0
Jamoncito;104;4;593.5262498936054
Medio Muslo;104;4;1891.2394881281598
Entero;105;4;498.6900138353437
Medio Pollo;105;4;764.9208626382398
Medio Pollo Superior;105;4;680.5985336425313
Medio Pollo Inferior;105;4;857.4718211392462
Cuarto de Pollo Superior;105;4;994.9666129611895
Muslo Entero;105;4;667.4898334866552
Pechuga Completa;105;4;979.091890657231
Ala Completa;105;4;832.0735966648613
Media Pechuga;105;4;1160.5077165010657
Blanqueta;105;4;-3.121077534485301e-11
Alón;105;4;-1.5321653351109658e-11
Punta;105;4;-4.539749141069528e-12
Jamoncito;105;4;658.1231062690917
Medio Muslo;105;4;1296.9199704869134
Entero;106;4;285.9872574771405
Medio Pollo;106;4;359.7330145905408
Medio Pollo Superior;106;4;842.9874843341989
Medio Pollo Inferior;106;4;561.7565427539339
Cuarto de Pollo Superior;106;4;1191.3911084297074
Muslo Entero;106;4;771.1987884016326
Pechuga Completa;106;4;1836.7920122517742
Ala Completa;106;4;732.1293237658172
Media Pechuga;106;4;1582.181999505284
Blanqueta;106;4;6.621888348053551e-13
Alón;106;4;0.0
Punta;106;4;1.700873208510411e-12
Jamoncito;106;4;1099.2796677624078
Medio Muslo;106;4;1657.0464733991582
Entero;107;4;404.91563629143167
Medio Pollo;107;4;728.0721264958248
Medio Pollo Superior;107;4;738.41398202327
Medio Pollo Inferior;107;4;703.4949931657326
Cuarto de Pollo Superior;107;4;1033.7598953094478
Muslo Entero;107;4;946.6875434708676
Pechuga Completa;107;4;1302.0718240529907
Ala Completa;107;4;506.3121102095251
Media Pechuga;107;4;1400.11003551912
Blanqueta;107;4;9.174401239070087e-13
Alón;107;4;0.0
Punta;107;4;0.0
Jamoncito;107;4;878.3071556026042
Medio Muslo;107;4;1131.649222188968
Entero;108;4;531.3085640360569
Medio Pollo;108;4;657.9467121404939
Medio Pollo Superior;108;4;551.1629157193372
Medio Pollo Inferior;108;4;496.3623904329296
Cuarto de Pollo Superior;108;4;823.4259031113342
Muslo Entero;108;4;1040.406495061988
Pechuga Completa;108;4;1426.8182150117443
Ala Completa;108;4;635.7281261693297
Media Pechuga;108;4;1851.7375937500244
Blanqueta;108;4;1.0670329965874018e-12
Alón;108;4;0.0
Punta;108;4;0.0
Jamoncito;108;4;733.2894766395871
Medio Muslo;108;4;987.3462484523092
Entero;109;4;380.66301995205805
Medio Pollo;109;4;559.5
Medio Pollo Superior;109;4;481.06630465249617
Medio Pollo Inferior;109;4;642.0515275204965
Cuarto de Pollo Superior;109;4;1028.3548387096776
Muslo Entero;109;4;959.726187527495
Pechuga Completa;109;4;1644.4195645961315
Ala Completa;109;4;487.17524955696763
Media Pechuga;109;4;1484.3287407177595
Blanqueta;109;4;7.311560873790933e-13
Alón;109;4;0.0
Punta;109;4;0.0
Jamoncito;109;4;693.2035259812282
Medio Muslo;109;4;2013.069023298621
Entero;110;4;525.1197166632809
Medio Pollo;110;4;418.3012130956817
Medio Pollo Superior;110;4;826.3329310873136
Medio Pollo Inferior;110;4;752.5369950710522
Cuarto de Pollo Superior;110;4;1016.1612903225807
Muslo Entero;110;4;1274.2907846827395
Pechuga Completa;110;4;1046.516129032258
Ala Completa;110;4;598.6166377143137
Media Pechuga;110;4;2036.796899457388
Blanqueta;110;4;0.0
Alón;110;4;0.0
Punta;110;4;0.0
Jamoncito;110;4;989.6652337920509
Medio Muslo;110;4;1643.5318578824385
Entero;111;4;338.48400260010277
Medio Pollo;111;4;560.4940399113162
Medio Pollo Superior;111;4;968.9199524011235
Medio Pollo Inferior;111;4;648.4305212876245
Cuarto de Pollo Superior;111;4;1004.2580645161291
Muslo Entero;111;4;1236.9788482064914
Pechuga Completa;111;4;1026.381072151068
Ala Completa;111;4;738.8885463715771
Media Pechuga;111;4;1650.4578316196303
Blanqueta;111;4;0.0
Alón;111;4;0.0
Punta;111;4;0.0
Jamoncito;111;4;855.8170910905734
Medio Muslo;111;4;2006.400377292281
Entero;112;4;506.3772191365041
Medio Pollo;112;4;682.3425328588633
Medio Pollo Superior;112;4;715.9579447064353
Medio Pollo Inferior;112;4;743.4307407994178
Cuarto de Pollo Superior;112;4;661.8758183499061
Muslo Entero;112;4;794.9580269079229
Pechuga Completa;112;4;1668.5866697844158
Ala Completa;112;4;436.8035811657541
Media Pechuga;112;4;1207.0245223047202
Blanqueta;112;4;0.0
Alón;112;4;0.0
Punta;112;4;0.0
Jamoncito;112;4;1088.5721029817548
Medio Muslo;112;4;1689.1682489750249
Entero;113;4;377.7623217546745
Medio Pollo;113;4;651.2243500238134
Medio Pollo Superior;113;4;699.4902611863337
Medio Pollo Inferior;113;4;801.7001238576543
Cuarto de Pollo Superior;113;4;1369.2527995149292
Muslo Entero;113;4;759.4478225402548
Pechuga Completa;113;4;1417.8470554447342
Ala Completa;113;4;509.5480574668489
Media Pechuga;113;4;1496.3803640850426
Blanqueta;113;4;0.0
Alón;113;4;0.0
Punta;113;4;0.0
Jamoncito;113;4;860.0216160468658
Medio Muslo;113;4;1720.298868027628
Entero;114;4;271.9281057203374
Medio Pollo;114;4;552.6378641103255
Medio Pollo Superior;114;4;582.2903193091372
Medio Pollo Inferior;114;4;728.5361230899854
Cuarto de Pollo Superior;114;4;743.5250774201196
Muslo Entero;114;4;693.8263603518234
Pechuga Completa;114;4;1530.928238966825
Ala Completa;114;4;596.7613189334198
Media Pechuga;114;4;1530.181450641704
Blanqueta;114;4;0.0
Alón;114;4;0.0
Punta;114;4;0.0
Jamoncito;114;4;775.33973990992
Medio Muslo;114;4;1882.9989195971903
Entero;115;4;346.33733105902735
Medio Pollo;115;4;434.2286823494774
Medio Pollo Superior;115;4;696.645192145419
Medio Pollo Inferior;115;4;619.1357468737808
Cuarto de Pollo Superior;115;4;1143.1202885902371
Muslo Entero;115;4;664.6150795742599
Pechuga Completa;115;4;856.5771237867053
Ala Completa;115;4;480.4391924964491
Media Pechuga;115;4;1398.9839668843183
Blanqueta;115;4;0.0
Alón;115;4;0.0
Punta;115;4;0.0
Jamoncito;115;4;867.151533159976
Medio Muslo;115;4;1681.9242110572056
Entero;116;4;376.4667809934347
Medio Pollo;116;4;495.3344393884843
Medio Pollo Superior;116;4;684.9838256880067
Medio Pollo Inferior;116;4;964.9084557876528
Cuarto de Pollo Superior;116;4;1153.2366905226118
Muslo Entero;116;4;1104.7137459157957
Pechuga Completa;116;4;837.5499327940602
Ala Completa;116;4;598.9568075296415
Media Pechuga;116;4;1313.45425459209
Blanqueta;116;4;0.0
Alón;116;4;0.0
Punta;116;4;0.0
Jamoncito;116;4;749.8309120535556
Medio Muslo;116;4;1469.848902226246
Entero;117;4;454.99525819548256
Medio Pollo;117;4;436.23772281653703
Medio Pollo Superior;117;4;970.9787537511904
Medio Pollo Inferior;117;4;968.819211377832
Cuarto de Pollo Superior;117;4;1026.5377126989708
Muslo Entero;117;4;875.8332597617654
Pechuga Completa;117;4;1663.9191685351836
Ala Completa;117;4;734.5423200843906
Media Pechuga;117;4;2096.456929020919
Blanqueta;117;4;0.0
Alón;117;4;0.0
Punta;117;4;0.0
Jamoncito;117;4;507.60112674078755
Medio Muslo;117;4;1488.9462365591398
Entero;118;4;306.2997056159932
Medio Pollo;118;4;384.9750273554282
Medio Pollo Superior;118;4;871.5024080753086
Medio Pollo Inferior;118;4;803.9468759234269
Cuarto de Pollo Superior;118;4;928.1261575255072
Muslo Entero;118;4;954.9447026647669
Pechuga Completa;118;4;1543.380312186603
Ala Completa;118;4;402.47649795958694
Media Pechuga;118;4;1904.6323123270706
Blanqueta;118;4;0.0
Alón;118;4;0.0
Punta;118;4;0.0
Jamoncito;118;4;1044.8805706039682
Medio Muslo;118;4;902.3870967741935
Entero;119;4;363.78587276433234
Medio Pollo;119;4;706.337337515912
Medio Pollo Superior;119;4;1043.1978447703868
Medio Pollo Inferior;119;4;464.83630013450096
Cuarto de Pollo Superior;119;4;802.2004030563412
Muslo Entero;119;4;1143.2914237491204
Pechuga Completa;119;4;1076.4046935368467
Ala Completa;119;4;583.191537531233
Media Pechuga;119;4;1284.4532760158602
Blanqueta;119;4;0.0
Alón;119;4;0.0
Punta;119;4;0.0
Jamoncito;119;4;601.6987841528683
Medio Muslo;119;4;1400.1857404097095
Entero;120;4;534.0793877161724
Medio Pollo;120;4;618.8103857890782
Medio Pollo Superior;120;4;499.34518634435835
Medio Pollo Inferior;120;4;598.2072023708141
Cuarto de Pollo Superior;120;4;1079.1251840079956
Muslo Entero;120;4;745.2159150053766
Pechuga Completa;120;4;968.0137758153493
Ala Completa;120;4;702.9723719198462
Media Pechuga;120;4;2013.9728816374436
Blanqueta;120;4;0.0
Alón;120;4;0.0
Punta;120;4;0.0
Jamoncito;120;4;699.0514852014858
Medio Muslo;120;4;1137.1805369916835
Entero;121;4;447.16840954539515
Medio Pollo;121;4;545.8575466047023
Medio Pollo Superior;121;4;605.3811273441792
Medio Pollo Inferior;121;4;814.2149746183235
Cuarto de Pollo Superior;121;4;972.2010725083841
Muslo Entero;121;4;820.8658928839461
Pechuga Completa;121;4;1596.4759289051929
Ala Completa;121;4;477.6492655003117
Media Pechuga;121;4;1111.3661280631968
Blanqueta;121;4;0.0
Alón;121;4;0.0
Punta;121;4;0.0
Jamoncito;121;4;581.0287857980643
Medio Muslo;121;4;1459.7417603020515
Entero;122;4;419.0067588716625
Medio Pollo;122;4;506.3852268914977
Medio Pollo Superior;122;4;982.3114049652266
Medio Pollo Inferior;122;4;755.1111339619482
Cuarto de Pollo Superior;122;4;999.9065439377135
Muslo Entero;122;4;630.8436705392102
Pechuga Completa;122;4;1817.2333303284595
Ala Completa;122;4;440.25964235044
Media Pechuga;122;4;1074.4542852028717
Blanqueta;122;4;0.0
Alón;122;4;0.0
Punta;122;4;0.0
Jamoncito;122;4;755.4947112567982
Medio Muslo;122;4;1067.3606115695413
Entero;123;4;290.86224344914524
Medio Pollo;123;4;498.31356422989626
Medio Pollo Superior;123;4;939.7796694166307
Medio Pollo Inferior;123;4;649.9668331172224
Cuarto de Pollo Superior;123;4;785.2763874398954
Muslo Entero;123;4;857.1714849876582
Pechuga Completa;123;4;954.7302244724452
Ala Completa;123;4;825.3109946399939
Media Pechuga;123;4;2217.68988576235
Blanqueta;123;4;0.0
Alón;123;4;0.0
Punta;123;4;0.0
Jamoncito;123;4;884.611370358793
Medio Muslo;123;4;1446.5060381228254
Entero;124;4;626.469335313745
Medio Pollo;124;4;461.07987119674
Medio Pollo Superior;124;4;854.3359494112924
Medio Pollo Inferior;124;4;886.5181842191096
Cuarto de Pollo Superior;124;4;1314.468129145388
Muslo Entero;124;4;675.4170268897647
Pechuga Completa;124;4;1668.3304543379707
Ala Completa;124;4;603.4640765542631
Media Pechuga;124;4;1420.419977985151
Blanqueta;124;4;0.0
Alón;124;4;0.0
Punta;124;4;0.0
Jamoncito;124;4;513.7201252616668
Medio Muslo;124;4;1670.2586906524807
Entero;125;4;549.0042508056562
Medio Pollo;125;4;670.240767871177
Medio Pollo Superior;125;4;889.1281066459615
Medio Pollo Inferior;125;4;639.8639926448203
Cuarto de Pollo Superior;125;4;1249.1477352820011
Muslo Entero;125;4;720.686805178394
Pechuga Completa;125;4;1289.5526956585138
Ala Completa;125;4;562.43072926601
Media Pechuga;125;4;1908.4416679837968
Blanqueta;125;4;0.0
Alón;125;4;0.0
Punta;125;4;0.0
Jamoncito;125;4;756.0203499769483
Medio Muslo;125;4;1738.0063684454574
Entero;126;4;423.05905002074473
Medio Pollo;126;4;468.63957333614763
Medio Pollo Superior;126;4;550.7322302556369
Medio Pollo Inferior;126;4;864.006253307874
Cuarto de Pollo Superior;126;4;795.9247913552263
Muslo Entero;126;4;1010.5298748783626
Pechuga Completa;126;4;1193.7100591248586
Ala Completa;126;4;806.3796795295951
Media Pechuga;126;4;1042.8426093044952
Blanqueta;126;4;0.0
Alón;126;4;0.0
Punta;126;4;0.0
Jamoncito;126;4;785.7755302722046
Medio Muslo;126;4;1260.515485289225
Entero;127;4;570.7939554354368
Medio Pollo;127;4;690.0352280039549
Medio Pollo Superior;127;4;827.6834785758406
Medio Pollo Inferior;127;4;733.2369819868927
Cuarto de Pollo Superior;127;4;1051.7526279996125
Muslo Entero;127;4;1128.6921121643963
Pechuga Completa;127;4;1389.3975169449875
Ala Completa;127;4;821.9747910848242
Media Pechuga;127;4;2245.212402136018
Blanqueta;127;4;0.0
Alón;127;4;0.0
Punta;127;4;0.0
Jamoncito;127;4;1180.1841067312434
Medio Muslo;127;4;1707.250431903308
Entero;128;4;388.3844146545771
Medio Pollo;128;4;735.3922212960321
Medio Pollo Superior;128;4;827.3548387096774
Medio Pollo Inferior;128;4;447.5121130466716
Cuarto de Pollo Superior;128;4;779.626758710075
Muslo Entero;128;4;786.821472497551
Pechuga Completa;128;4;1848.280957908404
Ala Completa;128;4;538.7500898301055
Media Pechuga;128;4;1770.533139803527
Blanqueta;128;4;0.0
Alón;128;4;0.0
Punta;128;4;0.0
Jamoncito;128;4;1023.5670579540333
Medio Muslo;128;4;1365.578041477581
Entero;129;4;479.0
Medio Pollo;129;4;353.63240535493503
Medio Pollo Superior;129;4;761.9737680588614
Medio Pollo Inferior;129;4;685.1041381099684
Cuarto de Pollo Superior;129;4;981.4036949401043
Muslo Entero;129;4;930.8995545613631
Pechuga Completa;129;4;1582.4749828657648
Ala Completa;129;4;398.7581762965704
Media Pechuga;129;4;1311.7037825184298
Blanqueta;129;4;0.0
Alón;129;4;0.0
Punta;129;4;0.0
Jamoncito;129;4;1202.2588004385996
Medio Muslo;129;4;1276.5983292140625
Entero;130;4;480.0
Medio Pollo;130;4;364.7442815455103
Medio Pollo Superior;130;4;1042.6701773106684
Medio Pollo Inferior;130;4;442.8461444020112
Cuarto de Pollo Superior;130;4;913.335860097002
Muslo Entero;130;4;567.6955293800378
Pechuga Completa;130;4;1244.2705340324314
Ala Completa;130;4;659.6543142261534
Media Pechuga;130;4;2340.974015337828
Blanqueta;130;4;0.0
Alón;130;4;0.0
Punta;130;4;0.0
Jamoncito;130;4;656.8207763132859
Medio Muslo;130;4;922.6167834176027
Entero;131;4;337.9574809700728
Medio Pollo;131;4;658.0262518943958
Medio Pollo Superior;131;4;1105.566603375526
Medio Pollo Inferior;131;4;949.421826392755
Cuarto de Pollo Superior;131;4;947.1210894862342
Muslo Entero;131;4;1082.9314831569027
Pechuga Completa;131;4;1814.8895005978352
Ala Completa;131;4;409.42560529327756
Media Pechuga;131;4;1467.7047692539961
Blanqueta;131;4;0.0
Alón;131;4;0.0
Punta;131;4;0.0
Jamoncito;131;4;648.155518020039
Medio Muslo;131;4;1784.6718719850642
Entero;132;4;330.989129954527
Medio Pollo;132;4;808.0694097721426
Medio Pollo Superior;132;4;989.4446300278805
Medio Pollo Inferior;132;4;771.9441679021409
Cuarto de Pollo Superior;132;4;857.7152369302012
Muslo Entero;132;4;573.6295623299143
Pechuga Completa;132;4;1636.1755923073893
Ala Completa;132;4;614.8793908687907
Media Pechuga;132;4;1787.840139525216
Blanqueta;132;4;0.0
Alón;132;4;0.0
Punta;132;4;0.0
Jamoncito;132;4;934.7520429641968
Medio Muslo;132;4;945.9789348606538
Entero;133;4;422.8390647006802
Medio Pollo;133;4;501.0592497792879
Medio Pollo Superior;133;4;238.28030509803182
Medio Pollo Inferior;133;4;499.71028440198853
Cuarto de Pollo Superior;133;4;1390.815681963148
Muslo Entero;133;4;1171.3906767907276
Pechuga Completa;133;4;1217.5262909215671
Ala Completa;133;4;695.3286825301396
Media Pechuga;133;4;1247.2332082782077
Blanqueta;133;4;2.258916007979094e-12
Alón;133;4;0.0
Punta;133;4;0.0
Jamoncito;133;4;1161.5694151394162
Medio Muslo;133;4;1835.5705260101847
Entero;134;4;386.0949834770055
Medio Pollo;134;4;633.1008070091208
Medio Pollo Superior;134;4;901.5224339639375
Medio Pollo Inferior;134;4;592.4843470914486
Cuarto de Pollo Superior;134;4;843.656438395445
Muslo Entero;134;4;661.5686053230789
Pechuga Completa;134;4;1398.6446114345038
Ala Completa;134;4;467.16069021524436
Media Pechuga;134;4;1764.3594489100064
Blanqueta;134;4;1.098275462928391e-12
Alón;134;4;0.0
Punta;134;4;0.0
Jamoncito;134;4;942.394538711283
Medio Muslo;134;4;1862.6160191104473
Entero;135;4;523.5978268039963
Medio Pollo;135;4;618.0060510565633
Medio Pollo Superior;135;4;753.7678886167079
Medio Pollo Inferior;135;4;876.0565448484708
Cuarto de Pollo Superior;135;4;884.8407774586275
Muslo Entero;135;4;923.7503051077257
Pechuga Completa;135;4;1310.267297147082
Ala Completa;135;4;812.0836629783444
Media Pechuga;135;4;2180.0964161946454
Blanqueta;135;4;1.110229528589597e-12
Alón;135;4;0.0
Punta;135;4;0.0
Jamoncito;135;4;1166.5869287162268
Medio Muslo;135;4;1479.3282963566505
Entero;136;4;655.4732486113276
Medio Pollo;136;4;567.9939489434367
Medio Pollo Superior;136;4;827.3548387096774
Medio Pollo Inferior;136;4;824.3229963097916
Cuarto de Pollo Superior;136;4;894.3517943513724
Muslo Entero;136;4;1027.5071000493183
Pechuga Completa;136;4;1909.9335653362727
Ala Completa;136;4;610.384275694738
Media Pechuga;136;4;1977.1674251504478
Blanqueta;136;4;2.478998797369761e-12
Alón;136;4;0.0
Punta;136;4;0.0
Jamoncito;136;4;886.7208440280809
Medio Muslo;136;4;1640.5292027987912
Entero;137;4;429.5249516416048
Medio Pollo;137;4;772.8309829474636
Medio Pollo Superior;137;4;782.5676396664929
Medio Pollo Inferior;137;4;983.5975412693193
Cuarto de Pollo Superior;137;4;1313.7077577380173
Muslo Entero;137;4;933.5047306614294
Pechuga Completa;137;4;848.5564367024976
Ala Completa;137;4;784.5480124887716
Media Pechuga;137;4;2038.0937872293018
Blanqueta;137;4;1.6574154417224446e-12
Alón;137;4;0.0
Punta;137;4;0.0
Jamoncito;137;4;607.2795698924731
Medio Muslo;137;4;1779.1750859994283
Entero;138;4;586.8647847067416
Medio Pollo;138;4;657.0522276590308
Medio Pollo Superior;138;4;793.6281688886974
Medio Pollo Inferior;138;4;962.7232879684824
Cuarto de Pollo Superior;138;4;1053.9535060942128
Muslo Entero;138;4;851.690542046671
Pechuga Completa;138;4;1884.557762856275
Ala Completa;138;4;666.0961257515346
Media Pechuga;138;4;1679.1724131451383
Blanqueta;138;4;1.5473059562109691e-12
Alón;138;4;0.0
Punta;138;4;0.0
Jamoncito;138;4;749.4552057640605
Medio Muslo;138;4;1046.5417862259474
Entero;139;4;436.1579009457126
Medio Pollo;139;4;757.004135499943
Medio Pollo Superior;139;4;613.2739353042524
Medio Pollo Inferior;139;4;760.5669308375968
Cuarto de Pollo Superior;139;4;1183.7340637309128
Muslo Entero;139;4;903.6413881341006
Pechuga Completa;139;4;910.6622796318879
Ala Completa;139;4;722.9421951628236
Media Pechuga;139;4;1214.538307025506
Blanqueta;139;4;2.062528505099017e-12
Alón;139;4;0.0
Punta;139;4;0.0
Jamoncito;139;4;975.2759770316386
Medio Muslo;139;4;1972.1025546241995
Entero;140;4;596.9249352531222
Medio Pollo;140;4;641.3855615306284
Medio Pollo Superior;140;4;891.1259591095954
Medio Pollo Inferior;140;4;660.2601622912626
Cuarto de Pollo Superior;140;4;1147.8156559283923
Muslo Entero;140;4;721.7866837376226
Pechuga Completa;140;4;1313.6440138536734
Ala Completa;140;4;670.9032258064515
Media Pechuga;140;4;1945.2489672229788
Blanqueta;140;4;0.0
Alón;140;4;0.0
Punta;140;4;0.0
Jamoncito;140;4;1086.4126342132706
Medio Muslo;140;4;1954.9348501259258
Entero;141;4;396.41695604560675
Medio Pollo;141;4;136.72709236293394
Medio Pollo Superior;141;4;610.3105905839092
Medio Pollo Inferior;141;4;444.2497331095247
Cuarto de Pollo Superior;141;4;959.3723127614014
Muslo Entero;141;4;1102.3460530503366
Pechuga Completa;141;4;1483.3854409518751
Ala Completa;141;4;498.17257705833475
Media Pechuga;141;4;1912.599739532892
Blanqueta;141;4;0.0
Alón;141;4;0.0
Punta;141;4;0.0
Jamoncito;141;4;719.8822362011277
Medio Muslo;141;4;1517.784312171692
Entero;142;4;626.8811181315639
Medio Pollo;142;4;625.040153598027
Medio Pollo Superior;142;4;483.3902807054961
Medio Pollo Inferior;142;4;672.833237933967
Cuarto de Pollo Superior;142;4;980.4361376146159
Muslo Entero;142;4;1015.5233266619332
Pechuga Completa;142;4;1644.2419219580693
Ala Completa;142;4;454.0990409358631
Media Pechuga;142;4;1807.1410219683507
Blanqueta;142;4;0.0
Alón;142;4;0.0
Punta;142;4;0.0
Jamoncito;142;4;758.1576331916189
Medio Muslo;142;4;1279.268817204301
Entero;143;4;309.6157516894858
Medio Pollo;143;4;449.08313835577746
Medio Pollo Superior;143;4;1106.1615129026866
Medio Pollo Inferior;143;4;606.0187304132172
Cuarto de Pollo Superior;143;4;1298.1216826546024
Muslo Entero;143;4;548.7548470445419
Pechuga Completa;143;4;1403.5028167847695
Ala Completa;143;4;532.5132521987022
Media Pechuga;143;4;2109.689120727218
Blanqueta;143;4;0.0
Alón;143;4;0.0
Punta;143;4;0.0
Jamoncito;143;4;854.4507222004345
Medio Muslo;143;4;1018.7785787954206
Entero;144;4;641.4990917502618
Medio Pollo;144;4;352.17186823887414
Medio Pollo Superior;144;4;583.6566018212301
Medio Pollo Inferior;144;4;953.5878096482853
Cuarto de Pollo Superior;144;4;1367.811038100801
Muslo Entero;144;4;1017.2531442535636
Pechuga Completa;144;4;1948.5375012414881
Ala Completa;144;4;713.5020937184681
Media Pechuga;144;4;1065.3288957397624
Blanqueta;144;4;0.0
Alón;144;4;0.0
Punta;144;4;0.0
Jamoncito;144;4;742.948892979883
Medio Muslo;144;4;1936.633844552277
Entero;145;4;335.11551066333385
Medio Pollo;145;4;362.83064247128
Medio Pollo Superior;145;4;725.3195269811288
Medio Pollo Inferior;145;4;535.3274248090574
Cuarto de Pollo Superior;145;4;1013.9533649096277
Muslo Entero;145;4;1220.5437648307086
Pechuga Completa;145;4;904.5749383073172
Ala Completa;145;4;384.351728165179
Media Pechuga;145;4;2235.325823173259
Blanqueta;145;4;0.0
Alón;145;4;0.0
Punta;145;4;0.0
Jamoncito;145;4;583.9530007725947
Medio Muslo;145;4;1369.759619663055
Entero;146;4;293.17868859990455
Medio Pollo;146;4;608.0806064109663
Medio Pollo Superior;146;4;885.5847380247584
Medio Pollo Inferior;146;4;597.272841300202
Cuarto de Pollo Superior;146;4;872.5230896310867
Muslo Entero;146;4;943.2505317267207
Pechuga Completa;146;4;1407.594055796509
Ala Completa;146;4;794.8592672935298
Media Pechuga;146;4;1563.5275143739373
Blanqueta;146;4;0.0
Alón;146;4;0.0
Punta;146;4;0.0
Jamoncito;146;4;834.0660735745757
Medio Muslo;146;4;1555.6129032258063
Entero;147;4;599.8661554417747
Medio Pollo;147;4;493.08661255567625
Medio Pollo Superior;147;4;493.01862168839335
Medio Pollo Inferior;147;4;613.5175813403803
Cuarto de Pollo Superior;147;4;1026.2187671112729
Muslo Entero;147;4;954.196668106846
Pechuga Completa;147;4;1324.5916158740301
Ala Completa;147;4;725.608623088568
Media Pechuga;147;4;1522.4870947148347
Blanqueta;147;4;0.0
Alón;147;4;0.0
Punta;147;4;0.0
Jamoncito;147;4;686.5271497763982
Medio Muslo;147;4;991.9882109354622
Entero;148;4;524.9577614578584
Medio Pollo;148;4;616.1061327164183
Medio Pollo Superior;148;4;969.9908753762675
Medio Pollo Inferior;148;4;720.8498295440522
Cuarto de Pollo Superior;148;4;630.4836365370563
Muslo Entero;148;4;671.0747866110177
Pechuga Completa;148;4;1690.6817720665751
Ala Completa;148;4;713.4436334630119
Media Pechuga;148;4;1199.1696864870435
Blanqueta;148;4;0.0
Alón;148;4;0.0
Punta;148;4;0.0
Jamoncito;148;4;1042.9172429788343
Medio Muslo;148;4;1757.637597855789
Entero;149;4;368.0446591520838
Medio Pollo;149;4;505.6028665431642
Medio Pollo Superior;149;4;662.1005812051569
Medio Pollo Inferior;149;4;794.0349918706335
Cuarto de Pollo Superior;149;4;743.2569038074166
Muslo Entero;149;4;1185.117395802403
Pechuga Completa;149;4;1424.891084456016
Ala Completa;149;4;509.0629358754319
Media Pechuga;149;4;2262.9780144481215
Blanqueta;149;4;0.0
Alón;149;4;0.0
Punta;149;4;0.0
Jamoncito;149;4;647.039672388866
Medio Muslo;149;4;1288.7182772302538
Entero;150;4;605.0499325006101
Medio Pollo;150;4;371.43897896786547
Medio Pollo Superior;150;4;657.81470142096
Medio Pollo Inferior;150;4;792.6919621439865
Cuarto de Pollo Superior;150;4;1167.5544261462526
Muslo Entero;150;4;662.6397263137928
Pechuga Completa;150;4;1407.967741935484
Ala Completa;150;4;706.077597285597
Media Pechuga;150;4;1734.4297204790328
Blanqueta;150;4;0.0
Alón;150;4;0.0
Punta;150;4;0.0
Jamoncito;150;4;597.1664742760113
Medio Muslo;150;4;1510.4516129032256
Entero;151;4;288.9500674993899
Medio Pollo;151;4;512.6380476667656
Medio Pollo Superior;151;4;825.5846965953172
Medio Pollo Inferior;151;4;520.9677085392024
Cuarto de Pollo Superior;151;4;1291.3569949600992
Muslo Entero;151;4;747.4605757476456
Pechuga Completa;151;4;1762.4578695680832
Ala Completa;151;4;768.7127383699174
Media Pechuga;151;4;1814.3877706033454
Blanqueta;151;4;0.0
Alón;151;4;0.0
Punta;151;4;0.0
Jamoncito;151;4;679.8350331942383
Medio Muslo;151;4;1181.2699641913484
Entero;152;4;469.95208272619567
Medio Pollo;152;4;455.8949349931209
Medio Pollo Superior;152;4;705.9713963518738
Medio Pollo Inferior;152;4;455.8556324543087
Cuarto de Pollo Superior;152;4;1197.3799218827794
Muslo Entero;152;4;889.2876106999114
Pechuga Completa;152;4;755.4130981738524
Ala Completa;152;4;382.5339329193301
Media Pechuga;152;4;1902.2068751166303
Blanqueta;152;4;0.0
Alón;152;4;0.0
Punta;152;4;0.0
Jamoncito;152;4;709.5629895931152
Medio Muslo;152;4;1177.0660648474866
Entero;153;4;423.04791727380433
Medio Pollo;153;4;458.7201152161677
Medio Pollo Superior;153;4;503.1010270437733
Medio Pollo Inferior;153;4;717.2146036789562
Cuarto de Pollo Superior;153;4;995.9527439510111
Muslo Entero;153;4;879.7459973126006
Pechuga Completa;153;4;1367.5969454248266
Ala Completa;153;4;733.7384170784169
Media Pechuga;153;4;1612.6634187961533
Blanqueta;153;4;0.0
Alón;153;4;0.0
Punta;153;4;0.0
Jamoncito;153;4;525.0253815196855
Medio Muslo;153;4;1762.4928608594018
Entero;154;4;446.0
Medio Pollo;154;4;574.7999726019484
Medio Pollo Superior;154;4;1025.9144716122541
Medio Pollo Inferior;154;4;556.7929883772917
Cuarto de Pollo Superior;154;4;643.7100428852375
Muslo Entero;154;4;558.1795198805229
Pechuga Completa;154;4;997.0003736632766
Ala Completa;154;4;853.563239510624
Media Pechuga;154;4;1857.7096774193549
Blanqueta;154;4;0.0
Alón;154;4;0.0
Punta;154;4;0.0
Jamoncito;154;4;731.7065126791889
Medio Muslo;154;4;947.8494435677546
Entero;155;4;446.0
Medio Pollo;155;4;752.5477680469397
Medio Pollo Superior;155;4;543.5557313549269
Medio Pollo Inferior;155;4;937.468146577169
Cuarto de Pollo Superior;155;4;659.2967235083854
Muslo Entero;155;4;1152.528725306512
Pechuga Completa;155;4;1009.7457964166051
Ala Completa;155;4;684.440965667119
Media Pechuga;155;4;1753.6774193548388
Blanqueta;155;4;0.0
Alón;155;4;0.0
Punta;155;4;0.0
Jamoncito;155;4;1145.680390297895
Medio Muslo;155;4;1728.3635986593533
Entero;156;4;447.0
Medio Pollo;156;4;632.0371792954736
Medio Pollo Superior;156;4;990.1635205657624
Medio Pollo Inferior;156;4;868.693084698975
Cuarto de Pollo Superior;156;4;1008.1625377851649
Muslo Entero;156;4;706.031454514365
Pechuga Completa;156;4;1745.6403838736396
Ala Completa;156;4;710.1586670493259
Media Pechuga;156;4;1710.6129032258063
Blanqueta;156;4;0.0
Alón;156;4;0.0
Punta;156;4;0.0
Jamoncito;156;4;679.3767561115583
Medio Muslo;156;4;1421.360872086808
Entero;157;4;436.57873340938033
Medio Pollo;157;4;333.38489267038847
Medio Pollo Superior;157;4;814.3253409330348
Medio Pollo Inferior;157;4;443.0474840868938
Cuarto de Pollo Superior;157;4;1233.7059040592571
Muslo Entero;157;4;964.8709153152041
Pechuga Completa;157;4;1286.8274129562565
Ala Completa;157;4;448.94938169187776
Media Pechuga;157;4;1599.322580645154
Blanqueta;157;4;-9.094947017729281e-13
Alón;157;4;-4.46479217233983e-13
Punta;157;4;-1.3229013843969862e-13
Jamoncito;157;4;1089.0217464702857
Medio Muslo;157;4;1646.1514867018557
Entero;158;4;297.83414829646784
Medio Pollo;158;4;640.8240403627062
Medio Pollo Superior;158;4;991.8114502127939
Medio Pollo Inferior;158;4;777.9385961177863
Cuarto de Pollo Superior;158;4;1128.263943476768
Muslo Entero;158;4;803.6581067528407
Pechuga Completa;158;4;1552.8907276554646
Ala Completa;158;4;587.6957092640354
Media Pechuga;158;4;1731.9032258064517
Blanqueta;158;4;0.0
Alón;158;4;0.0
Punta;158;4;0.0
Jamoncito;158;4;968.9145598186162
Medio Muslo;158;4;1774.1761497283223
Entero;159;4;594.0186883456522
Medio Pollo;159;4;426.2164493584934
Medio Pollo Superior;159;4;636.3042660663535
Medio Pollo Inferior;159;4;923.6768844354175
Cuarto de Pollo Superior;159;4;732.7703420319752
Muslo Entero;159;4;806.1295696277576
Pechuga Completa;159;4;1634.46353121183
Ala Completa;159;4;500.4215038417962
Media Pechuga;159;4;1004.0739424177991
Blanqueta;159;4;0.0
Alón;159;4;0.0
Punta;159;4;0.0
Jamoncito;159;4;610.9265267457404
Medio Muslo;159;4;1004.1215388615703
Entero;160;4;460.56842994851513
Medio Pollo;160;4;352.4099926985958
Medio Pollo Superior;160;4;850.0985591332734
Medio Pollo Inferior;160;4;784.7404583227254
Cuarto de Pollo Superior;160;4;1117.7878022368313
Muslo Entero;160;4;573.3873585435795
Pechuga Completa;160;4;1223.3674272137696
Ala Completa;160;4;764.2137043427264
Media Pechuga;160;4;1522.0876135828667
Blanqueta;160;4;0.0
Alón;160;4;0.0
Punta;160;4;0.0
Jamoncito;160;4;957.8217776925975
Medio Muslo;160;4;1716.1393638587056
Entero;161;4;448.0
Medio Pollo;161;4;629.4158177562546
Medio Pollo Superior;161;4;774.6325574277402
Medio Pollo Inferior;161;4;781.4117212099318
Cuarto de Pollo Superior;161;4;692.2573654897603
Muslo Entero;161;4;1124.5755725656068
Pechuga Completa;161;4;1842.2659917864244
Ala Completa;161;4;811.9777653756933
Media Pechuga;161;4;1477.8563737096426
Blanqueta;161;4;0.0
Alón;161;4;0.0
Punta;161;4;0.0
Jamoncito;161;4;1001.329353524575
Medio Muslo;161;4;1676.248921371328
Entero;162;4;372.3218156654093
Medio Pollo;162;4;684.1980844134299
Medio Pollo Superior;162;4;516.5698836749059
Medio Pollo Inferior;162;4;500.42071710185235
Cuarto de Pollo Superior;162;4;988.3263598606745
Muslo Entero;162;4;810.7814327863281
Pechuga Completa;162;4;1423.2659259269399
Ala Completa;162;4;559.3225806451612
Media Pechuga;162;4;1310.221293742219
Blanqueta;162;4;0.0
Alón;162;4;0.0
Punta;162;4;0.0
Jamoncito;162;4;509.3561613880784
Medio Muslo;162;4;1078.8326597392077
Entero;163;4;388.97702014175286
Medio Pollo;163;4;705.829351086653
Medio Pollo Superior;163;4;923.7975964147308
Medio Pollo Inferior;163;4;628.9914741914544
Cuarto de Pollo Superior;163;4;852.2362365040308
Muslo Entero;163;4;943.0271946698923
Pechuga Completa;163;4;1408.4516129032259
Ala Completa;163;4;561.1612903225807
Media Pechuga;163;4;2169.9222443830445
Blanqueta;163;4;0.0
Alón;163;4;0.0
Punta;163;4;0.0
Jamoncito;163;4;619.8008034068336
Medio Muslo;163;4;1266.7230947678506
Entero;164;4;336.150324157358
Medio Pollo;164;4;695.8424177537381
Medio Pollo Superior;164;4;862.799139519313
Medio Pollo Inferior;164;4;785.5894288713089
Cuarto de Pollo Superior;164;4;1306.0389542160215
Muslo Entero;164;4;797.889729050991
Pechuga Completa;164;4;1408.4516129032259
Ala Completa;164;4;651.3548387096773
Media Pechuga;164;4;1210.3449594363276
Blanqueta;164;4;0.0
Alón;164;4;0.0
Punta;164;4;0.0
Jamoncito;164;4;770.2226759499234
Medio Muslo;164;4;1067.7565834545221
Entero;165;4;490.55528336001794
Medio Pollo;165;4;668.8067831478688
Medio Pollo Superior;165;4;767.6363977693159
Medio Pollo Inferior;165;4;880.2900689355663
Cuarto de Pollo Superior;165;4;1031.3249395665903
Muslo Entero;165;4;698.8581523086893
Pechuga Completa;165;4;1390.9809423486774
Ala Completa;165;4;614.483870967742
Media Pechuga;165;4;1047.4383835541757
Blanqueta;165;4;0.0
Alón;165;4;0.0
Punta;165;4;0.0
Jamoncito;165;4;784.4508417369833
Medio Muslo;165;4;1387.806639731684
Entero;166;4;288.295440740641
Medio Pollo;166;4;493.95830731584783
Medio Pollo Superior;166;4;851.0160380972206
Medio Pollo Inferior;166;4;692.0009986290422
Cuarto de Pollo Superior;166;4;1324.4833467863903
Muslo Entero;166;4;750.5567493641457
Pechuga Completa;166;4;1425.9222834577743
Ala Completa;166;4;632.9677419354839
Media Pechuga;166;4;1162.8711530845512
Blanqueta;166;4;0.0
Alón;166;4;0.0
Punta;166;4;0.0
Jamoncito;166;4;1055.6818039599732
Medio Muslo;166;4;1492.5483382700254
Entero;167;4;448.2666701812184
Medio Pollo;167;4;401.21296499596065
Medio Pollo Superior;167;4;584.3009963268056
Medio Pollo Inferior;167;4;454.3752275372848
Cuarto de Pollo Superior;167;4;1208.280807017209
Muslo Entero;167;4;825.7501967030507
Pechuga Completa;167;4;965.5165220431985
Ala Completa;167;4;632.9677419354838
Media Pechuga;167;4;1788.6416164028208
Blanqueta;167;4;0.0
Alón;167;4;0.0
Punta;167;4;0.0
Jamoncito;167;4;752.8839248604095
Medio Muslo;167;4;1547.0240845430203
Entero;168;4;586.0125016930767
Medio Pollo;168;4;672.9711741747944
Medio Pollo Superior;168;4;565.392935455094
Medio Pollo Inferior;168;4;579.6721519150693
Cuarto de Pollo Superior;168;4;832.5055218031504
Muslo Entero;168;4;541.2860349783804
Pechuga Completa;168;4;1740.7184066893592
Ala Completa;168;4;632.9677419354838
Media Pechuga;168;4;1694.328275282721
Blanqueta;168;4;0.0
Alón;168;4;0.0
Punta;168;4;0.0
Jamoncito;168;4;732.4606132328289
Medio Muslo;168;4;1424.2131986086447
Entero;1;5;272.6789121101193
Medio Pollo;1;5;350.67886869907824
Medio Pollo Superior;1;5;738.5806451612904
Medio Pollo Inferior;1;5;582.3866655328404
Cuarto de Pollo Superior;1;5;718.4999306303647
Muslo Entero;1;5;693.9358845122431
Pechuga Completa;1;5;1332.6774193552424
Ala Completa;1;5;595.3548387097569
Media Pechuga;1;5;1623.7464259441383
Blanqueta;1;5;0.0
Alón;1;5;0.0
Punta;1;5;0.0
Jamoncito;1;5;814.8602150537635
Medio Muslo;1;5;1234.7641301657218
Entero;2;5;320.8327957486257
Medio Pollo;2;5;688.004929932857
Medio Pollo Superior;2;5;586.9714023789917
Medio Pollo Inferior;2;5;683.597583758811
Cuarto de Pollo Superior;2;5;688.0765875780381
Muslo Entero;2;5;1066.9028251657573
Pechuga Completa;2;5;1007.452726954774
Ala Completa;2;5;624.3548387097571
Media Pechuga;2;5;1735.4471224430831
Blanqueta;2;5;0.0
Alón;2;5;0.0
Punta;2;5;0.0
Jamoncito;2;5;839.8602150538065
Medio Muslo;2;5;979.2735309180316
Entero;3;5;389.51695550744165
Medio Pollo;3;5;330.6171503818598
Medio Pollo Superior;3;5;730.5890292480914
Medio Pollo Inferior;3;5;700.8585228329897
Cuarto de Pollo Superior;3;5;1194.050494105119
Muslo Entero;3;5;825.7068197446287
Pechuga Completa;3;5;1347.749310304701
Ala Completa;3;5;624.3548387096753
Media Pechuga;3;5;1190.8672638723822
Blanqueta;3;5;1.7239536051491407e-12
Alón;3;5;4.426679234542335e-12
Punta;3;5;2.6528106049531016e-12
Jamoncito;3;5;839.8602150537213
Medio Muslo;3;5;1383.6060090319522
Entero;4;5;478.8022100706733
Medio Pollo;4;5;667.941114147836
Medio Pollo Superior;4;5;871.3433340185258
Medio Pollo Inferior;4;5;464.5008713998508
Cuarto de Pollo Superior;4;5;1122.9345845232735
Muslo Entero;4;5;966.131889933372
Pechuga Completa;4;5;1713.4669011390374
Ala Completa;4;5;624.3548387097296
Media Pechuga;4;5;1699.6898654882855
Blanqueta;4;5;2.23635125710574e-12
Alón;4;5;4.546469456642479e-12
Punta;4;5;9.789887079025214e-13
Jamoncito;4;5;839.8602150537636
Medio Muslo;4;5;1953.2091509662976
Entero;5;5;445.33924313713754
Medio Pollo;5;5;604.0233144161463
Medio Pollo Superior;5;5;853.4188149995526
Medio Pollo Inferior;5;5;657.9747470707299
Cuarto de Pollo Superior;5;5;700.3243854663914
Muslo Entero;5;5;891.7060987608492
Pechuga Completa;5;5;1478.040739021347
Ala Completa;5;5;624.3548387097295
Media Pechuga;5;5;2088.1066919468103
Blanqueta;5;5;1.7123114820173201e-12
Alón;5;5;3.284173989702916e-12
Punta;5;5;0.0
Jamoncito;5;5;839.8602150537635
Medio Muslo;5;5;925.153680468257
Entero;6;5;522.7888718005476
Medio Pollo;6;5;516.935876264777
Medio Pollo Superior;6;5;760.5806451612904
Medio Pollo Inferior;6;5;712.0169232509082
Cuarto de Pollo Superior;6;5;1101.5721835088343
Muslo Entero;6;5;900.1326109171515
Pechuga Completa;6;5;1386.6774193551742
Ala Completa;6;5;465.3750036587198
Media Pechuga;6;5;1425.233393579899
Blanqueta;6;5;1.292740897568338e-12
Alón;6;5;0.0
Punta;6;5;0.0
Jamoncito;6;5;839.8602150537849
Medio Muslo;6;5;1547.072868372466
Entero;7;5;510.0410116197021
Medio Pollo;7;5;523.748595981877
Medio Pollo Superior;7;5;639.7794792341065
Medio Pollo Inferior;7;5;824.1504959369287
Cuarto de Pollo Superior;7;5;1278.3481000640147
Muslo Entero;7;5;895.9193548390003
Pechuga Completa;7;5;1386.677419355045
Ala Completa;7;5;666.8325092512893
Media Pechuga;7;5;1649.385379223468
Blanqueta;7;5;1.8696783801549048e-12
Alón;7;5;0.0
Punta;7;5;0.0
Jamoncito;7;5;839.8602150537648
Medio Muslo;7;5;1414.173227686131
Entero;8;5;312.41739233980445
Medio Pollo;8;5;587.050150176977
Medio Pollo Superior;8;5;850.8626354509386
Medio Pollo Inferior;8;5;876.7077386039942
Cuarto de Pollo Superior;8;5;1060.2259921890536
Muslo Entero;8;5;895.9193548390003
Pechuga Completa;8;5;1337.9504032910968
Ala Completa;8;5;740.8570032191252
Media Pechuga;8;5;1478.7933879740722
Blanqueta;8;5;1.1614014497761001e-12
Alón;8;5;0.0
Punta;8;5;0.0
Jamoncito;8;5;776.8798542175508
Medio Muslo;8;5;1837.72306682721
Entero;9;5;336.1943423866777
Medio Pollo;9;5;535.5
Medio Pollo Superior;9;5;575.4848350345873
Medio Pollo Inferior;9;5;642.1935757417884
Cuarto de Pollo Superior;9;5;987.1290322581347
Muslo Entero;9;5;855.9588134683312
Pechuga Completa;9;5;1321.8968079187443
Ala Completa;9;5;555.6809360030591
Media Pechuga;9;5;1366.9083002776845
Blanqueta;9;5;1.666770184583109e-12
Alón;9;5;0.0
Punta;9;5;0.0
Jamoncito;9;5;902.8405758899321
Medio Muslo;9;5;911.8690430618802
Entero;10;5;258.04368271709836
Medio Pollo;10;5;404.2744490149785
Medio Pollo Superior;10;5;976.195630925531
Medio Pollo Inferior;10;5;739.354811354975
Cuarto de Pollo Superior;10;5;987.1290322581347
Muslo Entero;10;5;756.7826135907242
Pechuga Completa;10;5;1208.9554692558304
Ala Completa;10;5;651.2097125640488
Media Pechuga;10;5;1415.8593414582078
Blanqueta;10;5;0.0
Alón;10;5;0.0
Punta;10;5;0.0
Jamoncito;10;5;839.8602150537845
Medio Muslo;10;5;1159.860790669168
Entero;11;5;249.9477292806478
Medio Pollo;11;5;563.836147668534
Medio Pollo Superior;11;5;760.5806451612908
Medio Pollo Inferior;11;5;591.0192538350693
Cuarto de Pollo Superior;11;5;601.9445919359465
Muslo Entero;11;5;835.7470128461549
Pechuga Completa;11;5;904.4846184964265
Ala Completa;11;5;666.1738675621143
Media Pechuga;11;5;1382.1063845186422
Blanqueta;11;5;0.0
Alón;11;5;0.0
Punta;11;5;0.0
Jamoncito;11;5;839.8602150537638
Medio Muslo;11;5;1498.3875825491004
Entero;12;5;269.1719291072379
Medio Pollo;12;5;581.231474164122
Medio Pollo Superior;12;5;750.2217021622655
Medio Pollo Inferior;12;5;719.9041061450341
Cuarto de Pollo Superior;12;5;753.3533668813463
Muslo Entero;12;5;1113.1444223375142
Pechuga Completa;12;5;1291.2411417141902
Ala Completa;12;5;624.3548387097318
Media Pechuga;12;5;2147.7946868022777
Blanqueta;12;5;0.0
Alón;12;5;0.0
Punta;12;5;0.0
Jamoncito;12;5;641.2371286879895
Medio Muslo;12;5;2027.2684740880934
Entero;13;5;556.468400513983
Medio Pollo;13;5;527.0611253384783
Medio Pollo Superior;13;5;770.9395881603161
Medio Pollo Inferior;13;5;494.38616499563153
Cuarto de Pollo Superior;13;5;993.6500018884766
Muslo Entero;13;5;917.96391195228
Pechuga Completa;13;5;1810.529923948299
Ala Completa;13;5;624.3548387097321
Media Pechuga;13;5;2246.9479095367715
Blanqueta;13;5;0.0
Alón;13;5;0.0
Punta;13;5;0.0
Jamoncito;13;5;1038.4833014195385
Medio Muslo;13;5;1428.2533462903768
Entero;14;5;371.61573472183
Medio Pollo;14;5;546.6426641447586
Medio Pollo Superior;14;5;479.40237345690775
Medio Pollo Inferior;14;5;652.41122690273
Cuarto de Pollo Superior;14;5;621.6169940081331
Muslo Entero;14;5;730.4814919989101
Pechuga Completa;14;5;961.4568585474309
Ala Completa;14;5;624.3548387097319
Media Pechuga;14;5;1691.4736306184673
Blanqueta;14;5;0.0
Alón;14;5;0.0
Punta;14;5;0.0
Jamoncito;14;5;500.5315819594619
Medio Muslo;14;5;1252.2335257691489
Entero;15;5;513.0816837517779
Medio Pollo;15;5;589.9541396698327
Medio Pollo Superior;15;5;725.3955927249486
Medio Pollo Inferior;15;5;887.319806827172
Cuarto de Pollo Superior;15;5;769.7433338433001
Muslo Entero;15;5;551.3236682353216
Pechuga Completa;15;5;946.6012324167876
Ala Completa;15;5;624.3548387097318
Media Pechuga;15;5;1186.9125598221447
Blanqueta;15;5;0.0
Alón;15;5;0.0
Punta;15;5;0.0
Jamoncito;15;5;692.5776039768923
Medio Muslo;15;5;1049.4624284248737
Entero;16;5;266.92785977472937
Medio Pollo;16;5;506.01268112035683
Medio Pollo Superior;16;5;790.7946350608564
Medio Pollo Inferior;16;5;724.6664023898163
Cuarto de Pollo Superior;16;5;1259.7372792329058
Muslo Entero;16;5;1114.4213845802233
Pechuga Completa;16;5;1227.606797908088
Ala Completa;16;5;624.3548387097313
Media Pechuga;16;5;1522.4014789418732
Blanqueta;16;5;0.0
Alón;16;5;0.0
Punta;16;5;0.0
Jamoncito;16;5;684.7125661148085
Medio Muslo;16;5;1532.590844480017
Entero;17;5;546.5873091212001
Medio Pollo;17;5;440.5743029266136
Medio Pollo Superior;17;5;568.5435689221154
Medio Pollo Inferior;17;5;765.7123937432241
Cuarto de Pollo Superior;17;5;1319.2869326664465
Muslo Entero;17;5;1015.3386890844506
Pechuga Completa;17;5;1375.3558110805911
Ala Completa;17;5;624.3548387097313
Media Pechuga;17;5;1633.373830343305
Blanqueta;17;5;0.0
Alón;17;5;0.0
Punta;17;5;0.0
Jamoncito;17;5;623.5033150596302
Medio Muslo;17;5;1586.1929525482597
Entero;18;5;291.82615820962053
Medio Pollo;18;5;638.9808883375028
Medio Pollo Superior;18;5;542.5536049381556
Medio Pollo Inferior;18;5;690.7741935483871
Cuarto de Pollo Superior;18;5;627.6057793791862
Muslo Entero;18;5;785.5555429924173
Pechuga Completa;18;5;1050.902037963203
Ala Completa;18;5;399.44349504379795
Media Pechuga;18;5;1561.1945135673152
Blanqueta;18;5;0.0
Alón;18;5;0.0
Punta;18;5;0.0
Jamoncito;18;5;1095.3823491368148
Medio Muslo;18;5;1340.0877931442128
Entero;19;5;548.0362422067188
Medio Pollo;19;5;556.4321276160997
Medio Pollo Superior;19;5;875.6273033979754
Medio Pollo Inferior;19;5;591.8122234790122
Cuarto de Pollo Superior;19;5;1318.2408003196304
Muslo Entero;19;5;729.9064007719593
Pechuga Completa;19;5;1347.5375539756446
Ala Completa;19;5;583.4615502090727
Media Pechuga;19;5;2151.4440539718457
Blanqueta;19;5;0.0
Alón;19;5;0.0
Punta;19;5;0.0
Jamoncito;19;5;490.8562100007992
Medio Muslo;19;5;1601.7200849554908
Entero;20;5;289.0866921903514
Medio Pollo;20;5;535.5000000001428
Medio Pollo Superior;20;5;651.3552230815994
Medio Pollo Inferior;20;5;789.7361636177619
Cuarto de Pollo Superior;20;5;1114.915482251954
Muslo Entero;20;5;579.9716715105073
Pechuga Completa;20;5;1098.2504056802652
Ala Completa;20;5;472.93386712319455
Media Pechuga;20;5;1260.64679196952
Blanqueta;20;5;0.0
Alón;20;5;0.0
Punta;20;5;0.0
Jamoncito;20;5;492.24692218401714
Medio Muslo;20;5;1946.291910709617
Entero;21;5;571.2309646249818
Medio Pollo;21;5;529.1902872863268
Medio Pollo Superior;21;5;614.5236476562346
Medio Pollo Inferior;21;5;426.68961660878733
Cuarto de Pollo Superior;21;5;1228.0440117989601
Muslo Entero;21;5;868.8639578084862
Pechuga Completa;21;5;1330.459055541532
Ala Completa;21;5;478.8896009614863
Media Pechuga;21;5;1198.421301830838
Blanqueta;21;5;0.0
Alón;21;5;0.0
Punta;21;5;0.0
Jamoncito;21;5;1025.7495966199504
Medio Muslo;21;5;1758.7797394481684
Entero;22;5;332.2064422006037
Medio Pollo;22;5;471.6944854141845
Medio Pollo Superior;22;5;578.1696405812354
Medio Pollo Inferior;22;5;536.3190794625184
Cuarto de Pollo Superior;22;5;1275.798562353629
Muslo Entero;22;5;1149.94201631505
Pechuga Completa;22;5;1442.400801440395
Ala Completa;22;5;748.1964613317701
Media Pechuga;22;5;1969.603145423934
Blanqueta;22;5;0.0
Alón;22;5;0.0
Punta;22;5;0.0
Jamoncito;22;5;1117.9681490942967
Medio Muslo;22;5;1434.6653863561469
Entero;23;5;446.1518064071364
Medio Pollo;23;5;351.98645758296084
Medio Pollo Superior;23;5;937.7365357881981
Medio Pollo Inferior;23;5;842.9523530913038
Cuarto de Pollo Superior;23;5;794.5112976737187
Muslo Entero;23;5;980.6951767049997
Pechuga Completa;23;5;1417.5549356426288
Ala Completa;23;5;388.95785473324383
Media Pechuga;23;5;1332.3695686475162
Blanqueta;23;5;0.0
Alón;23;5;0.0
Punta;23;5;0.0
Jamoncito;23;5;935.2289666628699
Medio Muslo;23;5;1290.029386215389
Entero;24;5;466.6966403606835
Medio Pollo;24;5;595.0875990197837
Medio Pollo Superior;24;5;560.0092061915637
Medio Pollo Inferior;24;5;865.7163701922293
Cuarto de Pollo Superior;24;5;1304.2289851219757
Muslo Entero;24;5;994.0619776965312
Pechuga Completa;24;5;1423.5347197827705
Ala Completa;24;5;773.9066868017744
Media Pechuga;24;5;1305.501492740347
Blanqueta;24;5;0.0
Alón;24;5;0.0
Punta;24;5;0.0
Jamoncito;24;5;939.8476356354616
Medio Muslo;24;5;1956.2281444188939
Entero;25;5;439.70412804954105
Medio Pollo;25;5;653.5332585324312
Medio Pollo Superior;25;5;652.0235136675421
Medio Pollo Inferior;25;5;870.5770214488006
Cuarto de Pollo Superior;25;5;799.0
Muslo Entero;25;5;699.2283448841138
Pechuga Completa;25;5;1175.9608367159617
Ala Completa;25;5;540.9210929930044
Media Pechuga;25;5;2232.8248874438814
Blanqueta;25;5;0.0
Alón;25;5;0.0
Punta;25;5;0.0
Jamoncito;25;5;780.5399467449754
Medio Muslo;25;5;1299.2509368873398
Entero;26;5;308.9645172469831
Medio Pollo;26;5;720.3387021571771
Medio Pollo Superior;26;5;814.7337560079927
Medio Pollo Inferior;26;5;680.8347235388309
Cuarto de Pollo Superior;26;5;1195.5806451612905
Muslo Entero;26;5;869.9193548387098
Pechuga Completa;26;5;1748.6832191980513
Ala Completa;26;5;710.4625499621994
Media Pechuga;26;5;1989.9996617245445
Blanqueta;26;5;0.0
Alón;26;5;0.0
Punta;26;5;0.0
Jamoncito;26;5;546.136570367899
Medio Muslo;26;5;1522.013255870322
Entero;27;5;566.2667994319378
Medio Pollo;27;5;411.31542982366375
Medio Pollo Superior;27;5;604.6748845555045
Medio Pollo Inferior;27;5;511.26567436720745
Cuarto de Pollo Superior;27;5;982.0454707343059
Muslo Entero;27;5;885.6451612903226
Pechuga Completa;27;5;1331.522760963407
Ala Completa;27;5;821.6010343890598
Media Pechuga;27;5;1076.412408907171
Blanqueta;27;5;0.0
Alón;27;5;0.0
Punta;27;5;0.0
Jamoncito;27;5;1024.6748457814501
Medio Muslo;27;5;1559.44202769023
Entero;28;5;574.7415189988121
Medio Pollo;28;5;363.4433197672103
Medio Pollo Superior;28;5;671.0415649446545
Medio Pollo Inferior;28;5;567.2044272194129
Cuarto de Pollo Superior;28;5;798.4689304152901
Muslo Entero;28;5;878.0967741935484
Pechuga Completa;28;5;1818.3597987503874
Ala Completa;28;5;722.354684290203
Media Pechuga;28;5;2263.870859407703
Blanqueta;28;5;0.0
Alón;28;5;0.0
Punta;28;5;0.0
Jamoncito;28;5;633.4421232764402
Medio Muslo;28;5;1212.6397650858937
Entero;29;5;456.821936031354
Medio Pollo;29;5;505.32463527552926
Medio Pollo Superior;29;5;1036.2694137592275
Medio Pollo Inferior;29;5;861.5778715106393
Cuarto de Pollo Superior;29;5;765.8082373609537
Muslo Entero;29;5;582.9140080710129
Pechuga Completa;29;5;1663.1411667753066
Ala Completa;29;5;492.9678963549583
Media Pechuga;29;5;1713.7254005281993
Blanqueta;29;5;0.0
Alón;29;5;0.0
Punta;29;5;0.0
Jamoncito;29;5;589.8455024809233
Medio Muslo;29;5;1726.7979038341607
Entero;30;5;296.3542681687101
Medio Pollo;30;5;686.7818082308792
Medio Pollo Superior;30;5;536.8643152759436
Medio Pollo Inferior;30;5;588.229307818286
Cuarto de Pollo Superior;30;5;767.5333266753254
Muslo Entero;30;5;740.5833013661152
Pechuga Completa;30;5;1422.4200946087703
Ala Completa;30;5;607.3618714353596
Media Pechuga;30;5;1244.4061450209913
Blanqueta;30;5;0.0
Alón;30;5;0.0
Punta;30;5;0.0
Jamoncito;30;5;884.0601333077514
Medio Muslo;30;5;1024.1940208143358
Entero;31;5;344.17384894459354
Medio Pollo;31;5;693.5090219593071
Medio Pollo Superior;31;5;691.4910222684308
Medio Pollo Inferior;31;5;616.2321439803773
Cuarto de Pollo Superior;31;5;782.8739496809736
Muslo Entero;31;5;1203.4743239439997
Pechuga Completa;31;5;1588.7470920874132
Ala Completa;31;5;680.0208885028393
Media Pechuga;31;5;2111.8609754454233
Blanqueta;31;5;0.0
Alón;31;5;0.0
Punta;31;5;0.0
Jamoncito;31;5;1159.878485534497
Medio Muslo;31;5;1351.7752839693967
Entero;32;5;480.4458408073215
Medio Pollo;32;5;439.93431517820346
Medio Pollo Superior;32;5;958.7544846067785
Medio Pollo Inferior;32;5;966.1528343177483
Cuarto de Pollo Superior;32;5;1395.0630453332622
Muslo Entero;32;5;655.559440799282
Pechuga Completa;32;5;922.3496821061352
Ala Completa;32;5;520.0688529650267
Media Pechuga;32;5;1158.0352095088501
Blanqueta;32;5;0.0
Alón;32;5;0.0
Punta;32;5;0.0
Jamoncito;32;5;576.1681370280938
Medio Muslo;32;5;1004.8550849147889
Entero;33;5;276.6678258944816
Medio Pollo;33;5;402.4351668260578
Medio Pollo Superior;33;5;708.4614376738857
Medio Pollo Inferior;33;5;708.796963540633
Cuarto de Pollo Superior;33;5;893.7310149701582
Muslo Entero;33;5;593.6765786701047
Pechuga Completa;33;5;1574.3445403919034
Ala Completa;33;5;549.1951727501407
Media Pechuga;33;5;1753.9399217152861
Blanqueta;33;5;0.0
Alón;33;5;0.0
Punta;33;5;0.0
Jamoncito;33;5;987.344395372358
Medio Muslo;33;5;1620.8956281332316
Entero;34;5;532.8139091983687
Medio Pollo;34;5;468.2581468484691
Medio Pollo Superior;34;5;698.6594138542196
Medio Pollo Inferior;34;5;644.2910234989354
Cuarto de Pollo Superior;34;5;1376.6548037685482
Muslo Entero;34;5;1022.7826962330194
Pechuga Completa;34;5;1859.0143018851995
Ala Completa;34;5;610.6996847113403
Media Pechuga;34;5;1198.9063371498073
Blanqueta;34;5;0.0
Alón;34;5;0.0
Punta;34;5;0.0
Jamoncito;34;5;984.0109170632783
Medio Muslo;34;5;1220.3500359054824
Entero;35;5;598.8035158279988
Medio Pollo;35;5;479.71457177886276
Medio Pollo Superior;35;5;640.194602218423
Medio Pollo Inferior;35;5;488.3732020409256
Cuarto de Pollo Superior;35;5;647.1134279832197
Muslo Entero;35;5;755.6998505050478
Pechuga Completa;35;5;1537.1572867551552
Ala Completa;35;5;373.1748238469915
Media Pechuga;35;5;1433.9463235546018
Blanqueta;35;5;0.0
Alón;35;5;0.0
Punta;35;5;0.0
Jamoncito;35;5;1042.8971416748554
Medio Muslo;35;5;1274.573934462569
Entero;36;5;403.098783048419
Medio Pollo;36;5;670.6478139144324
Medio Pollo Superior;36;5;763.9808515829661
Medio Pollo Inferior;36;5;897.1032008921818
Cuarto de Pollo Superior;36;5;1020.3102301447155
Muslo Entero;36;5;741.8322725599133
Pechuga Completa;36;5;1459.258064516129
Ala Completa;36;5;375.9466094887246
Media Pechuga;36;5;1755.9267997832878
Blanqueta;36;5;0.0
Alón;36;5;0.0
Punta;36;5;0.0
Jamoncito;36;5;1032.4188332937053
Medio Muslo;36;5;1775.7548621328692
Entero;37;5;628.9117440622354
Medio Pollo;37;5;639.643000790905
Medio Pollo Superior;37;5;920.7877947110088
Medio Pollo Inferior;37;5;440.4683402050036
Cuarto de Pollo Superior;37;5;1026.6054332996173
Muslo Entero;37;5;810.2623330711331
Pechuga Completa;37;5;1201.053702779025
Ala Completa;37;5;384.28547117310757
Media Pechuga;37;5;2220.840305178765
Blanqueta;37;5;0.0
Alón;37;5;0.0
Punta;37;5;0.0
Jamoncito;37;5;683.147461677232
Medio Muslo;37;5;1587.493235735543
Entero;38;5;616.551448044787
Medio Pollo;38;5;429.5297868870761
Medio Pollo Superior;38;5;662.5867409068098
Medio Pollo Inferior;38;5;530.9378924596499
Cuarto de Pollo Superior;38;5;810.1861052106501
Muslo Entero;38;5;614.8925662055284
Pechuga Completa;38;5;1376.8172649629105
Ala Completa;38;5;773.0441165229166
Media Pechuga;38;5;2386.4105213336493
Blanqueta;38;5;0.0
Alón;38;5;0.0
Punta;38;5;0.0
Jamoncito;38;5;661.4106614037815
Medio Muslo;38;5;1864.3953301256752
Entero;39;5;477.74616957600296
Medio Pollo;39;5;683.2591369270675
Medio Pollo Superior;39;5;487.9920994619149
Medio Pollo Inferior;39;5;675.9967464521333
Cuarto de Pollo Superior;39;5;677.9034458879244
Muslo Entero;39;5;1224.420462381781
Pechuga Completa;39;5;991.3453396377424
Ala Completa;39;5;391.40677233688643
Media Pechuga;39;5;2081.5601416850714
Blanqueta;39;5;0.0
Alón;39;5;0.0
Punta;39;5;0.0
Jamoncito;39;5;1056.4295839451274
Medio Muslo;39;5;1311.3958762676928
Entero;40;5;572.8607242363314
Medio Pollo;40;5;661.8339357916199
Medio Pollo Superior;40;5;1049.0775506269176
Medio Pollo Inferior;40;5;511.54114636707754
Cuarto de Pollo Superior;40;5;718.8398060892162
Muslo Entero;40;5;1193.3827703794632
Pechuga Completa;40;5;1813.4611119751607
Ala Completa;40;5;654.0853831921121
Media Pechuga;40;5;1893.7140592590738
Blanqueta;40;5;0.0
Alón;40;5;0.0
Punta;40;5;0.0
Jamoncito;40;5;873.8724927416204
Medio Muslo;40;5;1511.5352472049126
Entero;41;5;346.2447213273234
Medio Pollo;41;5;364.85375114657353
Medio Pollo Superior;41;5;701.1406757541897
Medio Pollo Inferior;41;5;750.8121878021755
Cuarto de Pollo Superior;41;5;708.1554168253218
Muslo Entero;41;5;1027.0359756911653
Pechuga Completa;41;5;1374.5806451612905
Ala Completa;41;5;653.4033474817139
Media Pechuga;41;5;2077.3564735723517
Blanqueta;41;5;0.0
Alón;41;5;0.0
Punta;41;5;0.0
Jamoncito;41;5;954.194717212272
Medio Muslo;41;5;1552.1007553739619
Entero;42;5;497.5308550946417
Medio Pollo;42;5;354.6817430945016
Medio Pollo Superior;42;5;674.4951824370255
Medio Pollo Inferior;42;5;838.7247434197652
Cuarto de Pollo Superior;42;5;1314.2948243682383
Muslo Entero;42;5;1148.0134897065623
Pechuga Completa;42;5;1317.483870967742
Ala Completa;42;5;483.80363705884673
Media Pechuga;42;5;1108.4812353736547
Blanqueta;42;5;0.0
Alón;42;5;0.0
Punta;42;5;0.0
Jamoncito;42;5;930.9587391162682
Medio Muslo;42;5;1966.9743548186057
Entero;43;5;422.0579918568896
Medio Pollo;43;5;400.71123801247694
Medio Pollo Superior;43;5;711.4715259096283
Medio Pollo Inferior;43;5;712.6547426686036
Cuarto de Pollo Superior;43;5;1261.4676121043967
Muslo Entero;43;5;808.6452550511888
Pechuga Completa;43;5;1701.169206656645
Ala Completa;43;5;432.4616927025497
Media Pechuga;43;5;1757.3925221436052
Blanqueta;43;5;0.0
Alón;43;5;0.0
Punta;43;5;0.0
Jamoncito;43;5;921.2406640082271
Medio Muslo;43;5;1976.7623699797155
Entero;44;5;419.18200696000764
Medio Pollo;44;5;641.4634875625541
Medio Pollo Superior;44;5;1041.849643781571
Medio Pollo Inferior;44;5;453.9341518784334
Cuarto de Pollo Superior;44;5;994.4321034274244
Muslo Entero;44;5;900.556252202563
Pechuga Completa;44;5;1017.7490088842954
Ala Completa;44;5;583.920331065492
Media Pechuga;44;5;1623.9900645659538
Blanqueta;44;5;0.0
Alón;44;5;0.0
Punta;44;5;0.0
Jamoncito;44;5;563.6108014670851
Medio Muslo;44;5;1348.0750362391059
Entero;45;5;356.5898363383055
Medio Pollo;45;5;441.6628113038733
Medio Pollo Superior;45;5;736.7007307621367
Medio Pollo Inferior;45;5;839.9173634970526
Cuarto de Pollo Superior;45;5;1173.414581735461
Muslo Entero;45;5;898.9170326708677
Pechuga Completa;45;5;1508.2405528744453
Ala Completa;45;5;700.4275857598278
Media Pechuga;45;5;1072.2888211058812
Blanqueta;45;5;0.0
Alón;45;5;0.0
Punta;45;5;0.0
Jamoncito;45;5;769.2402592286413
Medio Muslo;45;5;1213.3378986669925
Entero;46;5;343.64871531596225
Medio Pollo;46;5;651.8467999693725
Medio Pollo Superior;46;5;997.9923021431208
Medio Pollo Inferior;46;5;649.8569918494584
Cuarto de Pollo Superior;46;5;1077.8079114049656
Muslo Entero;46;5;1130.9377091739868
Pechuga Completa;46;5;1750.7847478164222
Ala Completa;46;5;854.0771570617726
Media Pechuga;46;5;1212.8223795868444
Blanqueta;46;5;0.0
Alón;46;5;0.0
Punta;46;5;0.0
Jamoncito;46;5;1009.202481809943
Medio Muslo;46;5;1225.9364965711138
Entero;47;5;394.46282239508497
Medio Pollo;47;5;401.8839121490738
Medio Pollo Superior;47;5;1104.5546669439939
Medio Pollo Inferior;47;5;617.750438352419
Cuarto de Pollo Superior;47;5;1038.516129032258
Muslo Entero;47;5;847.4781974467412
Pechuga Completa;47;5;1338.593388353323
Ala Completa;47;5;779.5254724552549
Media Pechuga;47;5;2190.433502610608
Blanqueta;47;5;0.0
Alón;47;5;0.0
Punta;47;5;0.0
Jamoncito;47;5;686.9152939950642
Medio Muslo;47;5;1359.268981338924
Entero;48;5;394.3102025897364
Medio Pollo;48;5;402.8221166455256
Medio Pollo Superior;48;5;934.8121470538938
Medio Pollo Inferior;48;5;781.5781916200193
Cuarto de Pollo Superior;48;5;685.483870967742
Muslo Entero;48;5;1102.032258064516
Pechuga Completa;48;5;1405.1405147697083
Ala Completa;48;5;600.2316030694626
Media Pechuga;48;5;2122.9266502452965
Blanqueta;48;5;0.0
Alón;48;5;0.0
Punta;48;5;0.0
Jamoncito;48;5;536.4992665808848
Medio Muslo;48;5;2059.488146832887
Entero;49;5;443.5300996524735
Medio Pollo;49;5;664.4536511705015
Medio Pollo Superior;49;5;169.2138311634028
Medio Pollo Inferior;49;5;580.2589427177303
Cuarto de Pollo Superior;49;5;621.0997675515572
Muslo Entero;49;5;756.483870967742
Pechuga Completa;49;5;1531.8435400569358
Ala Completa;49;5;519.137893705174
Media Pechuga;49;5;1627.2776125988353
Blanqueta;49;5;0.0
Alón;49;5;0.0
Punta;49;5;0.0
Jamoncito;49;5;941.319175886465
Medio Muslo;49;5;1526.0231132417048
Entero;50;5;512.2875998442871
Medio Pollo;50;5;590.9337855163333
Medio Pollo Superior;50;5;915.759565940323
Medio Pollo Inferior;50;5;683.638337551846
Cuarto de Pollo Superior;50;5;908.8701359390643
Muslo Entero;50;5;1011.4516129032259
Pechuga Completa;50;5;999.0363739363958
Ala Completa;50;5;837.683457819998
Media Pechuga;50;5;2232.6767917026787
Blanqueta;50;5;0.0
Alón;50;5;0.0
Punta;50;5;0.0
Jamoncito;50;5;745.4432283078582
Medio Muslo;50;5;905.1413641514105
Entero;51;5;351.9173421610068
Medio Pollo;51;5;547.1104591195278
Medio Pollo Superior;51;5;711.6597888983868
Medio Pollo Inferior;51;5;935.0473448752772
Cuarto de Pollo Superior;51;5;658.6637001224315
Muslo Entero;51;5;650.0891575465274
Pechuga Completa;51;5;1358.7098685558904
Ala Completa;51;5;500.46944254685343
Media Pechuga;51;5;1906.5278649388788
Blanqueta;51;5;0.0
Alón;51;5;0.0
Punta;51;5;0.0
Jamoncito;51;5;796.4351997874835
Medio Muslo;51;5;1251.3793753206487
Entero;52;5;419.3684282137081
Medio Pollo;52;5;466.5774196283153
Medio Pollo Superior;52;5;938.486006925986
Medio Pollo Inferior;52;5;517.4159624176123
Cuarto de Pollo Superior;52;5;974.2247320741545
Muslo Entero;52;5;857.4993457059279
Pechuga Completa;52;5;1581.6266330202602
Ala Completa;52;5;495.36096502372203
Media Pechuga;52;5;1254.890832439109
Blanqueta;52;5;0.0
Alón;52;5;0.0
Punta;52;5;0.0
Jamoncito;52;5;1127.888588719812
Medio Muslo;52;5;1433.5359058394658
Entero;53;5;445.05232535066614
Medio Pollo;53;5;762.1476646813531
Medio Pollo Superior;53;5;857.0962953227302
Medio Pollo Inferior;53;5;442.7743283910739
Cuarto de Pollo Superior;53;5;1014.6753839123614
Muslo Entero;53;5;546.4622709154181
Pechuga Completa;53;5;1008.1434394363343
Ala Completa;53;5;816.7383230575754
Media Pechuga;53;5;1811.8864493998312
Blanqueta;53;5;0.0
Alón;53;5;0.0
Punta;53;5;0.0
Jamoncito;53;5;579.4162095325498
Medio Muslo;53;5;1635.4129465589247
Entero;54;5;550.2962631444822
Medio Pollo;54;5;531.4145216166722
Medio Pollo Superior;54;5;1106.8954213708462
Medio Pollo Inferior;54;5;740.1528129570169
Cuarto de Pollo Superior;54;5;1104.8727821829282
Muslo Entero;54;5;748.1349747972882
Pechuga Completa;54;5;1875.517133436217
Ala Completa;54;5;404.6138956230643
Media Pechuga;54;5;1758.1172462128184
Blanqueta;54;5;0.0
Alón;54;5;0.0
Punta;54;5;0.0
Jamoncito;54;5;905.6742703885385
Medio Muslo;54;5;1692.1886739553647
Entero;55;5;401.9560234119952
Medio Pollo;55;5;439.2730564408054
Medio Pollo Superior;55;5;776.8441107222517
Medio Pollo Inferior;55;5;860.666578376089
Cuarto de Pollo Superior;55;5;1400.13230942358
Muslo Entero;55;5;679.6024753922727
Pechuga Completa;55;5;952.1369222417106
Ala Completa;55;5;639.1885953099919
Media Pechuga;55;5;1450.9367591873838
Blanqueta;55;5;0.0
Alón;55;5;0.0
Punta;55;5;0.0
Jamoncito;55;5;585.9323853667184
Medio Muslo;55;5;2063.1490356465024
Entero;56;5;418.9257747561252
Medio Pollo;56;5;399.10031259025226
Medio Pollo Superior;56;5;389.5168753356055
Medio Pollo Inferior;56;5;838.2538590308992
Cuarto de Pollo Superior;56;5;870.1610935548068
Muslo Entero;56;5;1030.489515393605
Pechuga Completa;56;5;1348.0948090415866
Ala Completa;56;5;600.3968633195691
Media Pechuga;56;5;1385.5974893836294
Blanqueta;56;5;0.0
Alón;56;5;0.0
Punta;56;5;0.0
Jamoncito;56;5;743.0313135946581
Medio Muslo;56;5;1310.828138620457
Entero;57;5;285.4212649571732
Medio Pollo;57;5;568.3317652797269
Medio Pollo Superior;57;5;1041.4836955631324
Medio Pollo Inferior;57;5;909.4709636948297
Cuarto de Pollo Superior;57;5;785.0419751448852
Muslo Entero;57;5;588.4479946129844
Pechuga Completa;57;5;1520.5931489034974
Ala Completa;57;5;908.1833012119198
Media Pechuga;57;5;1343.2988036858346
Blanqueta;57;5;0.0
Alón;57;5;0.0
Punta;57;5;0.0
Jamoncito;57;5;861.7922961030825
Medio Muslo;57;5;1736.2561598147422
Entero;58;5;324.0296364341548
Medio Pollo;58;5;445.7741427889768
Medio Pollo Superior;58;5;546.3092590224214
Medio Pollo Inferior;58;5;554.1608308461982
Cuarto de Pollo Superior;58;5;783.3593363280883
Muslo Entero;58;5;1057.0122747343098
Pechuga Completa;58;5;1138.2057770219478
Ala Completa;58;5;867.3577089254184
Media Pechuga;58;5;1227.0683569492924
Blanqueta;58;5;0.0
Alón;58;5;0.0
Punta;58;5;0.0
Jamoncito;58;5;580.4839207578501
Medio Muslo;58;5;1500.2365591397847
Entero;59;5;495.02055622776
Medio Pollo;59;5;605.7120381517192
Medio Pollo Superior;59;5;853.626400253156
Medio Pollo Inferior;59;5;863.5409265071049
Cuarto de Pollo Superior;59;5;1189.8146948365306
Muslo Entero;59;5;631.8139967289759
Pechuga Completa;59;5;1351.8905399055773
Ala Completa;59;5;766.6036458151016
Media Pechuga;59;5;2149.0322642639408
Blanqueta;59;5;0.0
Alón;59;5;0.0
Punta;59;5;0.0
Jamoncito;59;5;852.5201802110179
Medio Muslo;59;5;1112.4195558304987
Entero;60;5;573.1746167928402
Medio Pollo;60;5;562.3339370819524
Medio Pollo Superior;60;5;814.0
Medio Pollo Inferior;60;5;797.1358799900057
Cuarto de Pollo Superior;60;5;770.6571867972187
Muslo Entero;60;5;841.3336384772938
Pechuga Completa;60;5;1547.0072233790477
Ala Completa;60;5;608.6710005196977
Media Pechuga;60;5;1803.6139584997027
Blanqueta;60;5;0.0
Alón;60;5;0.0
Punta;60;5;0.0
Jamoncito;60;5;850.7428329323506
Medio Muslo;60;5;914.4001267900182
Entero;61;5;427.6347646215559
Medio Pollo;61;5;439.8509454700632
Medio Pollo Superior;61;5;814.0
Medio Pollo Inferior;61;5;468.37515855722125
Cuarto de Pollo Superior;61;5;1279.4865386980807
Muslo Entero;61;5;1068.4997689377847
Pechuga Completa;61;5;1601.6503805293348
Ala Completa;61;5;632.6581028004109
Media Pechuga;61;5;1443.4365843176706
Blanqueta;61;5;0.0
Alón;61;5;0.0
Punta;61;5;0.0
Jamoncito;61;5;538.379025318152
Medio Muslo;61;5;1990.017267876471
Entero;62;5;462.1764716714356
Medio Pollo;62;5;706.8209975628071
Medio Pollo Superior;62;5;814.0
Medio Pollo Inferior;62;5;540.4683871846471
Cuarto de Pollo Superior;62;5;1127.722453976128
Muslo Entero;62;5;571.3892328976111
Pechuga Completa;62;5;1113.070164730046
Ala Completa;62;5;440.5145059679761
Media Pechuga;62;5;1909.5218663206958
Blanqueta;62;5;-2.44553019810054e-10
Alón;62;5;-1.2005330063402653e-10
Punta;62;5;-3.5571348336007856e-11
Jamoncito;62;5;967.9589734855364
Medio Muslo;62;5;921.0552386041659
Entero;63;5;581.435199533612
Medio Pollo;63;5;483.94092663434907
Medio Pollo Superior;63;5;590.9660569459517
Medio Pollo Inferior;63;5;419.36573946414984
Cuarto de Pollo Superior;63;5;824.7285138311264
Muslo Entero;63;5;627.8455836156104
Pechuga Completa;63;5;1462.458989449338
Ala Completa;63;5;605.8633762604763
Media Pechuga;63;5;1177.011396366884
Blanqueta;63;5;0.0
Alón;63;5;0.0
Punta;63;5;0.0
Jamoncito;63;5;777.6458869568398
Medio Muslo;63;5;1675.1096592620968
Entero;64;5;283.8632762849895
Medio Pollo;64;5;568.0239063467383
Medio Pollo Superior;64;5;606.165213270919
Medio Pollo Inferior;64;5;620.3076721691087
Cuarto de Pollo Superior;64;5;723.6617310321433
Muslo Entero;64;5;772.9387414816782
Pechuga Completa;64;5;1930.610693874397
Ala Completa;64;5;859.1064835746033
Media Pechuga;64;5;1302.6086481934324
Blanqueta;64;5;0.0
Alón;64;5;0.0
Punta;64;5;0.0
Jamoncito;64;5;618.4160349477892
Medio Muslo;64;5;1863.5939498224323
Entero;65;5;658.1935231564171
Medio Pollo;65;5;463.7055533275985
Medio Pollo Superior;65;5;581.0326510606307
Medio Pollo Inferior;65;5;888.9542075411206
Cuarto de Pollo Superior;65;5;735.907932022939
Muslo Entero;65;5;859.6370459912714
Pechuga Completa;65;5;1873.5961243924194
Ala Completa;65;5;580.9131562670844
Media Pechuga;65;5;2189.140444446015
Blanqueta;65;5;0.0
Alón;65;5;0.0
Punta;65;5;0.0
Jamoncito;65;5;689.0816629707118
Medio Muslo;65;5;1523.5843237719953
Entero;66;5;593.8782483011481
Medio Pollo;66;5;719.2891369182669
Medio Pollo Superior;66;5;1070.3439801416373
Medio Pollo Inferior;66;5;699.8214832616734
Cuarto de Pollo Superior;66;5;1375.6863525444192
Muslo Entero;66;5;810.4771207394961
Pechuga Completa;66;5;1720.6792058310002
Ala Completa;66;5;559.6392807232
Media Pechuga;66;5;2070.927471041453
Blanqueta;66;5;0.0
Alón;66;5;9.192992010665794e-12
Punta;66;5;0.0
Jamoncito;66;5;620.4718386997273
Medio Muslo;66;5;1367.841383418665
Entero;67;5;375.7683386686216
Medio Pollo;67;5;643.5657434192746
Medio Pollo Superior;67;5;989.5835108912838
Medio Pollo Inferior;67;5;468.2725647383909
Cuarto de Pollo Superior;67;5;649.7999618029503
Muslo Entero;67;5;1194.5218076916947
Pechuga Completa;67;5;1555.2498400354868
Ala Completa;67;5;424.7533319795405
Media Pechuga;67;5;1766.741935483871
Blanqueta;67;5;0.0
Alón;67;5;0.0
Punta;67;5;0.0
Jamoncito;67;5;735.7801106842211
Medio Muslo;67;5;1127.0040573745387
Entero;68;5;535.4819201545866
Medio Pollo;68;5;684.196614067955
Medio Pollo Superior;68;5;498.4544903481391
Medio Pollo Inferior;68;5;523.7284473227668
Cuarto de Pollo Superior;68;5;776.0471457501077
Muslo Entero;68;5;1006.9788614082408
Pechuga Completa;68;5;916.1497904728456
Ala Completa;68;5;523.3998706351701
Media Pechuga;68;5;1147.4087176171784
Blanqueta;68;5;0.0
Alón;68;5;0.0
Punta;68;5;0.0
Jamoncito;68;5;995.5789680111005
Medio Muslo;68;5;1165.2376058931288
Entero;69;5;353.56261491344986
Medio Pollo;69;5;367.1156689366697
Medio Pollo Superior;69;5;1028.2842392753614
Medio Pollo Inferior;69;5;502.562449489482
Cuarto de Pollo Superior;69;5;782.8962813719708
Muslo Entero;69;5;925.5427731424538
Pechuga Completa;69;5;1193.6326275561837
Ala Completa;69;5;592.9575573743381
Media Pechuga;69;5;1490.7771972678026
Blanqueta;69;5;0.0
Alón;69;5;0.0
Punta;69;5;0.0
Jamoncito;69;5;878.7974359069841
Medio Muslo;69;5;1949.00268538289
Entero;70;5;579.2276820997205
Medio Pollo;70;5;438.0874780483846
Medio Pollo Superior;70;5;875.9040097881275
Medio Pollo Inferior;70;5;921.2711727424252
Cuarto de Pollo Superior;70;5;1251.3612694752258
Muslo Entero;70;5;606.4555494404024
Pechuga Completa;70;5;1295.7096774193549
Ala Completa;70;5;531.1352150028757
Media Pechuga;70;5;1490.5532206156063
Blanqueta;70;5;0.0
Alón;70;5;0.0
Punta;70;5;0.0
Jamoncito;70;5;911.1571550567743
Medio Muslo;70;5;1687.9276943601947
Entero;71;5;505.89034641786515
Medio Pollo;71;5;409.9308375775838
Medio Pollo Superior;71;5;746.884810351681
Medio Pollo Inferior;71;5;539.5307233940443
Cuarto de Pollo Superior;71;5;1195.1709114614587
Muslo Entero;71;5;602.0357421846132
Pechuga Completa;71;5;1141.0854813516555
Ala Completa;71;5;470.2640348562683
Media Pechuga;71;5;2307.1879379842744
Blanqueta;71;5;0.0
Alón;71;5;0.0
Punta;71;5;0.0
Jamoncito;71;5;799.068056139191
Medio Muslo;71;5;1143.4172954164335
Entero;72;5;310.0406583543711
Medio Pollo;72;5;675.8191605192311
Medio Pollo Superior;72;5;952.0584572811075
Medio Pollo Inferior;72;5;895.2942881923273
Cuarto de Pollo Superior;72;5;1099.6482525844885
Muslo Entero;72;5;679.574139877329
Pechuga Completa;72;5;1549.0579892163314
Ala Completa;72;5;730.9637135867341
Media Pechuga;72;5;1638.0067768049842
Blanqueta;72;5;0.0
Alón;72;5;0.0
Punta;72;5;0.0
Jamoncito;72;5;751.1270994433021
Medio Muslo;72;5;1897.7447637607072
Entero;73;5;305.55122730217624
Medio Pollo;73;5;562.7582990846523
Medio Pollo Superior;73;5;644.7509277450134
Medio Pollo Inferior;73;5;924.949062636171
Cuarto de Pollo Superior;73;5;747.4272915735768
Muslo Entero;73;5;854.6312244490614
Pechuga Completa;73;5;966.145508094403
Ala Completa;73;5;861.2985664881675
Media Pechuga;73;5;1159.418576198318
Blanqueta;73;5;0.0
Alón;73;5;0.0
Punta;73;5;0.0
Jamoncito;73;5;804.69018561131
Medio Muslo;73;5;972.9856529659136
Entero;74;5;608.5999779693714
Medio Pollo;74;5;691.4198308252749
Medio Pollo Superior;74;5;505.2534306009511
Medio Pollo Inferior;74;5;584.6543651283499
Cuarto de Pollo Superior;74;5;965.9619037109843
Muslo Entero;74;5;662.940033746169
Pechuga Completa;74;5;1757.3561826279333
Ala Completa;74;5;429.65086049134385
Media Pechuga;74;5;1619.535919327163
Blanqueta;74;5;0.0
Alón;74;5;0.0
Punta;74;5;0.0
Jamoncito;74;5;875.1129713650728
Medio Muslo;74;5;1821.136993072215
Entero;75;5;650.3051619273912
Medio Pollo;75;5;535.5115086890362
Medio Pollo Superior;75;5;519.6344657819316
Medio Pollo Inferior;75;5;604.5562215429943
Cuarto de Pollo Superior;75;5;1353.7332418610981
Muslo Entero;75;5;721.079241608547
Pechuga Completa;75;5;1663.1074885702187
Ala Completa;75;5;844.4945134370911
Media Pechuga;75;5;1372.8688732451435
Blanqueta;75;5;0.0
Alón;75;5;0.0
Punta;75;5;0.0
Jamoncito;75;5;846.2984921078597
Medio Muslo;75;5;1464.1507507143683
Entero;76;5;466.76551831003286
Medio Pollo;76;5;616.3887834845398
Medio Pollo Superior;76;5;981.8473777617345
Medio Pollo Inferior;76;5;689.0367494750965
Cuarto de Pollo Superior;76;5;845.1775628259409
Muslo Entero;76;5;710.1080211213035
Pechuga Completa;76;5;1200.061875126003
Ala Completa;76;5;662.5150984921861
Media Pechuga;76;5;1417.9733916548685
Blanqueta;76;5;0.0
Alón;76;5;0.0
Punta;76;5;0.0
Jamoncito;76;5;541.8635409646924
Medio Muslo;76;5;1606.5373948715508
Entero;77;5;479.0
Medio Pollo;77;5;596.5120040524151
Medio Pollo Superior;77;5;564.6922811209904
Medio Pollo Inferior;77;5;539.9170363781262
Cuarto de Pollo Superior;77;5;972.0536119418409
Muslo Entero;77;5;1148.540056581047
Pechuga Completa;77;5;1171.19282170878
Ala Completa;77;5;506.98120271995623
Media Pechuga;77;5;1927.359774140225
Blanqueta;77;5;0.0
Alón;77;5;0.0
Punta;77;5;0.0
Jamoncito;77;5;908.3384375444518
Medio Muslo;77;5;1108.8534432328117
Entero;78;5;529.5964883309032
Medio Pollo;78;5;752.8079834769853
Medio Pollo Superior;78;5;929.497694942446
Medio Pollo Inferior;78;5;916.0780781629347
Cuarto de Pollo Superior;78;5;1353.6051919748606
Muslo Entero;78;5;1129.6747086104972
Pechuga Completa;78;5;1592.5355446869878
Ala Completa;78;5;849.3974993318383
Media Pechuga;78;5;1824.582816121835
Blanqueta;78;5;0.0
Alón;78;5;0.0
Punta;78;5;0.0
Jamoncito;78;5;913.2492160896915
Medio Muslo;78;5;1892.1510835854624
Entero;79;5;357.73120090369457
Medio Pollo;79;5;751.7827193732666
Medio Pollo Superior;79;5;1091.4948011195625
Medio Pollo Inferior;79;5;767.6801182756843
Cuarto de Pollo Superior;79;5;840.9866033301429
Muslo Entero;79;5;1250.790205201609
Pechuga Completa;79;5;874.1001661906331
Ala Completa;79;5;829.3082032825657
Media Pechuga;79;5;1958.4365134278667
Blanqueta;79;5;0.0
Alón;79;5;0.0
Punta;79;5;0.0
Jamoncito;79;5;1068.6946511508227
Medio Muslo;79;5;1792.0047490565503
Entero;80;5;354.97001632557505
Medio Pollo;80;5;459.20292096592067
Medio Pollo Superior;80;5;496.396490512939
Medio Pollo Inferior;80;5;962.8522841245291
Cuarto de Pollo Superior;80;5;1065.3059153200377
Muslo Entero;80;5;1178.9872095757446
Pechuga Completa;80;5;899.0350832734605
Ala Completa;80;5;708.1411904098815
Media Pechuga;80;5;1385.5384296512666
Blanqueta;80;5;0.0
Alón;80;5;0.0
Punta;80;5;0.0
Jamoncito;80;5;1226.9105151371534
Medio Muslo;80;5;1664.6505607596278
Entero;81;5;595.0662150647725
Medio Pollo;81;5;658.2367327891923
Medio Pollo Superior;81;5;831.9074611648891
Medio Pollo Inferior;81;5;566.4091242533251
Cuarto de Pollo Superior;81;5;841.8591254488742
Muslo Entero;81;5;703.8532178039922
Pechuga Completa;81;5;1574.44742744341
Ala Completa;81;5;847.9253717712159
Media Pechuga;81;5;1232.023238480778
Blanqueta;81;5;0.0
Alón;81;5;0.0
Punta;81;5;0.0
Jamoncito;81;5;824.6307222293501
Medio Muslo;81;5;1486.2812910589823
Entero;82;5;583.5905889467022
Medio Pollo;82;5;386.88843617492034
Medio Pollo Superior;82;5;871.0063521341184
Medio Pollo Inferior;82;5;543.3506318452849
Cuarto de Pollo Superior;82;5;1339.2321996911935
Muslo Entero;82;5;781.5120739284297
Pechuga Completa;82;5;1352.067296037778
Ala Completa;82;5;504.50757610433664
Media Pechuga;82;5;2239.968516020123
Blanqueta;82;5;0.0
Alón;82;5;0.0
Punta;82;5;0.0
Jamoncito;82;5;820.651785090757
Medio Muslo;82;5;1466.0967741935483
Entero;83;5;378.77087284399136
Medio Pollo;83;5;653.0704233989137
Medio Pollo Superior;83;5;614.6236727036498
Medio Pollo Inferior;83;5;779.8505062171192
Cuarto de Pollo Superior;83;5;1139.5357850825953
Muslo Entero;83;5;1164.548357232343
Pechuga Completa;83;5;944.0149121775011
Ala Completa;83;5;445.9327199410174
Media Pechuga;83;5;2255.372140001217
Blanqueta;83;5;0.0
Alón;83;5;0.0
Punta;83;5;0.0
Jamoncito;83;5;825.7854554328321
Medio Muslo;83;5;1526.3118279569892
Entero;84;5;554.2746175843613
Medio Pollo;84;5;637.3362317835367
Medio Pollo Superior;84;5;816.6330777678371
Medio Pollo Inferior;84;5;463.20435645906184
Cuarto de Pollo Superior;84;5;782.0213264063933
Muslo Entero;84;5;739.5350594589074
Pechuga Completa;84;5;1207.6385685853177
Ala Completa;84;5;791.2494243726183
Media Pechuga;84;5;2040.7333966731462
Blanqueta;84;5;0.0
Alón;84;5;0.0
Punta;84;5;0.0
Jamoncito;84;5;1001.893947602826
Medio Muslo;84;5;1526.3118279569892
Entero;85;5;467.0
Medio Pollo;85;5;581.1876631272386
Medio Pollo Superior;85;5;599.9286269735564
Medio Pollo Inferior;85;5;779.6245472689911
Cuarto de Pollo Superior;85;5;1053.8274163931146
Muslo Entero;85;5;543.9102367624765
Pechuga Completa;85;5;1795.6847042732093
Ala Completa;85;5;364.7779949013206
Media Pechuga;85;5;2202.476258581815
Blanqueta;85;5;0.0
Alón;85;5;0.0
Punta;85;5;0.0
Jamoncito;85;5;1050.0121274864014
Medio Muslo;85;5;1099.9577021590983
Entero;86;5;599.6024509803615
Medio Pollo;86;5;581.0
Medio Pollo Superior;86;5;745.311547949745
Medio Pollo Inferior;86;5;528.8185959354106
Cuarto de Pollo Superior;86;5;1354.0758339047165
Muslo Entero;86;5;1162.786626239254
Pechuga Completa;86;5;999.1729453134604
Ala Completa;86;5;794.6933185406813
Media Pechuga;86;5;1092.1412294329775
Blanqueta;86;5;0.0
Alón;86;5;0.0
Punta;86;5;0.0
Jamoncito;86;5;901.4519785601225
Medio Muslo;86;5;1171.2884834533918
Entero;87;5;399.500265743513
Medio Pollo;87;5;581.6745198236774
Medio Pollo Superior;87;5;592.3940865993197
Medio Pollo Inferior;87;5;897.1279924332282
Cuarto de Pollo Superior;87;5;652.6099376504872
Muslo Entero;87;5;812.2052932768061
Pechuga Completa;87;5;1695.0121386214998
Ala Completa;87;5;562.7036510327755
Media Pechuga;87;5;2069.973968758382
Blanqueta;87;5;0.0
Alón;87;5;0.0
Punta;87;5;0.0
Jamoncito;87;5;867.8973952799579
Medio Muslo;87;5;1826.1432655755123
Entero;88;5;354.94063025776154
Medio Pollo;88;5;622.4837025460437
Medio Pollo Superior;88;5;836.4716133740861
Medio Pollo Inferior;88;5;473.7970318537351
Cuarto de Pollo Superior;88;5;936.7237880720882
Muslo Entero;88;5;549.3165920157534
Pechuga Completa;88;5;1281.2193505723858
Ala Completa;88;5;662.3475360298576
Media Pechuga;88;5;1191.6982109866071
Blanqueta;88;5;0.0
Alón;88;5;0.0
Punta;88;5;0.0
Jamoncito;88;5;801.5853710634749
Medio Muslo;88;5;1173.2271336575677
Entero;89;5;345.78680531010644
Medio Pollo;89;5;412.56578711943496
Medio Pollo Superior;89;5;587.011670437825
Medio Pollo Inferior;89;5;961.7832986048443
Cuarto de Pollo Superior;89;5;734.8476896487088
Muslo Entero;89;5;615.9473635755047
Pechuga Completa;89;5;960.9144503660708
Ala Completa;89;5;474.83451150278034
Media Pechuga;89;5;2206.826236373762
Blanqueta;89;5;0.0
Alón;89;5;0.0
Punta;89;5;0.0
Jamoncito;89;5;610.9058327488722
Medio Muslo;89;5;1585.9511633011205
Entero;90;5;564.4559269002667
Medio Pollo;90;5;707.275990510844
Medio Pollo Superior;90;5;604.066336780752
Medio Pollo Inferior;90;5;667.6229655873941
Cuarto de Pollo Superior;90;5;1231.609654619796
Muslo Entero;90;5;1162.3848996017844
Pechuga Completa;90;5;1885.5042928504145
Ala Completa;90;5;420.59968443120573
Media Pechuga;90;5;1614.1731753191707
Blanqueta;90;5;0.0
Alón;90;5;0.0
Punta;90;5;0.0
Jamoncito;90;5;631.1876998002793
Medio Muslo;90;5;1256.7208849835129
Entero;91;5;322.9698381586519
Medio Pollo;91;5;721.6769247297881
Medio Pollo Superior;91;5;633.5304354140549
Medio Pollo Inferior;91;5;926.2105924991304
Cuarto de Pollo Superior;91;5;963.2701022109096
Muslo Entero;91;5;1090.5997916095323
Pechuga Completa;91;5;1482.0006116222246
Ala Completa;91;5;417.8964974528168
Media Pechuga;91;5;1643.925810513678
Blanqueta;91;5;0.0
Alón;91;5;0.0
Punta;91;5;0.0
Jamoncito;91;5;957.0717281962567
Medio Muslo;91;5;1277.6611749156186
Entero;92;5;617.7983123124558
Medio Pollo;92;5;452.5757490623565
Medio Pollo Superior;92;5;946.6151473257419
Medio Pollo Inferior;92;5;599.4863717404253
Cuarto de Pollo Superior;92;5;644.3130194906822
Muslo Entero;92;5;1023.8608657635814
Pechuga Completa;92;5;966.2341735625625
Ala Completa;92;5;707.9398420877362
Media Pechuga;92;5;2159.6072044805273
Blanqueta;92;5;0.0
Alón;92;5;0.0
Punta;92;5;0.0
Jamoncito;92;5;1078.2006557724767
Medio Muslo;92;5;1456.851919151489
Entero;93;5;467.2165891644418
Medio Pollo;93;5;348.70336237953956
Medio Pollo Superior;93;5;619.6386389616086
Medio Pollo Inferior;93;5;440.8980029414624
Cuarto de Pollo Superior;93;5;704.1320660412772
Muslo Entero;93;5;992.2725260020666
Pechuga Completa;93;5;895.8827714924148
Ala Completa;93;5;469.9396706137904
Media Pechuga;93;5;1199.1467985915663
Blanqueta;93;5;0.0
Alón;93;5;0.0
Punta;93;5;0.0
Jamoncito;93;5;1215.2111989513594
Medio Muslo;93;5;2052.7176564254455
Entero;94;5;526.7291811724413
Medio Pollo;94;5;727.8785042685471
Medio Pollo Superior;94;5;531.3740007212076
Medio Pollo Inferior;94;5;931.1380657175348
Cuarto de Pollo Superior;94;5;1121.2696641445395
Muslo Entero;94;5;707.9645528958134
Pechuga Completa;94;5;1388.5676746880051
Ala Completa;94;5;737.1337797746947
Media Pechuga;94;5;2250.4151763617206
Blanqueta;94;5;0.0
Alón;94;5;0.0
Punta;94;5;0.0
Jamoncito;94;5;971.0880482090922
Medio Muslo;94;5;1101.1577136322258
Entero;95;5;466.0
Medio Pollo;95;5;573.9837434432857
Medio Pollo Superior;95;5;845.3948969956003
Medio Pollo Inferior;95;5;777.7709783974354
Cuarto de Pollo Superior;95;5;1314.9550643719267
Muslo Entero;95;5;608.8183194935897
Pechuga Completa;95;5;1418.9521897824184
Ala Completa;95;5;427.45247530432346
Media Pechuga;95;5;1352.9308349071896
Blanqueta;95;5;0.0
Alón;95;5;0.0
Punta;95;5;0.0
Jamoncito;95;5;1193.2895223105115
Medio Muslo;95;5;1525.6418826893685
Entero;96;5;300.85112366279697
Medio Pollo;96;5;532.196853597832
Medio Pollo Superior;96;5;1052.1354106815845
Medio Pollo Inferior;96;5;648.9339694983137
Cuarto de Pollo Superior;96;5;1149.0503661765194
Muslo Entero;96;5;1030.0444579102543
Pechuga Completa;96;5;984.0628235844208
Ala Completa;96;5;661.8653281888274
Media Pechuga;96;5;1186.1061640732403
Blanqueta;96;5;0.0
Alón;96;5;0.0
Punta;96;5;0.0
Jamoncito;96;5;1106.7961449820518
Medio Muslo;96;5;1057.5648797043682
Entero;97;5;499.4755915300412
Medio Pollo;97;5;781.859679725299
Medio Pollo Superior;97;5;685.8493514864778
Medio Pollo Inferior;97;5;957.8533738375182
Cuarto de Pollo Superior;97;5;1289.7711237033209
Muslo Entero;97;5;721.4876881072305
Pechuga Completa;97;5;1097.5708549219605
Ala Completa;97;5;458.2376772258263
Media Pechuga;97;5;1606.8848048212851
Blanqueta;97;5;0.0
Alón;97;5;0.0
Punta;97;5;0.0
Jamoncito;97;5;1078.7174151118325
Medio Muslo;97;5;1200.6034127485036
Entero;98;5;600.6732848071618
Medio Pollo;98;5;598.144586170553
Medio Pollo Superior;98;5;965.8076001832881
Medio Pollo Inferior;98;5;759.9837743901442
Cuarto de Pollo Superior;98;5;1104.7709853350466
Muslo Entero;98;5;1085.8585209234427
Pechuga Completa;98;5;1159.8808055085794
Ala Completa;98;5;636.879434318827
Media Pechuga;98;5;1651.9946579860182
Blanqueta;98;5;0.0
Alón;98;5;0.0
Punta;98;5;0.0
Jamoncito;98;5;859.6110184989093
Medio Muslo;98;5;1316.7055176756373
Entero;99;5;467.0
Medio Pollo;99;5;491.980596622799
Medio Pollo Superior;99;5;772.9685343762018
Medio Pollo Inferior;99;5;588.4863513466238
Cuarto de Pollo Superior;99;5;735.3290390505714
Muslo Entero;99;5;704.4652435311862
Pechuga Completa;99;5;1795.8290001563194
Ala Completa;99;5;408.04616448225505
Media Pechuga;99;5;1713.3939222452586
Blanqueta;99;5;0.0
Alón;99;5;0.0
Punta;99;5;0.0
Jamoncito;99;5;1007.5591397849462
Medio Muslo;99;5;957.4795327219225
Entero;100;5;467.0
Medio Pollo;100;5;673.4792615122627
Medio Pollo Superior;100;5;472.919751193347
Medio Pollo Inferior;100;5;729.3548387096774
Cuarto de Pollo Superior;100;5;1145.0559422464316
Muslo Entero;100;5;1200.0103322104717
Pechuga Completa;100;5;1649.7618454716987
Ala Completa;100;5;740.8175431207407
Media Pechuga;100;5;1405.3350752646847
Blanqueta;100;5;0.0
Alón;100;5;0.0
Punta;100;5;0.0
Jamoncito;100;5;689.0215053763441
Medio Muslo;100;5;1343.3834667070541
Entero;101;5;304.01540700200667
Medio Pollo;101;5;547.9992014047925
Medio Pollo Superior;101;5;803.1414977129912
Medio Pollo Inferior;101;5;729.3548387096774
Cuarto de Pollo Superior;101;5;659.0188022859604
Muslo Entero;101;5;1155.6724132147751
Pechuga Completa;101;5;954.9487132217108
Ala Completa;101;5;709.7925801512306
Media Pechuga;101;5;1582.5927704994047
Blanqueta;101;5;0.0
Alón;101;5;0.0
Punta;101;5;0.0
Jamoncito;101;5;661.7893737683218
Medio Muslo;101;5;1311.931950444853
Entero;102;5;516.2643824413054
Medio Pollo;102;5;688.5717570904397
Medio Pollo Superior;102;5;691.2383737128362
Medio Pollo Inferior;102;5;729.3548387096774
Cuarto de Pollo Superior;102;5;618.6316576062542
Muslo Entero;102;5;891.0527849971327
Pechuga Completa;102;5;963.2181431370931
Ala Completa;102;5;578.7433766067485
Media Pechuga;102;5;2008.2158469734636
Blanqueta;102;5;0.0
Alón;102;5;0.0
Punta;102;5;0.0
Jamoncito;102;5;745.3253401964914
Medio Muslo;102;5;1526.7663044832595
Entero;103;5;374.3462441391369
Medio Pollo;103;5;686.0702034607683
Medio Pollo Superior;103;5;960.3760614512207
Medio Pollo Inferior;103;5;729.3548387096774
Cuarto de Pollo Superior;103;5;1129.3271579702114
Muslo Entero;103;5;870.0692019912044
Pechuga Completa;103;5;1176.3099269272268
Ala Completa;103;5;635.450847294288
Media Pechuga;103;5;1936.4331593770241
Blanqueta;103;5;0.0
Alón;103;5;0.0
Punta;103;5;0.0
Jamoncito;103;5;632.0442965265374
Medio Muslo;103;5;2020.279393997332
Entero;104;5;303.1427542741207
Medio Pollo;104;5;308.8795765317366
Medio Pollo Superior;104;5;511.612935740278
Medio Pollo Inferior;104;5;648.41209869385
Cuarto de Pollo Superior;104;5;1395.1761374455466
Muslo Entero;104;5;1036.0773538905048
Pechuga Completa;104;5;1642.8077077371172
Ala Completa;104;5;608.1515320473321
Media Pechuga;104;5;2080.3373238032304
Blanqueta;104;5;0.0
Alón;104;5;0.0
Punta;104;5;0.0
Jamoncito;104;5;561.4897361462893
Medio Muslo;104;5;1774.7243614329025
Entero;105;5;342.80036600377616
Medio Pollo;105;5;581.5
Medio Pollo Superior;105;5;784.6528348124467
Medio Pollo Inferior;105;5;583.6699410218293
Cuarto de Pollo Superior;105;5;983.0656417739468
Muslo Entero;105;5;878.6346791727123
Pechuga Completa;105;5;1893.382165786895
Ala Completa;105;5;407.84168970289954
Media Pechuga;105;5;1075.7456662071447
Blanqueta;105;5;0.0
Alón;105;5;0.0
Punta;105;5;0.0
Jamoncito;105;5;723.4139975100707
Medio Muslo;105;5;1589.7684621261315
Entero;106;5;573.0716382947272
Medio Pollo;106;5;426.98531384129217
Medio Pollo Superior;106;5;494.552633310732
Medio Pollo Inferior;106;5;467.07975274359717
Cuarto de Pollo Superior;106;5;1176.5464502072484
Muslo Entero;106;5;907.0102131457487
Pechuga Completa;106;5;1948.025104351142
Ala Completa;106;5;516.7449081976324
Media Pechuga;106;5;1449.617068407837
Blanqueta;106;5;-3.915159937264721e-10
Alón;106;5;-1.9219876055663178e-10
Punta;106;5;-5.694778090566867e-11
Jamoncito;106;5;526.8185231529484
Medio Muslo;106;5;1545.247846651478
Entero;107;5;508.38821884275467
Medio Pollo;107;5;760.0184459286714
Medio Pollo Superior;107;5;980.3935671041346
Medio Pollo Inferior;107;5;829.7761371630851
Cuarto de Pollo Superior;107;5;1304.0262638041625
Muslo Entero;107;5;1086.3059628261599
Pechuga Completa;107;5;1010.9746401392746
Ala Completa;107;5;823.1717834043493
Media Pechuga;107;5;2206.2488072946157
Blanqueta;107;5;0.0
Alón;107;5;0.0
Punta;107;5;0.0
Jamoncito;107;5;705.3619043187737
Medio Muslo;107;5;1374.5984538154553
Entero;108;5;516.8541363377833
Medio Pollo;108;5;350.2048328206189
Medio Pollo Superior;108;5;1071.7072072318203
Medio Pollo Inferior;108;5;735.8493185247034
Cuarto de Pollo Superior;108;5;1246.1641275065763
Muslo Entero;108;5;896.7718724140842
Pechuga Completa;108;5;1434.8504425177093
Ala Completa;108;5;841.4865195382346
Media Pechuga;108;5;1372.8035022112406
Blanqueta;108;5;0.0
Alón;108;5;0.0
Punta;108;5;0.0
Jamoncito;108;5;681.9104436120914
Medio Muslo;108;5;1016.4499704027329
Entero;109;5;608.640036575999
Medio Pollo;109;5;752.5294899127709
Medio Pollo Superior;109;5;1032.8584498423002
Medio Pollo Inferior;109;5;721.6157383612813
Cuarto de Pollo Superior;109;5;491.0354151408744
Muslo Entero;109;5;651.9719161565085
Pechuga Completa;109;5;1177.051928835644
Ala Completa;109;5;688.1891773145626
Media Pechuga;109;5;1577.5797277398349
Blanqueta;109;5;0.0
Alón;109;5;0.0
Punta;109;5;0.0
Jamoncito;109;5;631.4142545737297
Medio Muslo;109;5;1303.2619573622512
Entero;110;5;393.86354744187844
Medio Pollo;110;5;588.9167854451226
Medio Pollo Superior;110;5;571.3430143352989
Medio Pollo Inferior;110;5;887.5970134916537
Cuarto de Pollo Superior;110;5;764.1218000440991
Muslo Entero;110;5;774.2198762791928
Pechuga Completa;110;5;1723.0117549089957
Ala Completa;110;5;543.9753245247126
Media Pechuga;110;5;2377.4864870510937
Blanqueta;110;5;0.0
Alón;110;5;0.0
Punta;110;5;0.0
Jamoncito;110;5;939.9656837065852
Medio Muslo;110;5;1610.0881014813292
Entero;111;5;489.9994890495731
Medio Pollo;111;5;562.0423756358085
Medio Pollo Superior;111;5;884.7480844517554
Medio Pollo Inferior;111;5;687.7282851087081
Cuarto de Pollo Superior;111;5;772.7501375818874
Muslo Entero;111;5;747.8524172350598
Pechuga Completa;111;5;1672.7095913360001
Ala Completa;111;5;822.1168741636853
Media Pechuga;111;5;1241.0687245410693
Blanqueta;111;5;0.0
Alón;111;5;0.0
Punta;111;5;0.0
Jamoncito;111;5;591.8643388963443
Medio Muslo;111;5;1167.6493708415494
Entero;112;5;260.6137796046577
Medio Pollo;112;5;565.9197095164571
Medio Pollo Superior;112;5;492.8232285349448
Medio Pollo Inferior;112;5;591.3760941179938
Cuarto de Pollo Superior;112;5;736.1951354184598
Muslo Entero;112;5;1007.1867129017581
Pechuga Completa;112;5;1572.8947677451338
Ala Completa;112;5;799.7952760984386
Media Pechuga;112;5;1151.1353571698114
Blanqueta;112;5;0.0
Alón;112;5;0.0
Punta;112;5;0.0
Jamoncito;112;5;748.3121417637531
Medio Muslo;112;5;1964.623815826286
Entero;113;5;405.9328505597088
Medio Pollo;113;5;654.2855889086765
Medio Pollo Superior;113;5;989.338883520283
Medio Pollo Inferior;113;5;819.8823671055056
Cuarto de Pollo Superior;113;5;1044.8058462543506
Muslo Entero;113;5;1002.8065222637576
Pechuga Completa;113;5;1125.549537250972
Ala Completa;113;5;386.11270573973263
Media Pechuga;113;5;1353.5497894422765
Blanqueta;113;5;0.0
Alón;113;5;0.0
Punta;113;5;0.0
Jamoncito;113;5;769.5934892733787
Medio Muslo;113;5;1537.3154243309007
Entero;114;5;552.0671494402912
Medio Pollo;114;5;696.7330038556206
Medio Pollo Superior;114;5;1021.6208314558262
Medio Pollo Inferior;114;5;814.2390601194054
Cuarto de Pollo Superior;114;5;664.1757967052832
Muslo Entero;114;5;1104.08067999445
Pechuga Completa;114;5;858.9770628510639
Ala Completa;114;5;770.2989389940057
Media Pechuga;114;5;1681.4958389257517
Blanqueta;114;5;0.0
Alón;114;5;0.0
Punta;114;5;0.0
Jamoncito;114;5;849.0714404519882
Medio Muslo;114;5;1894.9500143429818
Entero;115;5;425.6288331011158
Medio Pollo;115;5;776.0146184339549
Medio Pollo Superior;115;5;1097.7892286207507
Medio Pollo Inferior;115;5;898.939006388047
Cuarto de Pollo Superior;115;5;856.8402087031222
Muslo Entero;115;5;1039.983268282862
Pechuga Completa;115;5;1569.4487419397267
Ala Completa;115;5;566.4970880405903
Media Pechuga;115;5;2338.483603495874
Blanqueta;115;5;0.0
Alón;115;5;0.0
Punta;115;5;0.0
Jamoncito;115;5;985.2604136400345
Medio Muslo;115;5;1294.6821496004757
Entero;116;5;360.9454861056983
Medio Pollo;116;5;740.610120874862
Medio Pollo Superior;116;5;494.64748535192416
Medio Pollo Inferior;116;5;850.7150353438243
Cuarto de Pollo Superior;116;5;976.8265503924767
Muslo Entero;116;5;1252.0378966976164
Pechuga Completa;116;5;1451.8996466033702
Ala Completa;116;5;800.7205186472513
Media Pechuga;116;5;1568.7487709000086
Blanqueta;116;5;0.0
Alón;116;5;0.0
Punta;116;5;0.0
Jamoncito;116;5;700.9341228495508
Medio Muslo;116;5;1036.6589630012759
Entero;117;5;300.9905751486117
Medio Pollo;117;5;421.5813194665395
Medio Pollo Superior;117;5;830.2580645161291
Medio Pollo Inferior;117;5;435.4749905261932
Cuarto de Pollo Superior;117;5;858.4870038574384
Muslo Entero;117;5;1254.0938862798887
Pechuga Completa;117;5;982.046765303005
Ala Completa;117;5;437.49909939813546
Media Pechuga;117;5;2248.654977725019
Blanqueta;117;5;0.0
Alón;117;5;0.0
Punta;117;5;0.0
Jamoncito;117;5;908.0460689299996
Medio Muslo;117;5;1933.169878535848
Entero;118;5;502.7063902868323
Medio Pollo;118;5;472.1829352769208
Medio Pollo Superior;118;5;753.5741318224445
Medio Pollo Inferior;118;5;620.4039901397442
Cuarto de Pollo Superior;118;5;701.9833292131685
Muslo Entero;118;5;836.2898693675367
Pechuga Completa;118;5;994.1105462280609
Ala Completa;118;5;782.7038164552073
Media Pechuga;118;5;2223.019447574095
Blanqueta;118;5;0.0
Alón;118;5;0.0
Punta;118;5;0.0
Jamoncito;118;5;804.7497504251915
Medio Muslo;118;5;1430.840551307774
Entero;119;5;626.8563880076457
Medio Pollo;119;5;526.9754600760634
Medio Pollo Superior;119;5;701.049998409648
Medio Pollo Inferior;119;5;474.72569663636625
Cuarto de Pollo Superior;119;5;1182.95617773207
Muslo Entero;119;5;768.2258064516129
Pechuga Completa;119;5;1072.581918453686
Ala Completa;119;5;611.2682959101047
Media Pechuga;119;5;1525.9190339799593
Blanqueta;119;5;0.0
Alón;119;5;0.0
Punta;119;5;0.0
Jamoncito;119;5;707.3204211341023
Medio Muslo;119;5;1532.4089372500516
Entero;120;5;435.1615852922117
Medio Pollo;120;5;773.9062428761824
Medio Pollo Superior;120;5;607.0471698572478
Medio Pollo Inferior;120;5;821.3154344280026
Cuarto de Pollo Superior;120;5;1298.671538677374
Muslo Entero;120;5;999.7096774193549
Pechuga Completa;120;5;1649.3241327472767
Ala Completa;120;5;717.5262154155654
Media Pechuga;120;5;1839.801358930737
Blanqueta;120;5;0.0
Alón;120;5;0.0
Punta;120;5;0.0
Jamoncito;120;5;1002.0717479707484
Medio Muslo;120;5;1309.570407358788
Entero;121;5;385.17260848702455
Medio Pollo;121;5;473.5086897127136
Medio Pollo Superior;121;5;609.307975856398
Medio Pollo Inferior;121;5;789.0398319913171
Cuarto de Pollo Superior;121;5;1021.6991894593692
Muslo Entero;121;5;594.6129032258065
Pechuga Completa;121;5;1810.1275978277035
Ala Completa;121;5;833.6423113128292
Media Pechuga;121;5;1104.6841323683022
Blanqueta;121;5;0.0
Alón;121;5;0.0
Punta;121;5;0.0
Jamoncito;121;5;790.2489313911329
Medio Muslo;121;5;1527.849913096683
Entero;122;5;640.5772980409171
Medio Pollo;122;5;360.75214767008066
Medio Pollo Superior;122;5;488.07847473420554
Medio Pollo Inferior;122;5;470.2938088466424
Cuarto de Pollo Superior;122;5;1087.8339398837074
Muslo Entero;122;5;689.2618558866463
Pechuga Completa;122;5;1545.2095865717158
Ala Completa;122;5;641.8928155116413
Media Pechuga;122;5;1089.7306089822835
Blanqueta;122;5;0.0
Alón;122;5;0.0
Punta;122;5;0.0
Jamoncito;122;5;803.7762837995684
Medio Muslo;122;5;1520.5801572610424
Entero;123;5;544.951201569768
Medio Pollo;123;5;577.8288089597014
Medio Pollo Superior;123;5;527.9740571526698
Medio Pollo Inferior;123;5;889.3809872720032
Cuarto de Pollo Superior;123;5;1012.7671298905136
Muslo Entero;123;5;725.438396457728
Pechuga Completa;123;5;1417.4563655792797
Ala Completa;123;5;609.1612903225806
Media Pechuga;123;5;1525.6203844238316
Blanqueta;123;5;0.0
Alón;123;5;0.0
Punta;123;5;0.0
Jamoncito;123;5;798.028282091769
Medio Muslo;123;5;1107.0744777010268
Entero;124;5;559.0096339601748
Medio Pollo;124;5;672.650362627139
Medio Pollo Superior;124;5;1008.2943614557012
Medio Pollo Inferior;124;5;819.4062678658415
Cuarto de Pollo Superior;124;5;1033.1920348019737
Muslo Entero;124;5;628.6361729584096
Pechuga Completa;124;5;1383.6892920895968
Ala Completa;124;5;580.8064516129032
Media Pechuga;124;5;1998.5503582865085
Blanqueta;124;5;0.0
Alón;124;5;0.0
Punta;124;5;0.0
Jamoncito;124;5;510.4441176736884
Medio Muslo;124;5;1969.0076835103037
Entero;125;5;320.82195047564255
Medio Pollo;125;5;577.6868109463961
Medio Pollo Superior;125;5;983.593306260458
Medio Pollo Inferior;125;5;715.1198896862794
Cuarto de Pollo Superior;125;5;829.2782699392992
Muslo Entero;125;5;1157.8479840824198
Pechuga Completa;125;5;1286.1335930395705
Ala Completa;125;5;524.593387368926
Media Pechuga;125;5;2044.7113557120686
Blanqueta;125;5;0.0
Alón;125;5;0.0
Punta;125;5;0.0
Jamoncito;125;5;582.0543787848752
Medio Muslo;125;5;1333.2351201292229
Entero;126;5;349.6617307651528
Medio Pollo;126;5;364.22513104950826
Medio Pollo Superior;126;5;712.055728742317
Medio Pollo Inferior;126;5;542.6321763195508
Cuarto de Pollo Superior;126;5;1389.6125192926622
Muslo Entero;126;5;990.1547673767757
Pechuga Completa;126;5;1770.683818336918
Ala Completa;126;5;542.8888583020727
Media Pechuga;126;5;1546.937697272143
Blanqueta;126;5;0.0
Alón;126;5;0.0
Punta;126;5;0.0
Jamoncito;126;5;758.9358613183938
Medio Muslo;126;5;1109.7725818428894
Entero;127;5;457.3534270661182
Medio Pollo;127;5;677.1150363357195
Medio Pollo Superior;127;5;935.233848870814
Medio Pollo Inferior;127;5;895.479684329048
Cuarto de Pollo Superior;127;5;1005.5922711879344
Muslo Entero;127;5;936.0377556672047
Pechuga Completa;127;5;985.1216566245864
Ala Completa;127;5;481.89461608547225
Media Pechuga;127;5;2138.239725859647
Blanqueta;127;5;0.0
Alón;127;5;0.0
Punta;127;5;0.0
Jamoncito;127;5;928.6444350503716
Medio Muslo;127;5;1330.0355430368938
Entero;128;5;416.44036906662103
Medio Pollo;128;5;608.5583016424482
Medio Pollo Superior;128;5;717.7150303714527
Medio Pollo Inferior;128;5;910.6646239583681
Cuarto de Pollo Superior;128;5;635.2798010283343
Muslo Entero;128;5;682.2687194453681
Pechuga Completa;128;5;859.4393076373567
Ala Completa;128;5;837.2275070485964
Media Pechuga;128;5;1734.6084436718872
Blanqueta;128;5;0.0
Alón;128;5;0.0
Punta;128;5;0.0
Jamoncito;128;5;754.0221573761079
Medio Muslo;128;5;1547.8884435207867
Entero;129;5;393.2904364506481
Medio Pollo;129;5;362.22509721034794
Medio Pollo Superior;129;5;499.0261439740231
Medio Pollo Inferior;129;5;404.56986659135237
Cuarto de Pollo Superior;129;5;1311.3374552713008
Muslo Entero;129;5;681.723252251758
Pechuga Completa;129;5;1118.0466512350652
Ala Completa;129;5;811.0970977881541
Media Pechuga;129;5;1394.8131710973475
Blanqueta;129;5;0.0
Alón;129;5;0.0
Punta;129;5;0.0
Jamoncito;129;5;671.309043843183
Medio Muslo;129;5;1263.1129052885167
Entero;130;5;477.8678541026386
Medio Pollo;130;5;425.4611822560684
Medio Pollo Superior;130;5;880.2795874855957
Medio Pollo Inferior;130;5;814.571132727618
Cuarto de Pollo Superior;130;5;660.2656048497819
Muslo Entero;130;5;916.6520463903829
Pechuga Completa;130;5;1725.7707148069906
Ala Completa;130;5;604.7541076074826
Media Pechuga;130;5;1444.6444266360913
Blanqueta;130;5;0.0
Alón;130;5;0.0
Punta;130;5;0.0
Jamoncito;130;5;991.8103667324457
Medio Muslo;130;5;1616.3185269350786
Entero;131;5;624.1479752933813
Medio Pollo;131;5;594.2889563679049
Medio Pollo Superior;131;5;685.4028211590538
Medio Pollo Inferior;131;5;864.7191415052675
Cuarto de Pollo Superior;131;5;1161.9774279535402
Muslo Entero;131;5;815.7448103568702
Pechuga Completa;131;5;1864.7442331126592
Ala Completa;131;5;417.64119999344734
Media Pechuga;131;5;1092.011041152529
Blanqueta;131;5;0.0
Alón;131;5;0.0
Punta;131;5;0.0
Jamoncito;131;5;891.5668140526092
Medio Muslo;131;5;1713.2268256934526
Entero;132;5;337.4294716597988
Medio Pollo;132;5;392.73947815781924
Medio Pollo Superior;132;5;491.32517441212696
Medio Pollo Inferior;132;5;836.290370928405
Cuarto de Pollo Superior;132;5;774.7140267992312
Muslo Entero;132;5;787.6336611834713
Pechuga Completa;132;5;849.4325194442845
Ala Completa;132;5;390.9608942985753
Media Pechuga;132;5;1520.0023174191933
Blanqueta;132;5;0.0
Alón;132;5;0.0
Punta;132;5;0.0
Jamoncito;132;5;992.2024612749885
Medio Muslo;132;5;1789.8342125154218
Entero;133;5;396.0554653965964
Medio Pollo;133;5;575.737195125439
Medio Pollo Superior;133;5;494.12396489816325
Medio Pollo Inferior;133;5;903.846116070561
Cuarto de Pollo Superior;133;5;934.0301115119671
Muslo Entero;133;5;866.594922454564
Pechuga Completa;133;5;1170.7620179816756
Ala Completa;133;5;424.48565907184206
Media Pechuga;133;5;2358.9872100530197
Blanqueta;133;5;0.0
Alón;133;5;0.0
Punta;133;5;0.0
Jamoncito;133;5;1216.8302329690114
Medio Muslo;133;5;1432.6200478352482
Entero;134;5;313.5147698036567
Medio Pollo;134;5;546.7992978485327
Medio Pollo Superior;134;5;483.90682049030096
Medio Pollo Inferior;134;5;820.7481023728322
Cuarto de Pollo Superior;134;5;1341.2565490004727
Muslo Entero;134;5;938.8012256358805
Pechuga Completa;134;5;1422.7384369559184
Ala Completa;134;5;819.5330937011553
Media Pechuga;134;5;2363.619263671103
Blanqueta;134;5;0.0
Alón;134;5;0.0
Punta;134;5;0.0
Jamoncito;134;5;1153.1470629342955
Medio Muslo;134;5;1324.3356815858924
Entero;135;5;363.26781596265107
Medio Pollo;135;5;432.7318766372968
Medio Pollo Superior;135;5;736.5587632678006
Medio Pollo Inferior;135;5;523.4397236863404
Cuarto de Pollo Superior;135;5;914.4185522997911
Muslo Entero;135;5;1194.0361398987636
Pechuga Completa;135;5;1215.0731061719202
Ala Completa;135;5;534.7569107599011
Media Pechuga;135;5;1898.3857017278026
Blanqueta;135;5;0.0
Alón;135;5;0.0
Punta;135;5;0.0
Jamoncito;135;5;960.0507639758305
Medio Muslo;135;5;1752.2524389454427
Entero;136;5;449.8537624780523
Medio Pollo;136;5;410.8182566868474
Medio Pollo Superior;136;5;627.3514816735109
Medio Pollo Inferior;136;5;448.3854127089761
Cuarto de Pollo Superior;136;5;1178.51836563492
Muslo Entero;136;5;728.28076280115
Pechuga Completa;136;5;1022.876109549843
Ala Completa;136;5;383.74350042931167
Media Pechuga;136;5;1329.1512567102452
Blanqueta;136;5;0.0
Alón;136;5;0.0
Punta;136;5;0.0
Jamoncito;136;5;1086.7140113241537
Medio Muslo;136;5;1616.7380681925563
Entero;137;5;454.5750466338594
Medio Pollo;137;5;648.5906283164989
Medio Pollo Superior;137;5;1038.3066463983566
Medio Pollo Inferior;137;5;924.3955795851066
Cuarto de Pollo Superior;137;5;787.4947489659003
Muslo Entero;137;5;1043.9926799677908
Pechuga Completa;137;5;1237.5855374938321
Ala Completa;137;5;684.8641395016568
Media Pechuga;137;5;2304.3712067253964
Blanqueta;137;5;0.0
Alón;137;5;0.0
Punta;137;5;0.0
Jamoncito;137;5;813.6589945046122
Medio Muslo;137;5;1284.3763440860214
Entero;138;5;326.1524080024374
Medio Pollo;138;5;347.0947917624861
Medio Pollo Superior;138;5;1098.9287266890785
Medio Pollo Inferior;138;5;573.3140978342483
Cuarto de Pollo Superior;138;5;617.6337644159099
Muslo Entero;138;5;1026.6278635214412
Pechuga Completa;138;5;1084.106921588689
Ala Completa;138;5;755.2240017921332
Media Pechuga;138;5;1781.1463810809805
Blanqueta;138;5;0.0
Alón;138;5;0.0
Punta;138;5;0.0
Jamoncito;138;5;674.95859466037
Medio Muslo;138;5;1232.4832449408107
Entero;139;5;509.960614848894
Medio Pollo;139;5;683.4523755751551
Medio Pollo Superior;139;5;1082.5731286584291
Medio Pollo Inferior;139;5;713.0
Cuarto de Pollo Superior;139;5;620.1641522293671
Muslo Entero;139;5;1264.3356034368921
Pechuga Completa;139;5;1449.26539857179
Ala Completa;139;5;385.4067558126353
Media Pechuga;139;5;2310.4574577118738
Blanqueta;139;5;0.0
Alón;139;5;0.0
Punta;139;5;0.0
Jamoncito;139;5;810.1832283084976
Medio Muslo;139;5;979.3024800198835
Entero;140;5;291.48790547250115
Medio Pollo;140;5;568.0353466838945
Medio Pollo Superior;140;5;550.6074001178332
Medio Pollo Inferior;140;5;508.4758835416373
Cuarto de Pollo Superior;140;5;987.7447713960036
Muslo Entero;140;5;1050.3646727412138
Pechuga Completa;140;5;1732.7014505974344
Ala Completa;140;5;595.3310826696903
Media Pechuga;140;5;1743.7095479867096
Blanqueta;140;5;0.0
Alón;140;5;0.0
Punta;140;5;0.0
Jamoncito;140;5;836.6342111920941
Medio Muslo;140;5;1996.3872136026055
Entero;141;5;512.0414187957332
Medio Pollo;141;5;461.1830805314803
Medio Pollo Superior;141;5;784.2091621588577
Medio Pollo Inferior;141;5;650.1044922520861
Cuarto de Pollo Superior;141;5;897.0458469408361
Muslo Entero;141;5;992.9200919979842
Pechuga Completa;141;5;1812.9504440415562
Ala Completa;141;5;573.4044302907732
Media Pechuga;141;5;1470.4137709961974
Blanqueta;141;5;0.0
Alón;141;5;0.0
Punta;141;5;0.0
Jamoncito;141;5;976.7969035915008
Medio Muslo;141;5;1499.9494574988169
Entero;142;5;431.2555827157636
Medio Pollo;142;5;722.3357339858912
Medio Pollo Superior;142;5;727.337633891514
Medio Pollo Inferior;142;5;741.2143011391378
Cuarto de Pollo Superior;142;5;1156.8497795876974
Muslo Entero;142;5;652.660823147332
Pechuga Completa;142;5;864.3610565574023
Ala Completa;142;5;835.1433403570044
Media Pechuga;142;5;1635.5723524473835
Blanqueta;142;5;0.0
Alón;142;5;0.0
Punta;142;5;0.0
Jamoncito;142;5;1002.0553745380963
Medio Muslo;142;5;1508.9072018552833
Entero;143;5;494.9432663620626
Medio Pollo;143;5;674.2098925699855
Medio Pollo Superior;143;5;1023.6866343830369
Medio Pollo Inferior;143;5;821.5043293280036
Cuarto de Pollo Superior;143;5;1403.4904491326658
Muslo Entero;143;5;847.862667183615
Pechuga Completa;143;5;1076.2246706333538
Ala Completa;143;5;512.0435348036937
Media Pechuga;143;5;1728.4683489218594
Blanqueta;143;5;0.0
Alón;143;5;0.0
Punta;143;5;0.0
Jamoncito;143;5;1097.0117798432377
Medio Muslo;143;5;1211.9167524732643
Entero;144;5;629.5684476277287
Medio Pollo;144;5;581.3825227578344
Medio Pollo Superior;144;5;1062.3133875034348
Medio Pollo Inferior;144;5;908.7009937391351
Cuarto de Pollo Superior;144;5;1178.9431555070025
Muslo Entero;144;5;889.4961617488469
Pechuga Completa;144;5;1626.4373340478041
Ala Completa;144;5;774.3191380063998
Media Pechuga;144;5;1642.8709677419356
Blanqueta;144;5;0.0
Alón;144;5;0.0
Punta;144;5;0.0
Jamoncito;144;5;887.7711231498112
Medio Muslo;144;5;1939.0601580270284
Entero;145;5;500.2278641961948
Medio Pollo;145;5;607.0534083797377
Medio Pollo Superior;145;5;649.85363441053
Medio Pollo Inferior;145;5;488.9667721294035
Cuarto de Pollo Superior;145;5;798.1839158475643
Muslo Entero;145;5;933.8549943663357
Pechuga Completa;145;5;1938.1911768324794
Ala Completa;145;5;839.802681694718
Media Pechuga;145;5;1149.832718766855
Blanqueta;145;5;0.0
Alón;145;5;0.0
Punta;145;5;0.0
Jamoncito;145;5;587.8035354364941
Medio Muslo;145;5;1262.7591986752848
Entero;146;5;646.5860559332964
Medio Pollo;146;5;440.53608158495314
Medio Pollo Superior;146;5;559.8878096279867
Medio Pollo Inferior;146;5;881.6956443169233
Cuarto de Pollo Superior;146;5;977.1512141581068
Muslo Entero;146;5;922.0198774658382
Pechuga Completa;146;5;1690.0774868672922
Ala Completa;146;5;779.8957443525106
Media Pechuga;146;5;2100.639218794895
Blanqueta;146;5;0.0
Alón;146;5;0.0
Punta;146;5;0.0
Jamoncito;146;5;1067.0827999951828
Medio Muslo;146;5;1742.7452296966833
Entero;147;5;340.460847021214
Medio Pollo;147;5;501.6481230115515
Medio Pollo Superior;147;5;1112.4169464365752
Medio Pollo Inferior;147;5;728.5441229247638
Cuarto de Pollo Superior;147;5;913.9510902770712
Muslo Entero;147;5;765.6906407287607
Pechuga Completa;147;5;946.7160561915655
Ala Completa;147;5;372.44437176188273
Media Pechuga;147;5;1330.7664164434923
Blanqueta;147;5;0.0
Alón;147;5;0.0
Punta;147;5;0.0
Jamoncito;147;5;882.0061376866025
Medio Muslo;147;5;1606.542826651195
Entero;148;5;560.2397539723848
Medio Pollo;148;5;455.2249278938455
Medio Pollo Superior;148;5;1104.1388580720152
Medio Pollo Inferior;148;5;806.4113464960445
Cuarto de Pollo Superior;148;5;1181.9146502419217
Muslo Entero;148;5;550.207033804823
Pechuga Completa;148;5;1577.885529178076
Ala Completa;148;5;712.726912551857
Media Pechuga;148;5;1315.4124208094775
Blanqueta;148;5;0.0
Alón;148;5;0.0
Punta;148;5;0.0
Jamoncito;148;5;846.7849462365591
Medio Muslo;148;5;1316.4705195743577
Entero;149;5;413.1488464866431
Medio Pollo;149;5;555.7018179139511
Medio Pollo Superior;149;5;743.2034789308028
Medio Pollo Inferior;149;5;596.4788883264132
Cuarto de Pollo Superior;149;5;1018.1933264648712
Muslo Entero;149;5;912.5629135863832
Pechuga Completa;149;5;1889.4956684472083
Ala Completa;149;5;810.2107928194529
Media Pechuga;149;5;1642.4563650591938
Blanqueta;149;5;0.0
Alón;149;5;0.0
Punta;149;5;0.0
Jamoncito;149;5;668.7885633341791
Medio Muslo;149;5;1423.9774470167918
Entero;150;5;377.0121899946386
Medio Pollo;150;5;458.41355421264
Medio Pollo Superior;150;5;652.3151311824498
Medio Pollo Inferior;150;5;901.8527308627056
Cuarto de Pollo Superior;150;5;1294.858382328095
Muslo Entero;150;5;1020.8850703829062
Pechuga Completa;150;5;1497.5648316003246
Ala Completa;150;5;744.2248856761333
Media Pechuga;150;5;1825.294973159518
Blanqueta;150;5;0.0
Alón;150;5;0.0
Punta;150;5;0.0
Jamoncito;150;5;666.737426244084
Medio Muslo;150;5;1245.454325588183
Entero;151;5;515.6347234094721
Medio Pollo;151;5;787.134412851544
Medio Pollo Superior;151;5;651.1292337691616
Medio Pollo Inferior;151;5;500.9056697657337
Cuarto de Pollo Superior;151;5;1339.7262281473945
Muslo Entero;151;5;803.4678001624941
Pechuga Completa;151;5;1048.107229339454
Ala Completa;151;5;740.6617168612347
Media Pechuga;151;5;2122.2428100058432
Blanqueta;151;5;0.0
Alón;151;5;0.0
Punta;151;5;0.0
Jamoncito;151;5;1091.1812017703635
Medio Muslo;151;5;1505.5490179737453
Entero;152;5;536.1122161895637
Medio Pollo;152;5;497.16237847627673
Medio Pollo Superior;152;5;692.924652913641
Medio Pollo Inferior;152;5;701.4351477586575
Cuarto de Pollo Superior;152;5;966.42216646234
Muslo Entero;152;5;898.2775790584975
Pechuga Completa;152;5;1296.3523722499563
Ala Completa;152;5;353.5260902067931
Media Pechuga;152;5;2044.8931647594961
Blanqueta;152;5;0.0
Alón;152;5;0.0
Punta;152;5;0.0
Jamoncito;152;5;959.8304430599758
Medio Muslo;152;5;1752.2890607831278
Entero;153;5;511.656856421236
Medio Pollo;153;5;512.9242693596278
Medio Pollo Superior;153;5;721.4817977540525
Medio Pollo Inferior;153;5;432.835956333686
Cuarto de Pollo Superior;153;5;927.4010478055241
Muslo Entero;153;5;952.9692370481295
Pechuga Completa;153;5;1293.5177938348743
Ala Completa;153;5;696.2950445690118
Media Pechuga;153;5;1896.9928742405164
Blanqueta;153;5;0.0
Alón;153;5;0.0
Punta;153;5;0.0
Jamoncito;153;5;1017.3440860215054
Medio Muslo;153;5;1876.4353112323872
Entero;154;5;353.2309273892003
Medio Pollo;154;5;654.8553577190604
Medio Pollo Superior;154;5;1003.6727078838255
Medio Pollo Inferior;154;5;941.78999364736
Cuarto de Pollo Superior;154;5;698.291934756994
Muslo Entero;154;5;932.2466650045592
Pechuga Completa;154;5;1961.4271596400172
Ala Completa;154;5;731.2294164137285
Media Pechuga;154;5;2193.417888786182
Blanqueta;154;5;0.0
Alón;154;5;0.0
Punta;154;5;0.0
Jamoncito;154;5;675.9247311827958
Medio Muslo;154;5;1353.5232425625893
Entero;155;5;311.74576815872956
Medio Pollo;155;5;587.303264527342
Medio Pollo Superior;155;5;807.9417898097876
Medio Pollo Inferior;155;5;622.8488416905438
Cuarto de Pollo Superior;155;5;1352.4825958698998
Muslo Entero;155;5;1079.875598664354
Pechuga Completa;155;5;1455.3479079056162
Ala Completa;155;5;455.4014155263735
Media Pechuga;155;5;1333.614802376635
Blanqueta;155;5;0.0
Alón;155;5;0.0
Punta;155;5;0.0
Jamoncito;155;5;1056.5915365516319
Medio Muslo;155;5;998.9925050198107
Entero;156;5;380.2616616326493
Medio Pollo;156;5;493.0664914963769
Medio Pollo Superior;156;5;1044.3437824244056
Medio Pollo Inferior;156;5;598.1340428835534
Cuarto de Pollo Superior;156;5;652.9483622298792
Muslo Entero;156;5;533.0562285863913
Pechuga Completa;156;5;1026.8736529695116
Ala Completa;156;5;831.9169541216547
Media Pechuga;156;5;1544.883703458778
Blanqueta;156;5;0.0
Alón;156;5;0.0
Punta;156;5;0.0
Jamoncito;156;5;708.0321193623467
Medio Muslo;156;5;1469.4640383138565
Entero;157;5;435.1739693211775
Medio Pollo;157;5;567.2920701182939
Medio Pollo Superior;157;5;682.1919223882262
Medio Pollo Inferior;157;5;752.7309458326359
Cuarto de Pollo Superior;157;5;1269.5271461541072
Muslo Entero;157;5;562.0656988867887
Pechuga Completa;157;5;1649.1419922809162
Ala Completa;157;5;567.7700725950378
Media Pechuga;157;5;1608.8667501436294
Blanqueta;157;5;0.0
Alón;157;5;0.0
Punta;157;5;0.0
Jamoncito;157;5;839.8490425151178
Medio Muslo;157;5;1946.7978608625338
Entero;158;5;553.1781034276094
Medio Pollo;158;5;573.3464119192012
Medio Pollo Superior;158;5;874.4033262559775
Medio Pollo Inferior;158;5;591.0331262622176
Cuarto de Pollo Superior;158;5;1192.3815944705154
Muslo Entero;158;5;1080.2827714459836
Pechuga Completa;158;5;1458.0052489960824
Ala Completa;158;5;511.7583419727534
Media Pechuga;158;5;1689.8679052241293
Blanqueta;158;5;0.0
Alón;158;5;0.0
Punta;158;5;0.0
Jamoncito;158;5;652.5901073648654
Medio Muslo;158;5;1467.1862558173161
Entero;159;5;587.5477964453172
Medio Pollo;159;5;557.3947532602714
Medio Pollo Superior;159;5;508.057335072176
Medio Pollo Inferior;159;5;738.524679528565
Cuarto de Pollo Superior;159;5;807.3905834015121
Muslo Entero;159;5;610.5214845587847
Pechuga Completa;159;5;1069.0065621226775
Ala Completa;159;5;508.9415953787859
Media Pechuga;159;5;1368.9439027764124
Blanqueta;159;5;0.0
Alón;159;5;0.0
Punta;159;5;0.0
Jamoncito;159;5;944.7842469278345
Medio Muslo;159;5;1323.3545404989827
Entero;160;5;457.5432203222397
Medio Pollo;160;5;474.24783334068474
Medio Pollo Superior;160;5;546.8095567725173
Medio Pollo Inferior;160;5;847.0390520202751
Cuarto de Pollo Superior;160;5;635.224326621435
Muslo Entero;160;5;534.3265733689971
Pechuga Completa;160;5;1232.9074996984295
Ala Completa;160;5;657.022217102169
Media Pechuga;160;5;2149.1019833745463
Blanqueta;160;5;0.0
Alón;160;5;0.0
Punta;160;5;0.0
Jamoncito;160;5;716.54714931889
Medio Muslo;160;5;1452.30003539558
Entero;161;5;539.9150432178407
Medio Pollo;161;5;512.744938021648
Medio Pollo Superior;161;5;607.8475203681338
Medio Pollo Inferior;161;5;803.1601359947116
Cuarto de Pollo Superior;161;5;1042.9660792480045
Muslo Entero;161;5;960.2628832407686
Pechuga Completa;161;5;1859.722896322367
Ala Completa;161;5;706.0404451342268
Media Pechuga;161;5;1225.3411893445314
Blanqueta;161;5;0.0
Alón;161;5;0.0
Punta;161;5;0.0
Jamoncito;161;5;923.4810052435574
Medio Muslo;161;5;1438.5332558196567
Entero;162;5;467.6344374744367
Medio Pollo;162;5;481.05021572893446
Medio Pollo Superior;162;5;931.709042147152
Medio Pollo Inferior;162;5;686.1612903225807
Cuarto de Pollo Superior;162;5;1177.47341942146
Muslo Entero;162;5;616.772129820586
Pechuga Completa;162;5;1394.0392115241002
Ala Completa;162;5;493.6405407643593
Media Pechuga;162;5;1634.126545868891
Blanqueta;162;5;0.0
Alón;162;5;0.0
Punta;162;5;0.0
Jamoncito;162;5;567.7490967620579
Medio Muslo;162;5;1890.2102179496821
Entero;163;5;299.25841531357474
Medio Pollo;163;5;511.45343751481937
Medio Pollo Superior;163;5;578.5279495349376
Medio Pollo Inferior;163;5;511.2870981104758
Cuarto de Pollo Superior;163;5;1080.117796033024
Muslo Entero;163;5;1035.2341058735972
Pechuga Completa;163;5;1928.89803577935
Ala Completa;163;5;527.624485051687
Media Pechuga;163;5;2297.934852301365
Blanqueta;163;5;0.0
Alón;163;5;0.0
Punta;163;5;0.0
Jamoncito;163;5;642.5662836347202
Medio Muslo;163;5;1304.4238728438415
Entero;164;5;462.8530905882594
Medio Pollo;164;5;636.1684097662129
Medio Pollo Superior;164;5;941.3971104395589
Medio Pollo Inferior;164;5;793.7178436927885
Cuarto de Pollo Superior;164;5;1116.1425047488694
Muslo Entero;164;5;560.1210079148036
Pechuga Completa;164;5;934.6354961201725
Ala Completa;164;5;563.9978231085515
Media Pechuga;164;5;2022.1580368328887
Blanqueta;164;5;0.0
Alón;164;5;0.0
Punta;164;5;0.0
Jamoncito;164;5;1048.7448261235706
Medio Muslo;164;5;1108.569539062254
Entero;165;5;291.29304971360057
Medio Pollo;165;5;468.98027323011183
Medio Pollo Superior;165;5;1129.152550663811
Medio Pollo Inferior;165;5;799.1886065838324
Cuarto de Pollo Superior;165;5;1047.9510414475767
Muslo Entero;165;5;815.9782614928579
Pechuga Completa;165;5;1423.8260411967879
Ala Completa;165;5;579.3189219104339
Media Pechuga;165;5;2390.274591491085
Blanqueta;165;5;0.0
Alón;165;5;0.0
Punta;165;5;0.0
Jamoncito;165;5;554.4536066118493
Medio Muslo;165;5;1052.0201079819599
Entero;166;5;310.1721945931021
Medio Pollo;166;5;474.8202095509535
Medio Pollo Superior;166;5;534.0263195812576
Medio Pollo Inferior;166;5;701.258064516129
Cuarto de Pollo Superior;166;5;825.070845906901
Muslo Entero;166;5;844.2308942654128
Pechuga Completa;166;5;1335.5635383137742
Ala Completa;166;5;601.3254182290085
Media Pechuga;166;5;1584.969144046139
Blanqueta;166;5;-2.080718356323534e-12
Alón;166;5;-1.0214435567406439e-12
Punta;166;5;-3.0264994273796865e-13
Jamoncito;166;5;674.195081867808
Medio Muslo;166;5;1736.9941143844617
Entero;167;5;346.0217669474234
Medio Pollo;167;5;688.3237917978254
Medio Pollo Superior;167;5;586.5101366609554
Medio Pollo Inferior;167;5;688.770049362712
Cuarto de Pollo Superior;167;5;772.718112872972
Muslo Entero;167;5;529.8188813158187
Pechuga Completa;167;5;1295.0515397905358
Ala Completa;167;5;787.8696373387191
Media Pechuga;167;5;1123.5013079788393
Blanqueta;167;5;0.0
Alón;167;5;0.0
Punta;167;5;0.0
Jamoncito;167;5;1020.2354487196507
Medio Muslo;167;5;1265.2418997503432
Entero;168;5;434.1212992955544
Medio Pollo;168;5;597.980702121891
Medio Pollo Superior;168;5;805.0649430846573
Medio Pollo Inferior;168;5;713.746079669546
Cuarto de Pollo Superior;168;5;1153.7557096330013
Muslo Entero;168;5;741.5369639424554
Pechuga Completa;168;5;876.8915605161391
Ala Completa;168;5;809.4185735073223
Media Pechuga;168;5;1107.7553106436362
Blanqueta;168;5;0.0
Alón;168;5;0.0
Punta;168;5;0.0
Jamoncito;168;5;665.6228110604874
Medio Muslo;168;5;1075.0272712712847
Entero;1;6;360.2969333737833
Medio Pollo;1;6;502.3321178267448
Medio Pollo Superior;1;6;738.5806451612904
Medio Pollo Inferior;1;6;666.7741935483817
Cuarto de Pollo Superior;1;6;954.1290322580646
Muslo Entero;1;6;581.7431236886349
Pechuga Completa;1;6;1332.6774193552424
Ala Completa;1;6;595.3548387097569
Media Pechuga;1;6;1648.0967741935422
Blanqueta;1;6;0.0
Alón;1;6;0.0
Punta;1;6;0.0
Jamoncito;1;6;524.5206928010135
Medio Muslo;1;6;1455.1075268817203
Entero;2;6;301.69711682434865
Medio Pollo;2;6;553.6678821732552
Medio Pollo Superior;2;6;466.8190057263338
Medio Pollo Inferior;2;6;690.7741935483808
Cuarto de Pollo Superior;2;6;987.1290322580646
Muslo Entero;2;6;949.7422439893851
Pechuga Completa;2;6;1000.4798969961735
Ala Completa;2;6;624.3548387097571
Media Pechuga;2;6;988.5157838255782
Blanqueta;2;6;0.0
Alón;2;6;0.0
Punta;2;6;0.0
Jamoncito;2;6;1126.1808311726966
Medio Muslo;2;6;1295.6403895298492
Entero;3;6;423.8905104054244
Medio Pollo;3;6;411.1961745453467
Medio Pollo Superior;3;6;548.6357655590758
Medio Pollo Inferior;3;6;690.7741935483817
Cuarto de Pollo Superior;3;6;804.2078601807485
Muslo Entero;3;6;578.9740124721219
Pechuga Completa;3;6;1154.20562264616
Ala Completa;3;6;372.89660179099263
Media Pechuga;3;6;1623.8551585680343
Blanqueta;3;6;2.377213996812248e-12
Alón;3;6;3.3840014423351693e-12
Punta;3;6;2.9469227287360033e-12
Jamoncito;3;6;843.8791211875812
Medio Muslo;3;6;1672.5746642335928
Entero;4;6;397.7356286890074
Medio Pollo;4;6;529.6173749370168
Medio Pollo Superior;4;6;497.53596719000495
Medio Pollo Inferior;4;6;564.9664077025138
Cuarto de Pollo Superior;4;6;832.6970064134202
Muslo Entero;4;6;1166.1611147695025
Pechuga Completa;4;6;1457.7869893274737
Ala Completa;4;6;829.5432373470054
Media Pechuga;4;6;2171.5116792904387
Blanqueta;4;6;2.5189474881720116e-12
Alón;4;6;3.576914550688497e-12
Punta;4;6;6.848765841196197e-13
Jamoncito;4;6;839.8602150537636
Medio Muslo;4;6;1484.1075268817203
Entero;5;6;366.06158763098364
Medio Pollo;5;6;464.95442186016066
Medio Pollo Superior;5;6;562.171002915854
Medio Pollo Inferior;5;6;658.6483994380395
Cuarto de Pollo Superior;5;6;875.9632483959407
Muslo Entero;5;6;1089.864776771237
Pechuga Completa;5;6;1695.5456863065647
Ala Completa;5;6;670.6246769911364
Media Pechuga;5;6;1127.019828755542
Blanqueta;5;6;2.2460127461524752e-12
Alón;5;6;4.637295116228301e-12
Punta;5;6;0.0
Jamoncito;5;6;578.5634721589811
Medio Muslo;5;6;1388.9932638376251
Entero;6;6;289.54520219120883
Medio Pollo;6;6;455.87116916568846
Medio Pollo Superior;6;6;697.6642241534457
Medio Pollo Inferior;6;6;810.2388361048988
Cuarto de Pollo Superior;6;6;661.6883000651901
Muslo Entero;6;6;838.9774237548572
Pechuga Completa;6;6;1542.6250025396089
Ala Completa;6;6;624.354838709757
Media Pechuga;6;6;1527.561556611259
Blanqueta;6;6;1.887701603005139e-12
Alón;6;6;6.591115716357629e-13
Punta;6;6;0.0
Jamoncito;6;6;1007.1371118650964
Medio Muslo;6;6;876.1449478343874
Entero;7;6;411.3038731014985
Medio Pollo;7;6;384.3921661115553
Medio Pollo Superior;7;6;600.9904992909791
Medio Pollo Inferior;7;6;729.2431309480747
Cuarto de Pollo Superior;7;6;1102.0717595914487
Muslo Entero;7;6;1028.3285565936085
Pechuga Completa;7;6;1469.421318314098
Ala Completa;7;6;624.3548387097312
Media Pechuga;7;6;1744.392234091572
Blanqueta;7;6;1.2350091183327032e-12
Alón;7;6;0.0
Punta;7;6;0.0
Jamoncito;7;6;641.4028067926157
Medio Muslo;7;6;1833.4408412050764
Entero;8;6;341.580818043308
Medio Pollo;8;6;416.00472343609783
Medio Pollo Superior;8;6;1016.0625327227255
Medio Pollo Inferior;8;6;690.7741935483817
Cuarto de Pollo Superior;8;6;899.822392519223
Muslo Entero;8;6;902.5635866726552
Pechuga Completa;8;6;856.1101331647701
Ala Completa;8;6;624.3548387096461
Media Pechuga;8;6;1737.5643574222186
Blanqueta;8;6;1.712487219082975e-12
Alón;8;6;0.0
Punta;8;6;0.0
Jamoncito;8;6;849.1684764716204
Medio Muslo;8;6;1837.8510546497166
Entero;9;6;347.23298857235085
Medio Pollo;9;6;313.233494700139
Medio Pollo Superior;9;6;675.2138673737599
Medio Pollo Inferior;9;6;483.3215321028005
Cuarto de Pollo Superior;9;6;691.2794158804974
Muslo Entero;9;6;895.9193548390009
Pechuga Completa;9;6;1277.3010744463331
Ala Completa;9;6;624.3548387097453
Media Pechuga;9;6;1500.6946945550521
Blanqueta;9;6;1.6941498571677742e-12
Alón;9;6;0.0
Punta;9;6;0.0
Jamoncito;9;6;914.0092726827032
Medio Muslo;9;6;1484.1075268817583
Entero;10;6;543.6461346672564
Medio Pollo;10;6;490.7137852435747
Medio Pollo Superior;10;6;971.5591659972346
Medio Pollo Inferior;10;6;505.42882211439326
Cuarto de Pollo Superior;10;6;1151.3109331385867
Muslo Entero;10;6;548.2486298252459
Pechuga Completa;10;6;973.3830290986929
Ala Completa;10;6;403.6238745222818
Media Pechuga;10;6;1661.2203079958294
Blanqueta;10;6;0.0
Alón;10;6;0.0
Punta;10;6;0.0
Jamoncito;10;6;981.2777616361803
Medio Muslo;10;6;1223.8440472922573
Entero;11;6;373.38126182310873
Medio Pollo;11;6;338.2603891574281
Medio Pollo Superior;11;6;464.71220943028396
Medio Pollo Inferior;11;6;644.4017286527155
Cuarto de Pollo Superior;11;6;982.8229289185163
Muslo Entero;11;6;992.9000310442001
Pechuga Completa;11;6;1661.4687423717328
Ala Completa;11;6;370.8185598106017
Media Pechuga;11;6;1092.7728529111441
Blanqueta;11;6;0.0
Alón;11;6;0.0
Punta;11;6;0.0
Jamoncito;11;6;907.4626037691474
Medio Muslo;11;6;1571.5924982068482
Entero;12;6;373.93423283500925
Medio Pollo;12;6;723.9207434958437
Medio Pollo Superior;12;6;859.443442954011
Medio Pollo Inferior;12;6;456.99201086434107
Cuarto de Pollo Superior;12;6;810.5925897520746
Muslo Entero;12;6;1042.2566339462242
Pechuga Completa;12;6;1721.4697506376497
Ala Completa;12;6;532.9689379421242
Media Pechuga;12;6;1087.6509724469186
Blanqueta;12;6;0.0
Alón;12;6;0.0
Punta;12;6;0.0
Jamoncito;12;6;839.8602150537638
Medio Muslo;12;6;1456.1027988904666
Entero;13;6;273.6982438116913
Medio Pollo;13;6;575.3424805217219
Medio Pollo Superior;13;6;956.4738737132964
Medio Pollo Inferior;13;6;611.8997374346379
Cuarto de Pollo Superior;13;6;1172.2853217343234
Muslo Entero;13;6;658.3572220330799
Pechuga Completa;13;6;1830.3317864110934
Ala Completa;13;6;521.339101177393
Media Pechuga;13;6;1855.3376593861556
Blanqueta;13;6;0.0
Alón;13;6;0.0
Punta;13;6;0.0
Jamoncito;13;6;696.4426033760334
Medio Muslo;13;6;1469.4690227109995
Entero;14;6;386.37992762193574
Medio Pollo;14;6;679.5151699509522
Medio Pollo Superior;14;6;668.0359951130026
Medio Pollo Inferior;14;6;603.687594247799
Cuarto de Pollo Superior;14;6;1333.2240991772014
Muslo Entero;14;6;805.8223625551335
Pechuga Completa;14;6;1386.6774193550484
Ala Completa;14;6;682.9478125712131
Media Pechuga;14;6;2189.812946708683
Blanqueta;14;6;0.0
Alón;14;6;0.0
Punta;14;6;0.0
Jamoncito;14;6;983.2778267314948
Medio Muslo;14;6;1078.5254557167627
Entero;15;6;485.71515633627337
Medio Pollo;15;6;369.20798197395106
Medio Pollo Superior;15;6;995.9135970208839
Medio Pollo Inferior;15;6;553.2474454373224
Cuarto de Pollo Superior;15;6;837.3296031598086
Muslo Entero;15;6;1047.5603405290733
Pechuga Completa;15;6;1113.5824061450721
Ala Completa;15;6;711.5909661671767
Media Pechuga;15;6;1108.3904922959762
Blanqueta;15;6;0.0
Alón;15;6;0.0
Punta;15;6;0.0
Jamoncito;15;6;839.8602150537639
Medio Muslo;15;6;1215.37691725216
Entero;16;6;520.9070617995014
Medio Pollo;16;6;667.0991906999548
Medio Pollo Superior;16;6;599.4068299798392
Medio Pollo Inferior;16;6;627.4449910553234
Cuarto de Pollo Superior;16;6;659.7991966551665
Muslo Entero;16;6;897.5161818761622
Pechuga Completa;16;6;1599.8200124605173
Ala Completa;16;6;826.4648218697209
Media Pechuga;16;6;1600.549879581869
Blanqueta;16;6;0.0
Alón;16;6;0.0
Punta;16;6;0.0
Jamoncito;16;6;839.8602150537632
Medio Muslo;16;6;1468.1819968797975
Entero;17;6;558.5988058829028
Medio Pollo;17;6;611.1498903388687
Medio Pollo Superior;17;6;561.4745701939898
Medio Pollo Inferior;17;6;643.6182461332957
Cuarto de Pollo Superior;17;6;808.1929859928118
Muslo Entero;17;6;885.1780329925199
Pechuga Completa;17;6;1446.62983945955
Ala Completa;17;6;671.1820742790939
Media Pechuga;17;6;1394.2918093315452
Blanqueta;17;6;0.0
Alón;17;6;0.0
Punta;17;6;0.0
Jamoncito;17;6;760.4116475260917
Medio Muslo;17;6;1820.9735810542836
Entero;18;6;401.01512655978735
Medio Pollo;18;6;512.0708050081444
Medio Pollo Superior;18;6;635.9506530559345
Medio Pollo Inferior;18;6;839.0839379252216
Cuarto de Pollo Superior;18;6;659.742861708724
Muslo Entero;18;6;736.4824566990249
Pechuga Completa;18;6;1386.6774193550466
Ala Completa;18;6;415.7146975890275
Media Pechuga;18;6;1007.1383244286139
Blanqueta;18;6;0.0
Alón;18;6;0.0
Punta;18;6;0.0
Jamoncito;18;6;899.5018635886396
Medio Muslo;18;6;1546.0288252957616
Entero;19;6;551.6252169516407
Medio Pollo;19;6;615.9448558097629
Medio Pollo Superior;19;6;915.1627463209062
Medio Pollo Inferior;19;6;834.2914997208005
Cuarto de Pollo Superior;19;6;764.5181765067093
Muslo Entero;19;6;920.9181799210982
Pechuga Completa;19;6;1307.0829096153584
Ala Completa;19;6;785.7773614137259
Media Pechuga;19;6;2248.9261357186683
Blanqueta;19;6;0.0
Alón;19;6;0.0
Punta;19;6;0.0
Jamoncito;19;6;701.52873091236
Medio Muslo;19;6;1709.8901556761616
Entero;20;6;399.4159695751618
Medio Pollo;20;6;726.3563550902974
Medio Pollo Superior;20;6;1013.7541278015124
Medio Pollo Inferior;20;6;436.14892884140147
Cuarto de Pollo Superior;20;6;1196.1151382735006
Muslo Entero;20;6;587.6979069750795
Pechuga Completa;20;6;1083.3587872087592
Ala Completa;20;6;531.7727363151272
Media Pechuga;20;6;1101.7731996260532
Blanqueta;20;6;0.0
Alón;20;6;0.0
Punta;20;6;0.0
Jamoncito;20;6;955.2983848806724
Medio Muslo;20;6;1467.0608095264004
Entero;21;6;355.1491006357438
Medio Pollo;21;6;600.7640060731302
Medio Pollo Superior;21;6;967.0571614585665
Medio Pollo Inferior;21;6;487.30335168489944
Cuarto de Pollo Superior;21;6;1251.7069490814024
Muslo Entero;21;6;734.3403313612426
Pechuga Completa;21;6;1596.3627366690773
Ala Completa;21;6;624.877118248467
Media Pechuga;21;6;2044.1849019657425
Blanqueta;21;6;0.0
Alón;21;6;0.0
Punta;21;6;0.0
Jamoncito;21;6;882.5604483610439
Medio Muslo;21;6;1514.18522310473
Entero;22;6;465.189102650806
Medio Pollo;22;6;574.2429745543503
Medio Pollo Superior;22;6;583.3678790242813
Medio Pollo Inferior;22;6;952.4946976459124
Cuarto de Pollo Superior;22;6;850.5880965961122
Muslo Entero;22;6;1182.8927268560456
Pechuga Completa;22;6;1314.9520033748238
Ala Completa;22;6;754.1700977424248
Media Pechuga;22;6;1335.0708230359614
Blanqueta;22;6;0.0
Alón;22;6;0.0
Punta;22;6;0.0
Jamoncito;22;6;1136.905334233859
Medio Muslo;22;6;979.0090566016653
Entero;23;6;326.1694789020608
Medio Pollo;23;6;584.6418473278444
Medio Pollo Superior;23;6;794.4034454966023
Medio Pollo Inferior;23;6;479.1193471068347
Cuarto de Pollo Superior;23;6;698.5667863345344
Muslo Entero;23;6;834.9751712900285
Pechuga Completa;23;6;1339.6084196891145
Ala Completa;23;6;644.3315628117936
Media Pechuga;23;6;1135.1515487403283
Blanqueta;23;6;-6.673661862081919e-11
Alón;23;6;-3.276161277749306e-11
Punta;23;6;-9.70714452666461e-12
Jamoncito;23;6;1074.901793176628
Medio Muslo;23;6;950.9198686554395
Entero;24;6;601.0007226737887
Medio Pollo;24;6;781.1706423265915
Medio Pollo Superior;24;6;870.483034608308
Medio Pollo Inferior;24;6;689.7742699912768
Cuarto de Pollo Superior;24;6;1288.813802114589
Muslo Entero;24;6;744.0150824214396
Pechuga Completa;24;6;1175.479870184646
Ala Completa;24;6;825.8503026019372
Media Pechuga;24;6;2365.0480069905525
Blanqueta;24;6;0.0
Alón;24;6;0.0
Punta;24;6;0.0
Jamoncito;24;6;430.61222742822247
Medio Muslo;24;6;1086.7614291555267
Entero;25;6;462.5191383092281
Medio Pollo;25;6;377.82935767453694
Medio Pollo Superior;25;6;696.4342390750342
Medio Pollo Inferior;25;6;495.99786451319494
Cuarto de Pollo Superior;25;6;690.039657431337
Muslo Entero;25;6;920.4516129036991
Pechuga Completa;25;6;1191.8823884404499
Ala Completa;25;6;479.05384590629757
Media Pechuga;25;6;1597.2002697317705
Blanqueta;25;6;6.165936892207247e-13
Alón;25;6;0.0
Punta;25;6;0.0
Jamoncito;25;6;670.2757209504148
Medio Muslo;25;6;1808.3960344090476
Entero;26;6;503.9162549350463
Medio Pollo;26;6;360.51044597044853
Medio Pollo Superior;26;6;1032.817907321531
Medio Pollo Inferior;26;6;951.6520591436348
Cuarto de Pollo Superior;26;6;1069.076752391504
Muslo Entero;26;6;942.0483870967743
Pechuga Completa;26;6;1363.0614300756533
Ala Completa;26;6;505.88917818717016
Media Pechuga;26;6;1634.0884159937796
Blanqueta;26;6;7.777111935474601e-13
Alón;26;6;0.0
Punta;26;6;0.0
Jamoncito;26;6;499.14276611516664
Medio Muslo;26;6;1021.6282440436461
Entero;27;6;322.5460466928507
Medio Pollo;27;6;414.5149525765483
Medio Pollo Superior;27;6;563.3752023411353
Medio Pollo Inferior;27;6;475.6521886802495
Cuarto de Pollo Superior;27;6;1314.8704736838702
Muslo Entero;27;6;1135.1612903225807
Pechuga Completa;27;6;1609.5519897503507
Ala Completa;27;6;534.0999467814195
Media Pechuga;27;6;1960.714375765674
Blanqueta;27;6;1.0996075480897397e-12
Alón;27;6;0.0
Punta;27;6;0.0
Jamoncito;27;6;701.7280428036712
Medio Muslo;27;6;1861.3016178145208
Entero;28;6;373.6205095137692
Medio Pollo;28;6;526.7453751636879
Medio Pollo Superior;28;6;597.5131716174756
Medio Pollo Inferior;28;6;667.3158298092861
Cuarto de Pollo Superior;28;6;1347.7474193236003
Muslo Entero;28;6;841.6129032258065
Pechuga Completa;28;6;910.0769837641919
Ala Completa;28;6;408.7629500542286
Media Pechuga;28;6;2388.9818101156698
Blanqueta;28;6;1.2152394547776808e-12
Alón;28;6;0.0
Punta;28;6;0.0
Jamoncito;28;6;565.924401831602
Medio Muslo;28;6;1073.0180110576594
Entero;29;6;383.56084631540523
Medio Pollo;29;6;789.6382813345314
Medio Pollo Superior;29;6;740.8553106359057
Medio Pollo Inferior;29;6;777.0033656006043
Cuarto de Pollo Superior;29;6;936.0148245722222
Muslo Entero;29;6;693.8327388551958
Pechuga Completa;29;6;1531.94164879297
Ala Completa;29;6;589.113722601799
Media Pechuga;29;6;1461.3416632984693
Blanqueta;29;6;1.230147557267344e-12
Alón;29;6;0.0
Punta;29;6;0.0
Jamoncito;29;6;694.9444559390981
Medio Muslo;29;6;2050.634681894022
Entero;30;6;373.3722575348657
Medio Pollo;30;6;395.52354356518896
Medio Pollo Superior;30;6;1054.7386792835978
Medio Pollo Inferior;30;6;437.38185112737665
Cuarto de Pollo Superior;30;6;1250.2523613056871
Muslo Entero;30;6;719.558214864343
Pechuga Completa;30;6;1530.60663424499
Ala Completa;30;6;836.709128866806
Media Pechuga;30;6;1425.1622993396754
Blanqueta;30;6;6.29511902599111e-13
Alón;30;6;0.0
Punta;30;6;0.0
Jamoncito;30;6;908.8649819007386
Medio Muslo;30;6;1237.826786250283
Entero;31;6;553.037793051216
Medio Pollo;31;6;532.1104819039031
Medio Pollo Superior;31;6;1072.3999918200545
Medio Pollo Inferior;31;6;839.5769348068995
Cuarto de Pollo Superior;31;6;1202.0080972054989
Muslo Entero;31;6;617.7306896272701
Pechuga Completa;31;6;1666.9732832190339
Ala Completa;31;6;558.0773449204348
Media Pechuga;31;6;1985.530082989498
Blanqueta;31;6;9.794059125414764e-13
Alón;31;6;0.0
Punta;31;6;0.0
Jamoncito;31;6;702.7427289501711
Medio Muslo;31;6;1396.6464464324824
Entero;32;6;521.744236677831
Medio Pollo;32;6;577.1381151329398
Medio Pollo Superior;32;6;606.6547157192051
Medio Pollo Inferior;32;6;756.5338617726276
Cuarto de Pollo Superior;32;6;839.1176311342052
Muslo Entero;32;6;850.8661529218365
Pechuga Completa;32;6;1734.07319218836
Ala Completa;32;6;823.6697808272934
Media Pechuga;32;6;1395.1249972620737
Blanqueta;32;6;0.0
Alón;32;6;0.0
Punta;32;6;0.0
Jamoncito;32;6;802.0015949160975
Medio Muslo;32;6;1976.0045584364677
Entero;33;6;494.9395056533061
Medio Pollo;33;6;563.8124393761979
Medio Pollo Superior;33;6;785.623435460551
Medio Pollo Inferior;33;6;744.220384898745
Cuarto de Pollo Superior;33;6;1015.823653343675
Muslo Entero;33;6;947.2111164832279
Pechuga Completa;33;6;1783.2518506487481
Ala Completa;33;6;636.9318684803092
Media Pechuga;33;6;1419.4809099814559
Blanqueta;33;6;0.0
Alón;33;6;0.0
Punta;33;6;0.0
Jamoncito;33;6;646.5422116567518
Medio Muslo;33;6;1779.2870748460327
Entero;34;6;638.1886601844825
Medio Pollo;34;6;522.174957416445
Medio Pollo Superior;34;6;952.6073349423232
Medio Pollo Inferior;34;6;548.4626909896973
Cuarto de Pollo Superior;34;6;1041.7096774193549
Muslo Entero;34;6;726.0040743641073
Pechuga Completa;34;6;1675.387792834812
Ala Completa;34;6;444.2679336505142
Media Pechuga;34;6;1459.0953297136334
Blanqueta;34;6;0.0
Alón;34;6;0.0
Punta;34;6;0.0
Jamoncito;34;6;583.9500440774591
Medio Muslo;34;6;1584.4289158003373
Entero;35;6;494.38454955614964
Medio Pollo;35;6;384.4181548800817
Medio Pollo Superior;35;6;849.1124965203379
Medio Pollo Inferior;35;6;790.8803498520981
Cuarto de Pollo Superior;35;6;768.7127179232174
Muslo Entero;35;6;954.3565773752242
Pechuga Completa;35;6;1469.1053736496806
Ala Completa;35;6;756.6765040915502
Media Pechuga;35;6;1496.162163161062
Blanqueta;35;6;0.0
Alón;35;6;0.0
Punta;35;6;0.0
Jamoncito;35;6;764.3394021826673
Medio Muslo;35;6;1236.7949656948308
Entero;36;6;464.0
Medio Pollo;36;6;512.765892287149
Medio Pollo Superior;36;6;529.5462161628797
Medio Pollo Inferior;36;6;639.8361688843169
Cuarto de Pollo Superior;36;6;959.9716979260677
Muslo Entero;36;6;684.5575947432163
Pechuga Completa;36;6;1469.6672551411086
Ala Completa;36;6;750.5688942755248
Media Pechuga;36;6;1860.404903654168
Blanqueta;36;6;0.0
Alón;36;6;0.0
Punta;36;6;0.0
Jamoncito;36;6;833.9328898410855
Medio Muslo;36;6;1201.878549444183
Entero;37;6;465.0
Medio Pollo;37;6;451.24191709873986
Medio Pollo Superior;37;6;766.0442655039516
Medio Pollo Inferior;37;6;857.0760720461631
Cuarto de Pollo Superior;37;6;1072.39584784444
Muslo Entero;37;6;629.6582624471284
Pechuga Completa;37;6;1070.980153038863
Ala Completa;37;6;501.64665855009883
Media Pechuga;37;6;2291.184115075333
Blanqueta;37;6;0.0
Alón;37;6;0.0
Punta;37;6;0.0
Jamoncito;37;6;1080.7278648161655
Medio Muslo;37;6;1942.5427460956591
Entero;38;6;465.0
Medio Pollo;38;6;681.5098471590547
Medio Pollo Superior;38;6;480.97670847003394
Medio Pollo Inferior;38;6;672.1757235391841
Cuarto de Pollo Superior;38;6;1058.5959007625236
Muslo Entero;38;6;651.9435571193225
Pechuga Completa;38;6;1080.2267755729451
Ala Completa;38;6;756.9611206790706
Media Pechuga;38;6;1460.7757228723606
Blanqueta;38;6;0.0
Alón;38;6;0.0
Punta;38;6;0.0
Jamoncito;38;6;848.7547157298735
Medio Muslo;38;6;1823.374020534623
Entero;39;6;313.1869652484483
Medio Pollo;39;6;364.45999013352304
Medio Pollo Superior;39;6;1030.1276395894333
Medio Pollo Inferior;39;6;432.1862878644953
Cuarto de Pollo Superior;39;6;949.3810224549485
Muslo Entero;39;6;686.959153297548
Pechuga Completa;39;6;1262.4395666106645
Ala Completa;39;6;682.3023873886193
Media Pechuga;39;6;2211.5539954564415
Blanqueta;39;6;0.0
Alón;39;6;0.0
Punta;39;6;0.0
Jamoncito;39;6;570.2576009784589
Medio Muslo;39;6;2069.004769815718
Entero;40;6;299.85562885149074
Medio Pollo;40;6;740.7423954940022
Medio Pollo Superior;40;6;607.1225791612651
Medio Pollo Inferior;40;6;840.4693832174759
Cuarto de Pollo Superior;40;6;1075.2179953159596
Muslo Entero;40;6;1001.1446381005142
Pechuga Completa;40;6;1527.01997383718
Ala Completa;40;6;561.8387096774193
Media Pechuga;40;6;1131.3088101752132
Blanqueta;40;6;0.0
Alón;40;6;0.0
Punta;40;6;0.0
Jamoncito;40;6;940.7963458513826
Medio Muslo;40;6;1509.510908121574
Entero;41;6;489.3068334476308
Medio Pollo;41;6;545.2236136886324
Medio Pollo Superior;41;6;649.9970812659467
Medio Pollo Inferior;41;6;575.9459039738273
Cuarto de Pollo Superior;41;6;783.2498974270661
Muslo Entero;41;6;587.4969654513831
Pechuga Completa;41;6;837.5941050124478
Ala Completa;41;6;665.2288050023478
Media Pechuga;41;6;1107.4791407518953
Blanqueta;41;6;0.0
Alón;41;6;0.0
Punta;41;6;0.0
Jamoncito;41;6;995.0359215372689
Medio Muslo;41;6;1802.638692967093
Entero;42;6;452.8888588374572
Medio Pollo;42;6;739.3545650602821
Medio Pollo Superior;42;6;741.9467812586763
Medio Pollo Inferior;42;6;792.2949093046565
Cuarto de Pollo Superior;42;6;1159.7498811380874
Muslo Entero;42;6;730.7304248909247
Pechuga Completa;42;6;953.4573745690715
Ala Completa;42;6;603.222807900878
Media Pechuga;42;6;1402.9916077240873
Blanqueta;42;6;0.0
Alón;42;6;0.0
Punta;42;6;0.0
Jamoncito;42;6;706.9096290579813
Medio Muslo;42;6;1030.591522038157
Entero;43;6;479.7617136149839
Medio Pollo;43;6;477.5259116737058
Medio Pollo Superior;43;6;957.502265404835
Medio Pollo Inferior;43;6;430.67374321086754
Cuarto de Pollo Superior;43;6;844.6267221008044
Muslo Entero;43;6;695.5721187331387
Pechuga Completa;43;6;1333.0328496360798
Ala Completa;43;6;486.41802522910876
Media Pechuga;43;6;1641.162080371161
Blanqueta;43;6;-2.7284841053187847e-12
Alón;43;6;-1.3394376517019488e-12
Punta;43;6;-3.968704153190959e-13
Jamoncito;43;6;974.0160710101361
Medio Muslo;43;6;1509.3977252736706
Entero;44;6;525.6816650799025
Medio Pollo;44;6;562.3860222482144
Medio Pollo Superior;44;6;715.5941860838838
Medio Pollo Inferior;44;6;608.3339534779105
Cuarto de Pollo Superior;44;6;884.7277415493586
Muslo Entero;44;6;1039.7222208896944
Pechuga Completa;44;6;962.7521072586193
Ala Completa;44;6;519.5894398733235
Media Pechuga;44;6;1581.8223649097451
Blanqueta;44;6;0.0
Alón;44;6;0.0
Punta;44;6;0.0
Jamoncito;44;6;974.0498876923176
Medio Muslo;44;6;1683.859507438482
Entero;45;6;505.1740843524538
Medio Pollo;45;6;641.7056566826792
Medio Pollo Superior;45;6;948.7891618790345
Medio Pollo Inferior;45;6;889.9630395746965
Cuarto de Pollo Superior;45;6;793.9956524116458
Muslo Entero;45;6;955.4592772457988
Pechuga Completa;45;6;1519.1713072751145
Ala Completa;45;6;806.3386119657363
Media Pechuga;45;6;1535.741326958351
Blanqueta;45;6;0.0
Alón;45;6;0.0
Punta;45;6;0.0
Jamoncito;45;6;558.211902631273
Medio Muslo;45;6;1338.9254387980768
Entero;46;6;422.74884391953566
Medio Pollo;46;6;580.744079071761
Medio Pollo Superior;46;6;763.0047473041219
Medio Pollo Inferior;46;6;593.7901113560883
Cuarto de Pollo Superior;46;6;1041.9288360834614
Muslo Entero;46;6;1230.1934141735092
Pechuga Completa;46;6;1500.4014970547842
Ala Completa;46;6;479.4910843450742
Media Pechuga;46;6;1187.9783379436146
Blanqueta;46;6;0.0
Alón;46;6;0.0
Punta;46;6;0.0
Jamoncito;46;6;754.8600376694071
Medio Muslo;46;6;1941.944843167268
Entero;47;6;400.9784430542582
Medio Pollo;47;6;581.9078149411112
Medio Pollo Superior;47;6;736.988802206997
Medio Pollo Inferior;47;6;720.9082516126235
Cuarto de Pollo Superior;47;6;1050.1238535898615
Muslo Entero;47;6;1130.0650749774463
Pechuga Completa;47;6;873.3577369494741
Ala Completa;47;6;602.4357921745035
Media Pechuga;47;6;1676.383279062961
Blanqueta;47;6;0.0
Alón;47;6;0.0
Punta;47;6;0.0
Jamoncito;47;6;721.8111749000182
Medio Muslo;47;6;1261.2343132199003
Entero;48;6;411.2244064316415
Medio Pollo;48;6;711.711842675325
Medio Pollo Superior;48;6;599.9334425459841
Medio Pollo Inferior;48;6;767.9944545530013
Cuarto de Pollo Superior;48;6;908.8982181094724
Muslo Entero;48;6;768.969988413851
Pechuga Completa;48;6;1311.2812854401134
Ala Completa;48;6;657.9680050645665
Media Pechuga;48;6;1483.6340419069397
Blanqueta;48;6;0.0
Alón;48;6;0.0
Punta;48;6;0.0
Jamoncito;48;6;1070.5219481991307
Medio Muslo;48;6;1321.7721174643539
Entero;49;6;502.11648476409323
Medio Pollo;49;6;739.0378633673804
Medio Pollo Superior;49;6;1016.6470656670167
Medio Pollo Inferior;49;6;877.211729410409
Cuarto de Pollo Superior;49;6;956.3808177357207
Muslo Entero;49;6;1113.3673679455765
Pechuga Completa;49;6;1860.5950648387877
Ala Completa;49;6;678.2271905930223
Media Pechuga;49;6;1790.013825501325
Blanqueta;49;6;0.0
Alón;49;6;0.0
Punta;49;6;0.0
Jamoncito;49;6;1024.6853557561124
Medio Muslo;49;6;1653.1455003420256
Entero;50;6;314.5865576781267
Medio Pollo;50;6;459.09584109914783
Medio Pollo Superior;50;6;856.1936853353864
Medio Pollo Inferior;50;6;773.8222903072491
Cuarto de Pollo Superior;50;6;813.0225825378753
Muslo Entero;50;6;882.3859777812926
Pechuga Completa;50;6;1268.419677239612
Ala Completa;50;6;390.9548121971444
Media Pechuga;50;6;1291.7301615224894
Blanqueta;50;6;0.0
Alón;50;6;0.0
Punta;50;6;0.0
Jamoncito;50;6;582.8509831655986
Medio Muslo;50;6;1472.0197716354646
Entero;51;6;310.3893299331464
Medio Pollo;51;6;503.73775732415066
Medio Pollo Superior;51;6;512.3714342996468
Medio Pollo Inferior;51;6;918.2704337440324
Cuarto de Pollo Superior;51;6;1048.986420913464
Muslo Entero;51;6;940.6337541374462
Pechuga Completa;51;6;952.379126855742
Ala Completa;51;6;413.8655065210582
Media Pechuga;51;6;1958.869485775583
Blanqueta;51;6;0.0
Alón;51;6;0.0
Punta;51;6;0.0
Jamoncito;51;6;1079.5987331250017
Medio Muslo;51;6;1648.544660528949
Entero;52;6;482.68509192220534
Medio Pollo;52;6;684.7622426758494
Medio Pollo Superior;52;6;985.0704461536893
Medio Pollo Inferior;52;6;454.1359296789347
Cuarto de Pollo Superior;52;6;1017.4886206577067
Muslo Entero;52;6;764.0322580645162
Pechuga Completa;52;6;1924.9386751753816
Ala Completa;52;6;596.6474613218116
Media Pechuga;52;6;1610.857043662093
Blanqueta;52;6;0.0
Alón;52;6;0.0
Punta;52;6;0.0
Jamoncito;52;6;956.3695467857929
Medio Muslo;52;6;1025.214495600723
Entero;53;6;432.1503048666587
Medio Pollo;53;6;706.6936371203818
Medio Pollo Superior;53;6;893.1698786607598
Medio Pollo Inferior;53;6;753.9135810925318
Cuarto de Pollo Superior;53;6;967.1189385362702
Muslo Entero;53;6;801.3448718228386
Pechuga Completa;53;6;1101.0969446216184
Ala Completa;53;6;420.08011785993216
Media Pechuga;53;6;1906.8871491200146
Blanqueta;53;6;0.0
Alón;53;6;0.0
Punta;53;6;0.0
Jamoncito;53;6;930.9562913133882
Medio Muslo;53;6;1580.3263554109785
Entero;54;6;560.4714740858766
Medio Pollo;54;6;379.4687223024293
Medio Pollo Superior;54;6;628.3088027872288
Medio Pollo Inferior;54;6;703.2478972488685
Cuarto de Pollo Superior;54;6;1320.2104079097865
Muslo Entero;54;6;1154.2519023707096
Pechuga Completa;54;6;1019.5800040077974
Ala Completa;54;6;360.08266664976605
Media Pechuga;54;6;1058.83077212237
Blanqueta;54;6;0.0
Alón;54;6;0.0
Punta;54;6;0.0
Jamoncito;54;6;831.4482748549356
Medio Muslo;54;6;1125.3949389124753
Entero;55;6;617.1782956791689
Medio Pollo;55;6;802.5963686394618
Medio Pollo Superior;55;6;661.9249193238641
Medio Pollo Inferior;55;6;972.4900408108322
Cuarto de Pollo Superior;55;6;1192.9833917568367
Muslo Entero;55;6;1068.221270899024
Pechuga Completa;55;6;1414.971104053948
Ala Completa;55;6;529.6230599023427
Media Pechuga;55;6;2157.200642501842
Blanqueta;55;6;0.0
Alón;55;6;0.0
Punta;55;6;0.0
Jamoncito;55;6;615.8027915755064
Medio Muslo;55;6;918.0279776153966
Entero;56;6;360.5463354450017
Medio Pollo;56;6;625.9424779773802
Medio Pollo Superior;56;6;552.9439279348177
Medio Pollo Inferior;56;6;740.1019300646125
Cuarto de Pollo Superior;56;6;759.6386375505018
Muslo Entero;56;6;760.7379668114472
Pechuga Completa;56;6;1399.3565160864391
Ala Completa;56;6;572.2793673657161
Media Pechuga;56;6;1442.5750556114288
Blanqueta;56;6;0.0
Alón;56;6;0.0
Punta;56;6;0.0
Jamoncito;56;6;1153.6257436258002
Medio Muslo;56;6;1011.0350965006287
Entero;57;6;489.95834955689725
Medio Pollo;57;6;456.79879396034687
Medio Pollo Superior;57;6;1085.4513650144318
Medio Pollo Inferior;57;6;614.7900046552428
Cuarto de Pollo Superior;57;6;1324.018766130781
Muslo Entero;57;6;859.4248583698584
Pechuga Completa;57;6;1464.3370785540765
Ala Completa;57;6;448.43448140115976
Media Pechuga;57;6;1186.0072746201604
Blanqueta;57;6;0.0
Alón;57;6;0.0
Punta;57;6;0.0
Jamoncito;57;6;814.7374676774803
Medio Muslo;57;6;1967.452460160766
Entero;58;6;591.7464552831052
Medio Pollo;58;6;594.5
Medio Pollo Superior;58;6;771.07363644009
Medio Pollo Inferior;58;6;462.63778282729874
Cuarto de Pollo Superior;58;6;842.9756584496371
Muslo Entero;58;6;1090.5030006938641
Pechuga Completa;58;6;1684.7346565892374
Ala Completa;58;6;629.2044786295925
Media Pechuga;58;6;2384.767524092062
Blanqueta;58;6;0.0
Alón;58;6;0.0
Punta;58;6;0.0
Jamoncito;58;6;1117.423774246908
Medio Muslo;58;6;1616.1584127650533
Entero;59;6;432.4427895080957
Medio Pollo;59;6;783.3546768832528
Medio Pollo Superior;59;6;1003.9693478459506
Medio Pollo Inferior;59;6;950.7443133455596
Cuarto de Pollo Superior;59;6;1100.3050901852253
Muslo Entero;59;6;1054.8548387096773
Pechuga Completa;59;6;1617.9158575989475
Ala Completa;59;6;687.1186358232299
Media Pechuga;59;6;1762.675689175937
Blanqueta;59;6;0.0
Alón;59;6;0.0
Punta;59;6;0.0
Jamoncito;59;6;759.9840738306866
Medio Muslo;59;6;1319.304811877274
Entero;60;6;642.9295621843526
Medio Pollo;60;6;405.14532311674725
Medio Pollo Superior;60;6;517.7165219119963
Medio Pollo Inferior;60;6;980.945857449136
Cuarto de Pollo Superior;60;6;643.7125878618613
Muslo Entero;60;6;693.0614351658933
Pechuga Completa;60;6;1912.46367896096
Ala Completa;60;6;799.3751643564068
Media Pechuga;60;6;2132.8095477876836
Blanqueta;60;6;0.0
Alón;60;6;0.0
Punta;60;6;0.0
Jamoncito;60;6;790.0992437916163
Medio Muslo;60;6;1404.2032749711386
Entero;61;6;329.85407273314377
Medio Pollo;61;6;429.51731089355513
Medio Pollo Superior;61;6;664.8198281394958
Medio Pollo Inferior;61;6;954.4131852638827
Cuarto de Pollo Superior;61;6;1234.7527963581665
Muslo Entero;61;6;945.2934035437842
Pechuga Completa;61;6;1141.2378197666442
Ala Completa;61;6;481.1424993483566
Media Pechuga;61;6;1676.0276472355142
Blanqueta;61;6;0.0
Alón;61;6;0.0
Punta;61;6;0.0
Jamoncito;61;6;963.7625662698041
Medio Muslo;61;6;1804.660057961665
Entero;62;6;661.5851110832509
Medio Pollo;62;6;502.45155003155446
Medio Pollo Superior;62;6;622.8973754505848
Medio Pollo Inferior;62;6;476.7273957527715
Cuarto de Pollo Superior;62;6;1355.0566266612113
Muslo Entero;62;6;944.5645161290323
Pechuga Completa;62;6;1851.4027378684323
Ala Completa;62;6;494.2995183999565
Media Pechuga;62;6;2075.466965538022
Blanqueta;62;6;0.0
Alón;62;6;0.0
Punta;62;6;0.0
Jamoncito;62;6;595.6785933622292
Medio Muslo;62;6;1303.80393381368
Entero;63;6;516.2519411493748
Medio Pollo;63;6;705.8589886736097
Medio Pollo Superior;63;6;785.2203996187111
Medio Pollo Inferior;63;6;539.058211668825
Cuarto de Pollo Superior;63;6;1230.7452458714622
Muslo Entero;63;6;621.5246516348957
Pechuga Completa;63;6;1119.9983860618718
Ala Completa;63;6;652.9384789355723
Media Pechuga;63;6;1380.4167741975443
Blanqueta;63;6;0.0
Alón;63;6;0.0
Punta;63;6;0.0
Jamoncito;63;6;1005.2884675424754
Medio Muslo;63;6;1316.7657200241335
Entero;64;6;634.6366274711391
Medio Pollo;64;6;369.4649425586096
Medio Pollo Superior;64;6;543.5168724187025
Medio Pollo Inferior;64;6;678.8385135227967
Cuarto de Pollo Superior;64;6;1337.646994778875
Muslo Entero;64;6;726.2849387496738
Pechuga Completa;64;6;1117.8431096134357
Ala Completa;64;6;710.6573415954322
Media Pechuga;64;6;1230.026315088596
Blanqueta;64;6;0.0
Alón;64;6;0.0
Punta;64;6;0.0
Jamoncito;64;6;1011.7147100823026
Medio Muslo;64;6;1666.010733859365
Entero;65;6;513.6431892782832
Medio Pollo;65;6;774.1652823068154
Medio Pollo Superior;65;6;751.0267404064722
Medio Pollo Inferior;65;6;674.3088658487359
Cuarto de Pollo Superior;65;6;877.1132306357493
Muslo Entero;65;6;993.6006994615623
Pechuga Completa;65;6;1679.1158696165612
Ala Completa;65;6;715.2297641302237
Media Pechuga;65;6;1322.534454681657
Blanqueta;65;6;0.0
Alón;65;6;0.0
Punta;65;6;0.0
Jamoncito;65;6;1162.1492275478088
Medio Muslo;65;6;1656.9511774400082
Entero;66;6;327.71161515624743
Medio Pollo;66;6;608.5419255358557
Medio Pollo Superior;66;6;671.332633720148
Medio Pollo Inferior;66;6;812.2423835073199
Cuarto de Pollo Superior;66;6;651.7488433893823
Muslo Entero;66;6;542.6269282520087
Pechuga Completa;66;6;1800.5894565333876
Ala Completa;66;6;721.1156180015228
Media Pechuga;66;6;1097.992801467324
Blanqueta;66;6;0.0
Alón;66;6;0.0
Punta;66;6;0.0
Jamoncito;66;6;790.3357529207209
Medio Muslo;66;6;2037.0262220377754
Entero;67;6;406.30896938258735
Medio Pollo;67;6;452.8225499338792
Medio Pollo Superior;67;6;923.3648420064276
Medio Pollo Inferior;67;6;906.217086761626
Cuarto de Pollo Superior;67;6;823.619642031597
Muslo Entero;67;6;1042.7317755453175
Pechuga Completa;67;6;855.6355238816492
Ala Completa;67;6;460.2132243471329
Media Pechuga;67;6;1796.892486093833
Blanqueta;67;6;0.0
Alón;67;6;0.0
Punta;67;6;0.0
Jamoncito;67;6;1156.0170290294318
Medio Muslo;67;6;1391.8418343683952
Entero;68;6;320.8586848243718
Medio Pollo;68;6;593.8975621106855
Medio Pollo Superior;68;6;1037.9603463405856
Medio Pollo Inferior;68;6;468.141723477086
Cuarto de Pollo Superior;68;6;1259.271513789025
Muslo Entero;68;6;1103.5960056329275
Pechuga Completa;68;6;1512.542663150709
Ala Completa;68;6;820.8183900788956
Media Pechuga;68;6;2292.9349684863305
Blanqueta;68;6;0.0
Alón;68;6;0.0
Punta;68;6;0.0
Jamoncito;68;6;710.0967741935484
Medio Muslo;68;6;1252.3870967741934
Entero;69;6;468.9664387811402
Medio Pollo;69;6;716.1741155352961
Medio Pollo Superior;69;6;645.4707977275011
Medio Pollo Inferior;69;6;709.7646735074874
Cuarto de Pollo Superior;69;6;1371.8984867816025
Muslo Entero;69;6;677.5618012906782
Pechuga Completa;69;6;985.3866627958589
Ala Completa;69;6;402.8159291683331
Media Pechuga;69;6;1348.7745473496175
Blanqueta;69;6;0.0
Alón;69;6;0.0
Punta;69;6;0.0
Jamoncito;69;6;637.8387096774194
Medio Muslo;69;6;1123.3548387096773
Entero;70;6;535.6305701895998
Medio Pollo;70;6;394.15744146388477
Medio Pollo Superior;70;6;565.5382906766919
Medio Pollo Inferior;70;6;948.1326269312653
Cuarto de Pollo Superior;70;6;781.720888286002
Muslo Entero;70;6;930.9325835375402
Pechuga Completa;70;6;1324.6917947110753
Ala Completa;70;6;552.5202058591525
Media Pechuga;70;6;1688.9975290394505
Blanqueta;70;6;0.0
Alón;70;6;0.0
Punta;70;6;0.0
Jamoncito;70;6;590.5447465083237
Medio Muslo;70;6;1335.6878050429393
Entero;71;6;448.36023878729856
Medio Pollo;71;6;657.8249798598325
Medio Pollo Superior;71;6;1014.5128248124001
Medio Pollo Inferior;71;6;627.5180828709226
Cuarto de Pollo Superior;71;6;991.7915969275213
Muslo Entero;71;6;785.6231684506402
Pechuga Completa;71;6;1391.860649052886
Ala Completa;71;6;766.1846958663273
Media Pechuga;71;6;1362.9528539872945
Blanqueta;71;6;0.0
Alón;71;6;0.0
Punta;71;6;0.0
Jamoncito;71;6;552.9457002408278
Medio Muslo;71;6;1750.5575538205678
Entero;72;6;576.1840674175897
Medio Pollo;72;6;358.3376434069438
Medio Pollo Superior;72;6;599.998473226869
Medio Pollo Inferior;72;6;681.0117686643816
Cuarto de Pollo Superior;72;6;1022.4580535935429
Muslo Entero;72;6;651.3333416047778
Pechuga Completa;72;6;1193.0816675970295
Ala Completa;72;6;477.22961518014336
Media Pechuga;72;6;1829.4926117857115
Blanqueta;72;6;0.0
Alón;72;6;0.0
Punta;72;6;0.0
Jamoncito;72;6;1086.6742248507799
Medio Muslo;72;6;1399.1417379106858
Entero;73;6;454.8048076265668
Medio Pollo;73;6;435.461564668741
Medio Pollo Superior;73;6;639.8834482900353
Medio Pollo Inferior;73;6;791.5956030163584
Cuarto de Pollo Superior;73;6;910.3529175830627
Muslo Entero;73;6;1123.0960962257916
Pechuga Completa;73;6;1033.2268511409907
Ala Completa;73;6;738.1535545523047
Media Pechuga;73;6;1074.1004535505188
Blanqueta;73;6;0.0
Alón;73;6;0.0
Punta;73;6;0.0
Jamoncito;73;6;536.7819681243885
Medio Muslo;73;6;1169.3306431630067
Entero;74;6;574.5518114759517
Medio Pollo;74;6;708.8211119820758
Medio Pollo Superior;74;6;665.9827781529773
Medio Pollo Inferior;74;6;810.1586955174677
Cuarto de Pollo Superior;74;6;1289.8665515973894
Muslo Entero;74;6;1058.5909052126196
Pechuga Completa;74;6;1527.2109047157348
Ala Completa;74;6;576.4801748170308
Media Pechuga;74;6;1918.1897678545915
Blanqueta;74;6;0.0
Alón;74;6;0.0
Punta;74;6;0.0
Jamoncito;74;6;662.6351362952529
Medio Muslo;74;6;1245.7147671020068
Entero;75;6;383.64338089125147
Medio Pollo;75;6;772.0752548263438
Medio Pollo Superior;75;6;888.6983081747229
Medio Pollo Inferior;75;6;641.4632928059531
Cuarto de Pollo Superior;75;6;1324.4839079114427
Muslo Entero;75;6;1127.0433736131963
Pechuga Completa;75;6;1293.3962518661942
Ala Completa;75;6;739.4040032710517
Media Pechuga;75;6;1211.5880961635078
Blanqueta;75;6;0.0
Alón;75;6;0.0
Punta;75;6;0.0
Jamoncito;75;6;946.4664835051133
Medio Muslo;75;6;1258.154049726279
Entero;76;6;470.99999999728607
Medio Pollo;76;6;362.05688018461694
Medio Pollo Superior;76;6;642.0381917655237
Medio Pollo Inferior;76;6;634.4803174151943
Cuarto de Pollo Superior;76;6;1250.2194783218563
Muslo Entero;76;6;970.4447183192163
Pechuga Completa;76;6;1261.1246116389539
Ala Completa;76;6;815.7546878057751
Media Pechuga;76;6;1948.8611383880996
Blanqueta;76;6;0.0
Alón;76;6;0.0
Punta;76;6;0.0
Jamoncito;76;6;863.9365217474838
Medio Muslo;76;6;1778.9103559956343
Entero;77;6;363.19276716596863
Medio Pollo;77;6;721.6300052984988
Medio Pollo Superior;77;6;500.5047932842073
Medio Pollo Inferior;77;6;674.1125959001064
Cuarto de Pollo Superior;77;6;1246.59354001102
Muslo Entero;77;6;761.3865749580232
Pechuga Completa;77;6;1621.8112822282287
Ala Completa;77;6;631.5855968604873
Media Pechuga;77;6;1713.295950685245
Blanqueta;77;6;0.0
Alón;77;6;0.0
Punta;77;6;0.0
Jamoncito;77;6;1062.6256195914918
Medio Muslo;77;6;1023.7633214849659
Entero;78;6;295.5415327699897
Medio Pollo;78;6;421.18721878456586
Medio Pollo Superior;78;6;1067.1657991264203
Medio Pollo Inferior;78;6;769.5003073257002
Cuarto de Pollo Superior;78;6;538.4675870631456
Muslo Entero;78;6;944.8698845116861
Pechuga Completa;78;6;1461.278494163258
Ala Completa;78;6;769.4907254248059
Media Pechuga;78;6;1289.1352257147807
Blanqueta;78;6;0.0
Alón;78;6;0.0
Punta;78;6;0.0
Jamoncito;78;6;764.2746876580935
Medio Muslo;78;6;1883.74078495112
Entero;79;6;297.51004226541664
Medio Pollo;79;6;607.7333612371959
Medio Pollo Superior;79;6;1018.2821090717971
Medio Pollo Inferior;79;6;420.81865995115913
Cuarto de Pollo Superior;79;6;1012.5077006293186
Muslo Entero;79;6;781.2178255997927
Pechuga Completa;79;6;1362.7420665452971
Ala Completa;79;6;408.340169099127
Media Pechuga;79;6;1368.7818378097502
Blanqueta;79;6;0.0
Alón;79;6;0.0
Punta;79;6;0.0
Jamoncito;79;6;816.368798347576
Medio Muslo;79;6;994.3955141875779
Entero;80;6;648.38399466952
Medio Pollo;80;6;427.625977109552
Medio Pollo Superior;80;6;1042.7004498017857
Medio Pollo Inferior;80;6;816.1855574030402
Cuarto de Pollo Superior;80;6;1008.012062501371
Muslo Entero;80;6;884.431616773977
Pechuga Completa;80;6;1238.8870609758912
Ala Completa;80;6;612.2143052742008
Media Pechuga;80;6;1150.3659464231448
Blanqueta;80;6;0.0
Alón;80;6;0.0
Punta;80;6;0.0
Jamoncito;80;6;873.1020753384631
Medio Muslo;80;6;2048.4252268280543
Entero;81;6;488.8971328282477
Medio Pollo;81;6;506.5967155543822
Medio Pollo Superior;81;6;565.3988990770036
Medio Pollo Inferior;81;6;764.45295661556
Cuarto de Pollo Superior;81;6;1105.7764689717872
Muslo Entero;81;6;993.390213826107
Pechuga Completa;81;6;1095.0487419151711
Ala Completa;81;6;837.3832869374357
Media Pechuga;81;6;2157.0692696514425
Blanqueta;81;6;0.0
Alón;81;6;0.0
Punta;81;6;0.0
Jamoncito;81;6;1174.997332102959
Medio Muslo;81;6;905.6877161417954
Entero;82;6;282.3477321359855
Medio Pollo;82;6;435.9346865638938
Medio Pollo Superior;82;6;986.3663993830411
Medio Pollo Inferior;82;6;644.0771952286549
Cuarto de Pollo Superior;82;6;796.7362997703108
Muslo Entero;82;6;807.5941817589332
Pechuga Completa;82;6;969.5902626321873
Ala Completa;82;6;632.602750244373
Media Pechuga;82;6;1079.8852127777975
Blanqueta;82;6;0.0
Alón;82;6;0.0
Punta;82;6;0.0
Jamoncito;82;6;865.990182529871
Medio Muslo;82;6;1658.1732644835647
Entero;83;6;647.224023528688
Medio Pollo;83;6;691.5670331918503
Medio Pollo Superior;83;6;643.7842617192089
Medio Pollo Inferior;83;6;433.18387599143523
Cuarto de Pollo Superior;83;6;938.3007659577478
Muslo Entero;83;6;1186.9475871414622
Pechuga Completa;83;6;1456.8580608838695
Ala Completa;83;6;822.4622159530342
Media Pechuga;83;6;1532.0420881226867
Blanqueta;83;6;0.0
Alón;83;6;0.0
Punta;83;6;0.0
Jamoncito;83;6;918.1751511120243
Medio Muslo;83;6;1001.665418360343
Entero;84;6;420.80478502397006
Medio Pollo;84;6;474.13049782349725
Medio Pollo Superior;84;6;617.2145592033319
Medio Pollo Inferior;84;6;945.9102670619594
Cuarto de Pollo Superior;84;6;702.7980943486646
Muslo Entero;84;6;946.8029737325809
Pechuga Completa;84;6;845.300355408168
Ala Completa;84;6;604.0998695502682
Media Pechuga;84;6;1735.4024804327898
Blanqueta;84;6;0.0
Alón;84;6;0.0
Punta;84;6;0.0
Jamoncito;84;6;905.129312089344
Medio Muslo;84;6;928.4171483255952
Entero;85;6;309.5510082107442
Medio Pollo;85;6;750.0472099737345
Medio Pollo Superior;85;6;615.7290689348479
Medio Pollo Inferior;85;6;979.8389581216811
Cuarto de Pollo Superior;85;6;763.6303638800254
Muslo Entero;85;6;928.5778315878225
Pechuga Completa;85;6;962.7317814271278
Ala Completa;85;6;660.7250310325927
Media Pechuga;85;6;2337.5851187897215
Blanqueta;85;6;0.0
Alón;85;6;0.0
Punta;85;6;0.0
Jamoncito;85;6;806.5610402589552
Medio Muslo;85;6;1716.040931755013
Entero;86;6;391.9035393757183
Medio Pollo;86;6;520.3843239206013
Medio Pollo Superior;86;6;859.9634991106519
Medio Pollo Inferior;86;6;966.842285029075
Cuarto de Pollo Superior;86;6;718.9478919971986
Muslo Entero;86;6;928.4193548387098
Pechuga Completa;86;6;1983.1072066511754
Ala Completa;86;6;540.5850921542667
Media Pechuga;86;6;1162.8918336099462
Blanqueta;86;6;0.0
Alón;86;6;0.0
Punta;86;6;0.0
Jamoncito;86;6;851.4684390538918
Medio Muslo;86;6;1083.7323823500133
Entero;87;6;469.12680260746754
Medio Pollo;87;6;567.5338665744001
Medio Pollo Superior;87;6;707.6680404869653
Medio Pollo Inferior;87;6;225.10959943614512
Cuarto de Pollo Superior;87;6;1477.4344415446712
Muslo Entero;87;6;878.1587480744389
Pechuga Completa;87;6;1153.7445872900962
Ala Completa;87;6;399.6381679989613
Media Pechuga;87;6;1485.3368963350467
Blanqueta;87;6;0.0
Alón;87;6;0.0
Punta;87;6;0.0
Jamoncito;87;6;954.4013527100492
Medio Muslo;87;6;1716.3450072226383
Entero;88;6;365.1366401940647
Medio Pollo;88;6;423.53050555442394
Medio Pollo Superior;88;6;1063.7324887402845
Medio Pollo Inferior;88;6;580.2752363649689
Cuarto de Pollo Superior;88;6;1182.2352986443614
Muslo Entero;88;6;1105.3251228933032
Pechuga Completa;88;6;1866.7028616631112
Ala Completa;88;6;495.23407759369786
Media Pechuga;88;6;2264.280799520771
Blanqueta;88;6;0.0
Alón;88;6;0.0
Punta;88;6;0.0
Jamoncito;88;6;891.8137010533917
Medio Muslo;88;6;957.6194460576638
Entero;89;6;404.15008729659445
Medio Pollo;89;6;637.6163398972003
Medio Pollo Superior;89;6;856.0703804438609
Medio Pollo Inferior;89;6;968.3940503317702
Cuarto de Pollo Superior;89;6;1465.483251477293
Muslo Entero;89;6;801.7741935483871
Pechuga Completa;89;6;1695.0747591077234
Ala Completa;89;6;669.23626556156
Media Pechuga;89;6;1268.4959529161838
Blanqueta;89;6;0.0
Alón;89;6;0.0
Punta;89;6;0.0
Jamoncito;89;6;605.4731182795699
Medio Muslo;89;6;1555.1695740438488
Entero;90;6;605.5130641978345
Medio Pollo;90;6;746.4391594040374
Medio Pollo Superior;90;6;647.8238340529175
Medio Pollo Inferior;90;6;450.33461294908165
Cuarto de Pollo Superior;90;6;789.7187449741608
Muslo Entero;90;6;939.3225806451613
Pechuga Completa;90;6;1100.6755817118121
Ala Completa;90;6;763.9134750655963
Media Pechuga;90;6;2134.6042797360547
Blanqueta;90;6;0.0
Alón;90;6;0.0
Punta;90;6;0.0
Jamoncito;90;6;479.70754782932244
Medio Muslo;90;6;1550.688573530102
Entero;91;6;331.0830467529517
Medio Pollo;91;6;710.7444111131504
Medio Pollo Superior;91;6;988.8181623756249
Medio Pollo Inferior;91;6;876.4443824569641
Cuarto de Pollo Superior;91;6;1420.9551235103463
Muslo Entero;91;6;582.5476361671831
Pechuga Completa;91;6;1060.772209148668
Ala Completa;91;6;749.6231750705069
Media Pechuga;91;6;1385.008413040061
Blanqueta;91;6;0.0
Alón;91;6;0.0
Punta;91;6;0.0
Jamoncito;91;6;1090.4334683732238
Medio Muslo;91;6;1869.6315411848134
Entero;92;6;685.3755430681792
Medio Pollo;92;6;544.6695840311882
Medio Pollo Superior;92;6;729.4613668682957
Medio Pollo Inferior;92;6;837.715551947121
Cuarto de Pollo Superior;92;6;819.3725335922039
Muslo Entero;92;6;697.4585409330623
Pechuga Completa;92;6;924.1784155246985
Ala Completa;92;6;453.32035380694066
Media Pechuga;92;6;2010.074984839104
Blanqueta;92;6;0.0
Alón;92;6;0.0
Punta;92;6;0.0
Jamoncito;92;6;924.9758312814735
Medio Muslo;92;6;1303.1691439307074
Entero;93;6;409.53392509999003
Medio Pollo;93;6;557.0537484392502
Medio Pollo Superior;93;6;1043.756898499038
Medio Pollo Inferior;93;6;439.6300430105595
Cuarto de Pollo Superior;93;6;979.6501821648369
Muslo Entero;93;6;908.8690576343922
Pechuga Completa;93;6;1120.6790362190154
Ala Completa;93;6;551.7139315283986
Media Pechuga;93;6;1857.5188434655888
Blanqueta;93;6;0.0
Alón;93;6;0.0
Punta;93;6;0.0
Jamoncito;93;6;886.7541202579158
Medio Muslo;93;6;2031.022881557851
Entero;94;6;559.700730591839
Medio Pollo;94;6;760.3909127395013
Medio Pollo Superior;94;6;789.9835830060023
Medio Pollo Inferior;94;6;695.8144287447356
Cuarto de Pollo Superior;94;6;753.5875996600245
Muslo Entero;94;6;590.759766539533
Pechuga Completa;94;6;1357.1662029157917
Ala Completa;94;6;462.15465319042767
Media Pechuga;94;6;2456.3821770086765
Blanqueta;94;6;0.0
Alón;94;6;0.0
Punta;94;6;0.0
Jamoncito;94;6;632.6311343947442
Medio Muslo;94;6;1358.5828775272012
Entero;95;6;596.5503870486447
Medio Pollo;95;6;520.5553388212484
Medio Pollo Superior;95;6;1131.4577165381281
Medio Pollo Inferior;95;6;561.0091297908253
Cuarto de Pollo Superior;95;6;680.3679638499668
Muslo Entero;95;6;612.7156873520405
Pechuga Completa;95;6;1885.8795534564676
Ala Completa;95;6;596.1632433886364
Media Pechuga;95;6;2002.8874727866535
Blanqueta;95;6;0.0
Alón;95;6;0.0
Punta;95;6;0.0
Jamoncito;95;6;578.6788974023658
Medio Muslo;95;6;1246.3901270367367
Entero;96;6;412.61442199544365
Medio Pollo;96;6;533.3978886767045
Medio Pollo Superior;96;6;671.4455545981541
Medio Pollo Inferior;96;6;579.1453143679084
Cuarto de Pollo Superior;96;6;872.1579155450398
Muslo Entero;96;6;939.3225681804628
Pechuga Completa;96;6;1692.993388433926
Ala Completa;96;6;483.64849112338345
Media Pechuga;96;6;1241.7422799083713
Blanqueta;96;6;0.0
Alón;96;6;0.0
Punta;96;6;0.0
Jamoncito;96;6;994.2108795458475
Medio Muslo;96;6;1667.3559029428295
Entero;97;6;642.6775889300857
Medio Pollo;97;6;682.9583863891208
Medio Pollo Superior;97;6;888.4512608413881
Medio Pollo Inferior;97;6;912.9338187706563
Cuarto de Pollo Superior;97;6;895.9592885624442
Muslo Entero;97;6;902.980096460691
Pechuga Completa;97;6;1332.735565888633
Ala Completa;97;6;551.620199091152
Media Pechuga;97;6;1358.700704426391
Blanqueta;97;6;0.0
Alón;97;6;0.0
Punta;97;6;0.0
Jamoncito;97;6;994.3341366801264
Medio Muslo;97;6;2093.818459182108
Entero;98;6;676.0008052960246
Medio Pollo;98;6;631.8931980968845
Medio Pollo Superior;98;6;532.2249060472565
Medio Pollo Inferior;98;6;840.9278577273251
Cuarto de Pollo Superior;98;6;1010.3869696513441
Muslo Entero;98;6;956.9205733205107
Pechuga Completa;98;6;1281.1503090357614
Ala Completa;98;6;781.4455518269643
Media Pechuga;98;6;2366.415804462395
Blanqueta;98;6;0.0
Alón;98;6;0.0
Punta;98;6;0.0
Jamoncito;98;6;888.1987154177764
Medio Muslo;98;6;1902.6696500101918
Entero;99;6;329.7331988257368
Medio Pollo;99;6;602.2505268372903
Medio Pollo Superior;99;6;688.960458150749
Medio Pollo Inferior;99;6;683.5643499484206
Cuarto de Pollo Superior;99;6;974.356076778192
Muslo Entero;99;6;702.0821542345797
Pechuga Completa;99;6;1932.894579104221
Ala Completa;99;6;544.7296077986626
Media Pechuga;99;6;1116.0069165219952
Blanqueta;99;6;0.0
Alón;99;6;0.0
Punta;99;6;0.0
Jamoncito;99;6;845.4641977344932
Medio Muslo;99;6;1888.1487317785513
Entero;100;6;659.7512271554763
Medio Pollo;100;6;612.5
Medio Pollo Superior;100;6;1142.3189597707833
Medio Pollo Inferior;100;6;454.97155869833614
Cuarto de Pollo Superior;100;6;1426.260105601914
Muslo Entero;100;6;872.785954678395
Pechuga Completa;100;6;1662.9456421593823
Ala Completa;100;6;714.579061760647
Media Pechuga;100;6;1568.4122970986878
Blanqueta;100;6;0.0
Alón;100;6;0.0
Punta;100;6;0.0
Jamoncito;100;6;725.5680603300231
Medio Muslo;100;6;1213.1397849462364
Entero;101;6;302.876256469395
Medio Pollo;101;6;754.251525832149
Medio Pollo Superior;101;6;954.1206084128411
Medio Pollo Inferior;101;6;799.6489487367711
Cuarto de Pollo Superior;101;6;1350.2909644099752
Muslo Entero;101;6;1227.971606538051
Pechuga Completa;101;6;964.3497587040943
Ala Completa;101;6;533.7611258024052
Media Pechuga;101;6;2226.5669455467955
Blanqueta;101;6;0.0
Alón;101;6;0.0
Punta;101;6;0.0
Jamoncito;101;6;722.6919267855915
Medio Muslo;101;6;1198.8047335910846
Entero;102;6;539.1106910605706
Medio Pollo;102;6;470.748474167851
Medio Pollo Superior;102;6;751.4219140959704
Medio Pollo Inferior;102;6;907.8908481127412
Cuarto de Pollo Superior;102;6;1010.5709333720498
Muslo Entero;102;6;873.2199628162442
Pechuga Completa;102;6;1067.4522758576586
Ala Completa;102;6;576.2409699500034
Media Pechuga;102;6;1355.6090026893212
Blanqueta;102;6;0.0
Alón;102;6;0.0
Punta;102;6;0.0
Jamoncito;102;6;860.4845369240214
Medio Muslo;102;6;1710.6657541059733
Entero;103;6;674.0723313742317
Medio Pollo;103;6;419.1000377858255
Medio Pollo Superior;103;6;772.8461565306707
Medio Pollo Inferior;103;6;446.05441097028177
Cuarto de Pollo Superior;103;6;721.9458503276221
Muslo Entero;103;6;1064.625993050843
Pechuga Completa;103;6;1709.7916296890878
Ala Completa;103;6;575.1901046303136
Media Pechuga;103;6;2010.904505082581
Blanqueta;103;6;0.0
Alón;103;6;0.0
Punta;103;6;0.0
Jamoncito;103;6;521.8043968855325
Medio Muslo;103;6;1063.7413235853176
Entero;104;6;368.91166516007297
Medio Pollo;104;6;638.2268802462164
Medio Pollo Superior;104;6;721.559779206862
Medio Pollo Inferior;104;6;544.3132906658357
Cuarto de Pollo Superior;104;6;642.5563506256178
Muslo Entero;104;6;885.4486245641692
Pechuga Completa;104;6;1883.9836046092637
Ala Completa;104;6;754.6428147636195
Media Pechuga;104;6;2464.654992157083
Blanqueta;104;6;0.0
Alón;104;6;0.0
Punta;104;6;0.0
Jamoncito;104;6;611.4124967225007
Medio Muslo;104;6;1886.6053930186993
Entero;105;6;400.23699172147036
Medio Pollo;105;6;478.0992955762883
Medio Pollo Superior;105;6;1068.229960688917
Medio Pollo Inferior;105;6;496.8441811396828
Cuarto de Pollo Superior;105;6;853.1818440850715
Muslo Entero;105;6;1255.2665306943293
Pechuga Completa;105;6;1620.3641666481467
Ala Completa;105;6;725.3060203707031
Media Pechuga;105;6;1363.3108197407457
Blanqueta;105;6;0.0
Alón;105;6;0.0
Punta;105;6;0.0
Jamoncito;105;6;680.8464393860667
Medio Muslo;105;6;1400.2365591397847
Entero;106;6;555.2294692838589
Medio Pollo;106;6;466.51526276808875
Medio Pollo Superior;106;6;964.9227060046511
Medio Pollo Inferior;106;6;585.79583560937
Cuarto de Pollo Superior;106;6;1308.1270414102573
Muslo Entero;106;6;833.7213475801359
Pechuga Completa;106;6;1066.8597110692933
Ala Completa;106;6;623.3870967741935
Media Pechuga;106;6;1918.0029074029233
Blanqueta;106;6;0.0
Alón;106;6;0.0
Punta;106;6;0.0
Jamoncito;106;6;647.3307227207574
Medio Muslo;106;6;1733.032258064516
Entero;107;6;482.9346606910672
Medio Pollo;107;6;565.0024585468769
Medio Pollo Superior;107;6;661.8046075312494
Medio Pollo Inferior;107;6;645.8490732273418
Cuarto de Pollo Superior;107;6;731.2912831444607
Muslo Entero;107;6;726.2603142993281
Pechuga Completa;107;6;1445.086842066761
Ala Completa;107;6;383.8033594258579
Media Pechuga;107;6;1859.3595473859687
Blanqueta;107;6;0.0
Alón;107;6;0.0
Punta;107;6;0.0
Jamoncito;107;6;1032.8807824839491
Medio Muslo;107;6;1530.0752688172042
Entero;108;6;463.38788499000134
Medio Pollo;108;6;343.57303027644247
Medio Pollo Superior;108;6;671.126154251818
Medio Pollo Inferior;108;6;922.8979452232836
Cuarto de Pollo Superior;108;6;675.2311754422827
Muslo Entero;108;6;602.2319461181021
Pechuga Completa;108;6;1595.3630763139736
Ala Completa;108;6;368.2113839078109
Media Pechuga;108;6;1064.3988913843348
Blanqueta;108;6;0.0
Alón;108;6;0.0
Punta;108;6;0.0
Jamoncito;108;6;515.1256805921187
Medio Muslo;108;6;1269.5913978494623
Entero;109;6;346.9360222147504
Medio Pollo;109;6;708.5795086650628
Medio Pollo Superior;109;6;657.6617380028914
Medio Pollo Inferior;109;6;828.6096473350516
Cuarto de Pollo Superior;109;6;1057.1110041817553
Muslo Entero;109;6;899.0937252802659
Pechuga Completa;109;6;1045.8745939151754
Ala Completa;109;6;442.0018355573872
Media Pechuga;109;6;1942.5828386842031
Blanqueta;109;6;0.0
Alón;109;6;0.0
Punta;109;6;0.0
Jamoncito;109;6;584.2192109651476
Medio Muslo;109;6;1022.5963111628489
Entero;110;6;462.0
Medio Pollo;110;6;383.0238178585257
Medio Pollo Superior;110;6;951.1311775599672
Medio Pollo Inferior;110;6;507.2064473644432
Cuarto de Pollo Superior;110;6;1308.7836796241909
Muslo Entero;110;6;1175.6752167360285
Pechuga Completa;110;6;1340.684467390369
Ala Completa;110;6;518.9370974401462
Media Pechuga;110;6;1201.1210954008263
Blanqueta;110;6;0.0
Alón;110;6;0.0
Punta;110;6;0.0
Jamoncito;110;6;943.0388041042622
Medio Muslo;110;6;1538.9600738558718
Entero;111;6;462.0
Medio Pollo;111;6;743.996794047995
Medio Pollo Superior;111;6;631.6533194168642
Medio Pollo Inferior;111;6;722.1024875478714
Cuarto de Pollo Superior;111;6;1282.4623286858773
Muslo Entero;111;6;566.5701982369995
Pechuga Completa;111;6;898.8216321237454
Ala Completa;111;6;552.812116848571
Media Pechuga;111;6;1583.9657110372684
Blanqueta;111;6;0.0
Alón;111;6;0.0
Punta;111;6;0.0
Jamoncito;111;6;879.9037018124345
Medio Muslo;111;6;1827.4380383650189
Entero;112;6;462.0
Medio Pollo;112;6;727.4026911496804
Medio Pollo Superior;112;6;918.1653534307403
Medio Pollo Inferior;112;6;895.8962488578541
Cuarto de Pollo Superior;112;6;1024.4898204324566
Muslo Entero;112;6;1161.9132672965538
Pechuga Completa;112;6;1856.8618406759035
Ala Completa;112;6;750.4670832104015
Media Pechuga;112;6;1960.2820329179954
Blanqueta;112;6;0.0
Alón;112;6;0.0
Punta;112;6;0.0
Jamoncito;112;6;654.6176621893361
Medio Muslo;112;6;970.2120775369928
Entero;113;6;340.3417748533474
Medio Pollo;113;6;487.93722948470906
Medio Pollo Superior;113;6;1050.7783863699774
Medio Pollo Inferior;113;6;824.0174822438407
Cuarto de Pollo Superior;113;6;917.741935483871
Muslo Entero;113;6;729.0722751079544
Pechuga Completa;113;6;1842.7758940919132
Ala Completa;113;6;594.7955571497079
Media Pechuga;113;6;1603.143621736875
Blanqueta;113;6;0.0
Alón;113;6;0.0
Punta;113;6;0.0
Jamoncito;113;6;819.0140470263988
Medio Muslo;113;6;1199.4683092348098
Entero;114;6;530.7787142796586
Medio Pollo;114;6;610.4887600998112
Medio Pollo Superior;114;6;813.4193548387098
Medio Pollo Inferior;114;6;494.583785598894
Cuarto de Pollo Superior;114;6;1143.6129032258066
Muslo Entero;114;6;706.4656485251056
Pechuga Completa;114;6;1101.3188929009764
Ala Completa;114;6;491.9929205226362
Media Pechuga;114;6;1337.3815672090211
Blanqueta;114;6;0.0
Alón;114;6;0.0
Punta;114;6;0.0
Jamoncito;114;6;979.1322776502759
Medio Muslo;114;6;1232.8270183997597
Entero;115;6;307.2782580725275
Medio Pollo;115;6;511.50341957912156
Medio Pollo Superior;115;6;813.4193548387098
Medio Pollo Inferior;115;6;714.258064516129
Cuarto de Pollo Superior;115;6;826.3205140077869
Muslo Entero;115;6;699.1104697315695
Pechuga Completa;115;6;929.9515834836745
Ala Completa;115;6;425.4980217036368
Media Pechuga;115;6;2060.4730221615227
Blanqueta;115;6;0.0
Alón;115;6;0.0
Punta;115;6;0.0
Jamoncito;115;6;1099.3790106420363
Medio Muslo;115;6;1802.9203593669959
Entero;116;6;399.71150704613393
Medio Pollo;116;6;473.1657791195196
Medio Pollo Superior;116;6;780.7935616678643
Medio Pollo Inferior;116;6;460.3217972672069
Cuarto de Pollo Superior;116;6;1226.2376170555076
Muslo Entero;116;6;1041.9627788631374
Pechuga Completa;116;6;1210.3565203823168
Ala Completa;116;6;528.5941608846119
Media Pechuga;116;6;2242.3033381055957
Blanqueta;116;6;1.1091132484979343e-12
Alón;116;6;0.0
Punta;116;6;1.4146271297347592e-12
Jamoncito;116;6;1134.8611903384854
Medio Muslo;116;6;1999.7866659489453
Entero;117;6;352.6041155890218
Medio Pollo;117;6;355.1930983499737
Medio Pollo Superior;117;6;846.0451480095553
Medio Pollo Inferior;117;6;899.2925401737589
Cuarto de Pollo Superior;117;6;734.461461605534
Muslo Entero;117;6;876.0421079404128
Pechuga Completa;117;6;1876.2264058698324
Ala Completa;117;6;423.2720784850393
Media Pechuga;117;6;1543.8668650275272
Blanqueta;117;6;1.1007414170398172e-12
Alón;117;6;0.0
Punta;117;6;1.2972239980143557e-12
Jamoncito;117;6;557.6378916817371
Medio Muslo;117;6;1421.174759836
Entero;118;6;553.8289032895599
Medio Pollo;118;6;359.7541377436031
Medio Pollo Superior;118;6;813.4193548387098
Medio Pollo Inferior;118;6;625.2425767928064
Cuarto de Pollo Superior;118;6;1244.7198782607743
Muslo Entero;118;6;1235.797201062627
Pechuga Completa;118;6;1571.8784551795911
Ala Completa;118;6;714.9256948909818
Media Pechuga;118;6;1358.1719523680763
Blanqueta;118;6;7.101491922396416e-13
Alón;118;6;0.0
Punta;118;6;1.5252480705824447e-12
Jamoncito;118;6;624.0579936660826
Medio Muslo;118;6;1881.596513217468
Entero;119;6;454.61502196367405
Medio Pollo;119;6;442.56148106764874
Medio Pollo Superior;119;6;704.7833616442824
Medio Pollo Inferior;119;6;485.55164768790297
Cuarto de Pollo Superior;119;6;1173.5121098893362
Muslo Entero;119;6;761.4258872369666
Pechuga Completa;119;6;1886.5919120968103
Ala Completa;119;6;642.4449768290051
Media Pechuga;119;6;1914.7702760687857
Blanqueta;119;6;7.529161720252582e-13
Alón;119;6;0.0
Punta;119;6;0.0
Jamoncito;119;6;897.7451869803205
Medio Muslo;119;6;1393.275709903751
Entero;120;6;338.54720683575715
Medio Pollo;120;6;340.13086425344187
Medio Pollo Superior;120;6;855.5873939050383
Medio Pollo Inferior;120;6;553.4133116469616
Cuarto de Pollo Superior;120;6;687.6714347169288
Muslo Entero;120;6;564.585164015427
Pechuga Completa;120;6;1485.6921624747272
Ala Completa;120;6;522.9734856679597
Media Pechuga;120;6;1741.0494773406128
Blanqueta;120;6;7.489111112382639e-13
Alón;120;6;0.0
Punta;120;6;0.0
Jamoncito;120;6;1165.361090559124
Medio Muslo;120;6;1611.507604031752
Entero;121;6;372.44660501246415
Medio Pollo;121;6;460.0245877314651
Medio Pollo Superior;121;6;749.5478487426
Medio Pollo Inferior;121;6;910.5027981479426
Cuarto de Pollo Superior;121;6;1104.4989506914785
Muslo Entero;121;6;1055.69793577963
Pechuga Completa;121;6;1802.5845013332691
Ala Completa;121;6;627.4373583759524
Media Pechuga;121;6;2083.4821907023525
Blanqueta;121;6;6.492891310881164e-13
Alón;121;6;0.0
Punta;121;6;0.0
Jamoncito;121;6;654.2668439297652
Medio Muslo;121;6;1017.46801412376
Entero;122;6;334.6330260237997
Medio Pollo;122;6;543.9634874295139
Medio Pollo Superior;122;6;776.9631736479611
Medio Pollo Inferior;122;6;604.1543228187861
Cuarto de Pollo Superior;122;6;1173.0624775235617
Muslo Entero;122;6;1232.7988896577947
Pechuga Completa;122;6;1877.877184228401
Ala Completa;122;6;635.57967966958
Media Pechuga;122;6;2098.4745911935292
Blanqueta;122;6;1.2273440848357109e-12
Alón;122;6;0.0
Punta;122;6;0.0
Jamoncito;122;6;874.131766063795
Medio Muslo;122;6;1925.6697459486725
Entero;123;6;636.7503936125413
Medio Pollo;123;6;456.0094388914036
Medio Pollo Superior;123;6;641.9643868039378
Medio Pollo Inferior;123;6;919.5081069515816
Cuarto de Pollo Superior;123;6;872.3630867133763
Muslo Entero;123;6;948.8962327886557
Pechuga Completa;123;6;1320.6547940345806
Ala Completa;123;6;811.4540269500394
Media Pechuga;123;6;1278.7441840528354
Blanqueta;123;6;0.0
Alón;123;6;0.0
Punta;123;6;0.0
Jamoncito;123;6;614.4421542327128
Medio Muslo;123;6;1280.658895341896
Entero;124;6;434.8817487376879
Medio Pollo;124;6;545.1775767351063
Medio Pollo Superior;124;6;771.6810140646818
Medio Pollo Inferior;124;6;854.1003950149986
Cuarto de Pollo Superior;124;6;783.6108838504786
Muslo Entero;124;6;1032.2163182186223
Pechuga Completa;124;6;918.9477227554986
Ala Completa;124;6;814.9068273995877
Media Pechuga;124;6;1291.2337700675666
Blanqueta;124;6;0.0
Alón;124;6;0.0
Punta;124;6;0.0
Jamoncito;124;6;677.5457349190115
Medio Muslo;124;6;1400.3322053394504
Entero;125;6;284.5618573990895
Medio Pollo;125;6;452.10396990731795
Medio Pollo Superior;125;6;480.9756262853929
Medio Pollo Inferior;125;6;731.0350316895268
Cuarto de Pollo Superior;125;6;1208.8858987715446
Muslo Entero;125;6;1228.0715664758266
Pechuga Completa;125;6;1867.934415373526
Ala Completa;125;6;562.0534140674417
Media Pechuga;125;6;1731.5875717701272
Blanqueta;125;6;0.0
Alón;125;6;0.0
Punta;125;6;0.0
Jamoncito;125;6;722.2354757507313
Medio Muslo;125;6;1917.1076983860057
Entero;126;6;320.11187502530584
Medio Pollo;126;6;622.7151387521975
Medio Pollo Superior;126;6;814.1132734136481
Medio Pollo Inferior;126;6;812.8774718085276
Cuarto de Pollo Superior;126;6;687.1241524874655
Muslo Entero;126;6;742.7547223289428
Pechuga Completa;126;6;1434.8179065460724
Ala Completa;126;6;413.99258468016626
Media Pechuga;126;6;1105.2210165909153
Blanqueta;126;6;0.0
Alón;126;6;0.0
Punta;126;6;0.0
Jamoncito;126;6;779.4188624519165
Medio Muslo;126;6;1101.4848442657235
Entero;127;6;325.4218831615475
Medio Pollo;127;6;778.2640462578594
Medio Pollo Superior;127;6;810.9645666537485
Medio Pollo Inferior;127;6;458.62370526983767
Cuarto de Pollo Superior;127;6;762.0828363076076
Muslo Entero;127;6;1013.7545287280564
Pechuga Completa;127;6;1041.3195834866144
Ala Completa;127;6;766.7563719443812
Media Pechuga;127;6;2209.285429207289
Blanqueta;127;6;0.0
Alón;127;6;0.0
Punta;127;6;0.0
Jamoncito;127;6;1193.3285199823742
Medio Muslo;127;6;1560.3960773235565
Entero;128;6;288.32240721847666
Medio Pollo;128;6;586.3006680800345
Medio Pollo Superior;128;6;703.4430317610601
Medio Pollo Inferior;128;6;470.2527779692216
Cuarto de Pollo Superior;128;6;1104.4813699004885
Muslo Entero;128;6;990.020408053384
Pechuga Completa;128;6;1698.0883377237005
Ala Completa;128;6;666.6925170120812
Media Pechuga;128;6;2093.9747715277013
Blanqueta;128;6;0.0
Alón;128;6;0.0
Punta;128;6;0.0
Jamoncito;128;6;715.4222818543818
Medio Muslo;128;6;1972.69972357201
Entero;129;6;482.4966802041234
Medio Pollo;129;6;389.3772609653159
Medio Pollo Superior;129;6;934.0483011423861
Medio Pollo Inferior;129;6;711.7652557557803
Cuarto de Pollo Superior;129;6;823.970862965134
Muslo Entero;129;6;887.2625161135638
Pechuga Completa;129;6;1230.3987675574567
Ala Completa;129;6;890.2874822310292
Media Pechuga;129;6;962.0918855553311
Blanqueta;129;6;0.0
Alón;129;6;0.0
Punta;129;6;0.0
Jamoncito;129;6;576.8164808188984
Medio Muslo;129;6;1219.65770037369
Entero;130;6;603.3057285943189
Medio Pollo;130;6;554.8092786314473
Medio Pollo Superior;130;6;956.6483948257273
Medio Pollo Inferior;130;6;666.020762549706
Cuarto de Pollo Superior;130;6;1097.9627638833933
Muslo Entero;130;6;811.3223990605983
Pechuga Completa;130;6;1905.9084587604593
Ala Completa;130;6;513.9301500929938
Media Pechuga;130;6;2184.054116587544
Blanqueta;130;6;0.0
Alón;130;6;0.0
Punta;130;6;0.0
Jamoncito;130;6;697.3997494085884
Medio Muslo;130;6;1883.2347727445895
Entero;131;6;592.0349604216464
Medio Pollo;131;6;760.9687859196707
Medio Pollo Superior;131;6;708.5105666444714
Medio Pollo Inferior;131;6;948.686666386159
Cuarto de Pollo Superior;131;6;857.0024510088847
Muslo Entero;131;6;1067.6144666341338
Pechuga Completa;131;6;850.6423533144532
Ala Completa;131;6;800.4357936119749
Media Pechuga;131;6;1843.2148704542315
Blanqueta;131;6;0.0
Alón;131;6;0.0
Punta;131;6;0.0
Jamoncito;131;6;762.6711421626738
Medio Muslo;131;6;1062.8709677419354
Entero;132;6;487.3273326583327
Medio Pollo;132;6;363.32477300352133
Medio Pollo Superior;132;6;1025.7906598760355
Medio Pollo Inferior;132;6;895.4259356413595
Cuarto de Pollo Superior;132;6;657.0850583148841
Muslo Entero;132;6;797.0163811976988
Pechuga Completa;132;6;1512.111019244393
Ala Completa;132;6;391.3549934525084
Media Pechuga;132;6;1127.5223794705926
Blanqueta;132;6;0.0
Alón;132;6;0.0
Punta;132;6;0.0
Jamoncito;132;6;573.5406740912781
Medio Muslo;132;6;1029.8302993720458
Entero;133;6;463.0
Medio Pollo;133;6;573.7492386023561
Medio Pollo Superior;133;6;940.9995954288268
Medio Pollo Inferior;133;6;715.3371633407086
Cuarto de Pollo Superior;133;6;1211.5450360891957
Muslo Entero;133;6;896.8810111875541
Pechuga Completa;133;6;1855.4455214782997
Ala Completa;133;6;762.547600194361
Media Pechuga;133;6;1663.4652690270234
Blanqueta;133;6;0.0
Alón;133;6;0.0
Punta;133;6;0.0
Jamoncito;133;6;865.8778766607389
Medio Muslo;133;6;1436.5642114544694
Entero;134;6;463.0
Medio Pollo;134;6;608.5473726700237
Medio Pollo Superior;134;6;988.2578770056733
Medio Pollo Inferior;134;6;884.8554750227115
Cuarto de Pollo Superior;134;6;1263.4788042441646
Muslo Entero;134;6;1019.1730914002836
Pechuga Completa;134;6;1320.9497512410271
Ala Completa;134;6;482.5659763934468
Media Pechuga;134;6;2082.2272354283505
Blanqueta;134;6;0.0
Alón;134;6;0.0
Punta;134;6;0.0
Jamoncito;134;6;664.5657458052966
Medio Muslo;134;6;1062.7755744404703
Entero;135;6;447.1555288708437
Medio Pollo;135;6;617.3286724406613
Medio Pollo Superior;135;6;231.07576686420657
Medio Pollo Inferior;135;6;881.9174997710528
Cuarto de Pollo Superior;135;6;670.5000441508514
Muslo Entero;135;6;699.8373878311903
Pechuga Completa;135;6;1580.2977137001708
Ala Completa;135;6;423.9952565082964
Media Pechuga;135;6;1222.9693347315758
Blanqueta;135;6;0.0
Alón;135;6;0.0
Punta;135;6;0.0
Jamoncito;135;6;890.6475888504837
Medio Muslo;135;6;1977.6017214413616
Entero;136;6;478.8444711291563
Medio Pollo;136;6;702.6666166981328
Medio Pollo Superior;136;6;778.2654301939006
Medio Pollo Inferior;136;6;813.7378321990905
Cuarto de Pollo Superior;136;6;715.507125275462
Muslo Entero;136;6;684.89256303747
Pechuga Completa;136;6;1162.5641901739766
Ala Completa;136;6;874.1509740319954
Media Pechuga;136;6;1624.8905094965883
Blanqueta;136;6;0.0
Alón;136;6;0.0
Punta;136;6;0.0
Jamoncito;136;6;1228.9050122544725
Medio Muslo;136;6;1737.6905588830502
Entero;137;6;309.36183502116023
Medio Pollo;137;6;439.00701115812114
Medio Pollo Superior;137;6;567.7602213635296
Medio Pollo Inferior;137;6;839.9515895245294
Cuarto de Pollo Superior;137;6;1007.8051336332254
Muslo Entero;137;6;671.7255667533746
Pechuga Completa;137;6;932.5627635513
Ala Completa;137;6;778.8422163185822
Media Pechuga;137;6;1127.6578555569833
Blanqueta;137;6;0.0
Alón;137;6;0.0
Punta;137;6;0.0
Jamoncito;137;6;898.2631737813482
Medio Muslo;137;6;1074.0464254531094
Entero;138;6;402.39775029734335
Medio Pollo;138;6;594.2238043952512
Medio Pollo Superior;138;6;742.6739855496611
Medio Pollo Inferior;138;6;339.87694947306943
Cuarto de Pollo Superior;138;6;891.9859416458148
Muslo Entero;138;6;902.5323637429794
Pechuga Completa;138;6;1068.7816899920329
Ala Completa;138;6;896.3854497315356
Media Pechuga;138;6;1324.24052226469
Blanqueta;138;6;0.0
Alón;138;6;0.0
Punta;138;6;0.0
Jamoncito;138;6;882.7677098755128
Medio Muslo;138;6;1789.5942013858528
Entero;139;6;391.0184104957844
Medio Pollo;139;6;440.00746202891804
Medio Pollo Superior;139;6;648.0357787201053
Medio Pollo Inferior;139;6;577.3559519141961
Cuarto de Pollo Superior;139;6;893.7358369855854
Muslo Entero;139;6;1022.6777162302634
Pechuga Completa;139;6;954.4852209622193
Ala Completa;139;6;410.5513957944976
Media Pechuga;139;6;1405.897675182358
Blanqueta;139;6;0.0
Alón;139;6;0.0
Punta;139;6;0.0
Jamoncito;139;6;674.031429747471
Medio Muslo;139;6;944.827637261402
Entero;140;6;471.20638215745043
Medio Pollo;140;6;512.246441586349
Medio Pollo Superior;140;6;962.9202760365774
Medio Pollo Inferior;140;6;703.4555811600694
Cuarto de Pollo Superior;140;6;1237.6614683137084
Muslo Entero;140;6;882.4794520967148
Pechuga Completa;140;6;1660.8776663919812
Ala Completa;140;6;466.89103785056113
Media Pechuga;140;6;1575.228012697452
Blanqueta;140;6;0.0
Alón;140;6;0.0
Punta;140;6;0.0
Jamoncito;140;6;908.6485354785092
Medio Muslo;140;6;1762.8334209538652
Entero;141;6;587.0557022947879
Medio Pollo;141;6;688.0645651443643
Medio Pollo Superior;141;6;800.808173692596
Medio Pollo Inferior;141;6;574.0477167338784
Cuarto de Pollo Superior;141;6;894.1487551144457
Muslo Entero;141;6;1200.6815469505354
Pechuga Completa;141;6;1160.811723545509
Ala Completa;141;6;874.5901410856133
Media Pechuga;141;6;1185.3871826448549
Blanqueta;141;6;0.0
Alón;141;6;0.0
Punta;141;6;0.0
Jamoncito;141;6;1194.0722754377157
Medio Muslo;141;6;1067.0287587187713
Entero;142;6;341.1703580724027
Medio Pollo;142;6;345.8473954017988
Medio Pollo Superior;142;6;779.3470370319948
Medio Pollo Inferior;142;6;774.0763338094823
Cuarto de Pollo Superior;142;6;796.6424330562512
Muslo Entero;142;6;1105.298391142788
Pechuga Completa;142;6;1123.3532390812643
Ala Completa;142;6;749.5259161138358
Media Pechuga;142;6;1512.02914301297
Blanqueta;142;6;0.0
Alón;142;6;0.0
Punta;142;6;0.0
Jamoncito;142;6;918.5974120733762
Medio Muslo;142;6;1789.2597959443444
Entero;143;6;408.83086223135984
Medio Pollo;143;6;543.4342435222349
Medio Pollo Superior;143;6;688.4896777041338
Medio Pollo Inferior;143;6;870.6254952740179
Cuarto de Pollo Superior;143;6;719.5057056088459
Muslo Entero;143;6;1045.4115982337557
Pechuga Completa;143;6;1261.5826061663654
Ala Completa;143;6;801.1758634472733
Media Pechuga;143;6;1154.7109505696367
Blanqueta;143;6;0.0
Alón;143;6;0.0
Punta;143;6;0.0
Jamoncito;143;6;881.2348249709975
Medio Muslo;143;6;1673.2264259627425
Entero;144;6;475.1631825633029
Medio Pollo;144;6;513.2142536196308
Medio Pollo Superior;144;6;783.4985373639845
Medio Pollo Inferior;144;6;723.1659342123147
Cuarto de Pollo Superior;144;6;1155.373275964681
Muslo Entero;144;6;1012.2903225806451
Pechuga Completa;144;6;1336.419939717146
Ala Completa;144;6;712.7745405763297
Media Pechuga;144;6;1476.7685392069482
Blanqueta;144;6;0.0
Alón;144;6;0.0
Punta;144;6;0.0
Jamoncito;144;6;740.5134624536897
Medio Muslo;144;6;1602.4806392288597
Entero;145;6;517.9227475524502
Medio Pollo;145;6;770.0138812233455
Medio Pollo Superior;145;6;546.5934882043757
Medio Pollo Inferior;145;6;563.5493288442977
Cuarto de Pollo Superior;145;6;920.7537191528016
Muslo Entero;145;6;834.4838709677421
Pechuga Completa;145;6;1545.5636847386384
Ala Completa;145;6;710.8305013981974
Media Pechuga;145;6;1422.53300461357
Blanqueta;145;6;0.0
Alón;145;6;0.0
Punta;145;6;0.0
Jamoncito;145;6;670.1823338272587
Medio Muslo;145;6;1037.5792792015288
Entero;146;6;384.1121995810088
Medio Pollo;146;6;524.9818093666494
Medio Pollo Superior;146;6;963.3786910126726
Medio Pollo Inferior;146;6;813.8478548581766
Cuarto de Pollo Superior;146;6;1247.15195778944
Muslo Entero;146;6;938.9032258064517
Pechuga Completa;146;6;1066.0376913470143
Ala Completa;146;6;410.0002342344606
Media Pechuga;146;6;2349.5420987012744
Blanqueta;146;6;0.0
Alón;146;6;0.0
Punta;146;6;0.0
Jamoncito;146;6;785.2136268431711
Medio Muslo;146;6;1355.8335470778154
Entero;147;6;580.9453829149478
Medio Pollo;147;6;696.5408106476727
Medio Pollo Superior;147;6;687.9904384966595
Medio Pollo Inferior;147;6;767.9753217214429
Cuarto de Pollo Superior;147;6;828.1414918051753
Muslo Entero;147;6;908.2903225806451
Pechuga Completa;147;6;1902.8943394333567
Ala Completa;147;6;709.8316785455395
Media Pechuga;147;6;1229.6742691948125
Blanqueta;147;6;0.0
Alón;147;6;0.0
Punta;147;6;0.0
Jamoncito;147;6;794.1359065134357
Medio Muslo;147;6;1023.5023237160317
Entero;148;6;626.5795410530224
Medio Pollo;148;6;595.8328625712984
Medio Pollo Superior;148;6;770.8168019723528
Medio Pollo Inferior;148;6;646.0806744841802
Cuarto de Pollo Superior;148;6;942.6416915654283
Muslo Entero;148;6;762.5179879066263
Pechuga Completa;148;6;1017.346581370986
Ala Completa;148;6;455.2791669019485
Media Pechuga;148;6;1229.6854611989108
Blanqueta;148;6;0.0
Alón;148;6;0.0
Punta;148;6;0.0
Jamoncito;148;6;1097.4269668607428
Medio Muslo;148;6;1502.7875450956756
Entero;149;6;338.23564576497904
Medio Pollo;149;6;482.40150139846276
Medio Pollo Superior;149;6;1127.9934474517697
Medio Pollo Inferior;149;6;588.4211814174057
Cuarto de Pollo Superior;149;6;1407.9523803459977
Muslo Entero;149;6;827.7109587132319
Pechuga Completa;149;6;1814.9933652773432
Ala Completa;149;6;698.8599690034526
Media Pechuga;149;6;2270.3054224726625
Blanqueta;149;6;0.0
Alón;149;6;0.0
Punta;149;6;0.0
Jamoncito;149;6;890.3090113817203
Medio Muslo;149;6;1533.2159087991815
Entero;150;6;481.0
Medio Pollo;150;6;813.0818380910434
Medio Pollo Superior;150;6;938.4977713058753
Medio Pollo Inferior;150;6;858.5398532721142
Cuarto de Pollo Superior;150;6;714.7336322677646
Muslo Entero;150;6;651.6004676596895
Pechuga Completa;150;6;1962.8922732344208
Ala Completa;150;6;546.9778748608843
Media Pechuga;150;6;1422.2327071722675
Blanqueta;150;6;0.0
Alón;150;6;0.0
Punta;150;6;0.0
Jamoncito;150;6;1072.8181272751392
Medio Muslo;150;6;1426.1281772223235
Entero;151;6;435.04976693209477
Medio Pollo;151;6;485.8701371839509
Medio Pollo Superior;151;6;841.404172607034
Medio Pollo Inferior;151;6;590.2981513699413
Cuarto de Pollo Superior;151;6;1341.287732549501
Muslo Entero;151;6;1025.1741017808113
Pechuga Completa;151;6;1095.8992637971296
Ala Completa;151;6;474.26982083943716
Media Pechuga;151;6;1814.4593447838422
Blanqueta;151;6;0.0
Alón;151;6;0.0
Punta;151;6;0.0
Jamoncito;151;6;742.3370677336028
Medio Muslo;151;6;1234.3017439088555
Entero;152;6;379.998853552454
Medio Pollo;152;6;502.48769837166554
Medio Pollo Superior;152;6;584.8489580599597
Medio Pollo Inferior;152;6;681.1051109633521
Cuarto de Pollo Superior;152;6;956.1037039068522
Muslo Entero;152;6;1206.5592138652883
Pechuga Completa;152;6;1151.7566681846758
Ala Completa;152;6;392.1529708549697
Media Pechuga;152;6;2362.7763100755756
Blanqueta;152;6;0.0
Alón;152;6;0.0
Punta;152;6;0.0
Jamoncito;152;6;1171.5331122925907
Medio Muslo;152;6;1175.67452161409
Entero;153;6;631.9513795154512
Medio Pollo;153;6;696.1588249548776
Medio Pollo Superior;153;6;564.6781031382665
Medio Pollo Inferior;153;6;850.0950703245326
Cuarto de Pollo Superior;153;6;1320.7096774193549
Muslo Entero;153;6;825.5922799202696
Pechuga Completa;153;6;1681.6491668757703
Ala Completa;153;6;522.2225050561217
Media Pechuga;153;6;1593.8244021837897
Blanqueta;153;6;0.0
Alón;153;6;0.0
Punta;153;6;0.0
Jamoncito;153;6;966.2593090278277
Medio Muslo;153;6;1870.4971445443891
Entero;154;6;429.15801234688746
Medio Pollo;154;6;565.9472107660359
Medio Pollo Superior;154;6;589.9295961760411
Medio Pollo Inferior;154;6;467.25279537524847
Cuarto de Pollo Superior;154;6;802.8982785933331
Muslo Entero;154;6;859.9678769541081
Pechuga Completa;154;6;1024.8502874249807
Ala Completa;154;6;796.4672492916742
Media Pechuga;154;6;2308.456111025062
Blanqueta;154;6;0.0
Alón;154;6;0.0
Punta;154;6;0.0
Jamoncito;154;6;905.0667980833477
Medio Muslo;154;6;1683.6448695025574
Entero;155;6;534.8419876531125
Medio Pollo;155;6;742.7075284345269
Medio Pollo Superior;155;6;1055.920070936106
Medio Pollo Inferior;155;6;951.6391069382413
Cuarto de Pollo Superior;155;6;630.0577321379377
Muslo Entero;155;6;863.3394721073819
Pechuga Completa;155;6;1113.6793601202642
Ala Completa;155;6;587.0016783750025
Media Pechuga;155;6;2128.893094178527
Blanqueta;155;6;0.0
Alón;155;6;0.0
Punta;155;6;0.0
Jamoncito;155;6;650.1823654991276
Medio Muslo;155;6;1627.9247311827955
Entero;156;6;398.39610358093694
Medio Pollo;156;6;479.34526079943726
Medio Pollo Superior;156;6;1016.5551922588029
Medio Pollo Inferior;156;6;750.5319192378314
Cuarto de Pollo Superior;156;6;1217.890237699819
Muslo Entero;156;6;1121.5932172776254
Pechuga Completa;156;6;1645.5247025287006
Ala Completa;156;6;653.4685813835938
Media Pechuga;156;6;2086.605470786797
Blanqueta;156;6;0.0
Alón;156;6;0.0
Punta;156;6;0.0
Jamoncito;156;6;856.6402890034753
Medio Muslo;156;6;1631.9569892473116
Entero;157;6;565.6038964190631
Medio Pollo;157;6;467.83896315588703
Medio Pollo Superior;157;6;706.3457577618816
Medio Pollo Inferior;157;6;552.6695371374244
Cuarto de Pollo Superior;157;6;1414.379558020523
Muslo Entero;157;6;913.9808438416381
Pechuga Completa;157;6;1898.350420467355
Ala Completa;157;6;569.1671512377486
Media Pechuga;157;6;1446.7809653456256
Blanqueta;157;6;0.0
Alón;157;6;0.0
Punta;157;6;0.0
Jamoncito;157;6;868.0470995167523
Medio Muslo;157;6;1612.8709677419354
Entero;158;6;482.0
Medio Pollo;158;6;365.0628959952838
Medio Pollo Superior;158;6;1139.7645219939786
Medio Pollo Inferior;158;6;885.234822887336
Cuarto de Pollo Superior;158;6;1049.5483870967741
Muslo Entero;158;6;1015.979709005588
Pechuga Completa;158;6;946.2017837785882
Ala Completa;158;6;356.93583952686885
Media Pechuga;158;6;1875.5427395515453
Blanqueta;158;6;0.0
Alón;158;6;0.0
Punta;158;6;0.0
Jamoncito;158;6;1076.8457991052762
Medio Muslo;158;6;895.7982715911265
Entero;159;6;322.2025574736284
Medio Pollo;159;6;404.59934225693587
Medio Pollo Superior;159;6;599.0717176878661
Medio Pollo Inferior;159;6;439.10175129699473
Cuarto de Pollo Superior;159;6;1291.6774193548388
Muslo Entero;159;6;739.1539894274969
Pechuga Completa;159;6;910.1381929562756
Ala Completa;159;6;723.1985325968587
Media Pechuga;159;6;1881.9633765283113
Blanqueta;159;6;0.0
Alón;159;6;0.0
Punta;159;6;0.0
Jamoncito;159;6;756.7683178431106
Medio Muslo;159;6;926.1707164808803
Entero;160;6;352.2618813444198
Medio Pollo;160;6;363.97582512682243
Medio Pollo Superior;160;6;1027.2258926439495
Medio Pollo Inferior;160;6;704.462484872677
Cuarto de Pollo Superior;160;6;1012.387096775061
Muslo Entero;160;6;776.2842270984271
Pechuga Completa;160;6;1659.6644412975877
Ala Completa;160;6;619.0887598684108
Media Pechuga;160;6;2315.603503528121
Blanqueta;160;6;0.0
Alón;160;6;0.0
Punta;160;6;0.0
Jamoncito;160;6;899.0215053763441
Medio Muslo;160;6;1269.6151200793634
Entero;161;6;381.2173735991483
Medio Pollo;161;6;647.9964026044232
Medio Pollo Superior;161;6;796.4790844652183
Medio Pollo Inferior;161;6;598.9379774279205
Cuarto de Pollo Superior;161;6;1259.1612903225807
Muslo Entero;161;6;1032.3587563873791
Pechuga Completa;161;6;1616.9442934841225
Ala Completa;161;6;468.838974155619
Media Pechuga;161;6;1175.7936061984742
Blanqueta;161;6;0.0
Alón;161;6;0.0
Punta;161;6;0.0
Jamoncito;161;6;779.3440860215054
Medio Muslo;161;6;1866.8309983383233
Entero;162;6;383.787243421017
Medio Pollo;162;6;730.6780352570851
Medio Pollo Superior;162;6;972.5781439126437
Medio Pollo Inferior;162;6;714.0313994212206
Cuarto de Pollo Superior;162;6;727.2903225806452
Muslo Entero;162;6;771.367271474036
Pechuga Completa;162;6;1195.9913290677894
Ala Completa;162;6;757.9685120393685
Media Pechuga;162;6;2427.657089175756
Blanqueta;162;6;0.0
Alón;162;6;0.0
Punta;162;6;0.0
Jamoncito;162;6;841.6666666666667
Medio Muslo;162;6;1631.6137741214623
Entero;163;6;409.8218746386116
Medio Pollo;163;6;654.4153441860907
Medio Pollo Superior;163;6;770.9778480897949
Medio Pollo Inferior;163;6;903.5033374104139
Cuarto de Pollo Superior;163;6;1259.16129032357
Muslo Entero;163;6;1037.4719128013303
Pechuga Completa;163;6;1523.4921320061278
Ala Completa;163;6;601.882788808148
Media Pechuga;163;6;1221.9558140500505
Blanqueta;163;6;0.0
Alón;163;6;0.0
Punta;163;6;0.0
Jamoncito;163;6;923.7096774193549
Medio Muslo;163;6;1543.0974344565857
Entero;164;6;348.27305636130694
Medio Pollo;164;6;744.3483198142671
Medio Pollo Superior;164;6;847.5420919918031
Medio Pollo Inferior;164;6;874.7991573408078
Cuarto de Pollo Superior;164;6;885.8064516129033
Muslo Entero;164;6;542.7843497653593
Pechuga Completa;164;6;1104.3367653824594
Ala Completa;164;6;437.72674677577356
Media Pechuga;164;6;1699.1490095790698
Blanqueta;164;6;0.0
Alón;164;6;0.0
Punta;164;6;0.0
Jamoncito;164;6;788.0752688172043
Medio Muslo;164;6;1118.8436786573902
Entero;165;6;316.05041469599746
Medio Pollo;165;6;439.9584022417445
Medio Pollo Superior;165;6;665.6750341355435
Medio Pollo Inferior;165;6;742.7445373912558
Cuarto de Pollo Superior;165;6;717.5197406415873
Muslo Entero;165;6;635.6614600553822
Pechuga Completa;165;6;1193.6849431041612
Ala Completa;165;6;368.2743924613247
Media Pechuga;165;6;1429.644748474672
Blanqueta;165;6;0.0
Alón;165;6;0.0
Punta;165;6;0.0
Jamoncito;165;6;810.0537634408603
Medio Muslo;165;6;1068.0391661915749
Entero;166;6;372.74225325688667
Medio Pollo;166;6;737.250360344199
Medio Pollo Superior;166;6;944.3685847588604
Medio Pollo Inferior;166;6;710.9032258064516
Cuarto de Pollo Superior;166;6;749.7574841807779
Muslo Entero;166;6;1137.26777195641
Pechuga Completa;166;6;1150.6890758179286
Ala Completa;166;6;494.43347523918334
Media Pechuga;166;6;1380.9941079294572
Blanqueta;166;6;0.0
Alón;166;6;0.0
Punta;166;6;0.0
Jamoncito;166;6;841.8172043010753
Medio Muslo;166;6;1644.632113364636
Entero;167;6;296.31987535309804
Medio Pollo;167;6;360.1955844144596
Medio Pollo Superior;167;6;1015.6299894110952
Medio Pollo Inferior;167;6;710.9032258064516
Cuarto de Pollo Superior;167;6;1387.4845357367308
Muslo Entero;167;6;905.299627890656
Pechuga Completa;167;6;1478.779364137865
Ala Completa;167;6;570.1959747224902
Media Pechuga;167;6;1051.4381611705694
Blanqueta;167;6;0.0
Alón;167;6;0.0
Punta;167;6;0.0
Jamoncito;167;6;876.2903225806452
Medio Muslo;167;6;1544.2611317165474
Entero;168;6;437.13319840883184
Medio Pollo;168;6;643.171501650931
Medio Pollo Superior;168;6;848.8387096774194
Medio Pollo Inferior;168;6;640.1214267048771
Cuarto de Pollo Superior;168;6;1343.4384515439726
Muslo Entero;168;6;1184.4564510311875
Pechuga Completa;168;6;1655.0083618477643
Ala Completa;168;6;762.6372160348752
Media Pechuga;168;6;2367.923813778018
Blanqueta;168;6;0.0
Alón;168;6;0.0
Punta;168;6;0.0
Jamoncito;168;6;807.0430107526881
Medio Muslo;168;6;1847.377405730182
Entero;1;7;413.9999999991785
Medio Pollo;1;7;476.74145264969144
Medio Pollo Superior;1;7;478.56939572697746
Medio Pollo Inferior;1;7;476.552630459787
Cuarto de Pollo Superior;1;7;954.1290322580646
Muslo Entero;1;7;684.1262489117588
Pechuga Completa;1;7;1087.3796511605594
Ala Completa;1;7;566.0497556529116
Media Pechuga;1;7;1648.0967741935422
Blanqueta;1;7;0.0
Alón;1;7;0.0
Punta;1;7;0.0
Jamoncito;1;7;809.1619309903135
Medio Muslo;1;7;1455.1075268817203
Entero;2;7;371.7695140243497
Medio Pollo;2;7;369.8149959541416
Medio Pollo Superior;2;7;683.1536641227764
Medio Pollo Inferior;2;7;807.4551641926869
Cuarto de Pollo Superior;2;7;987.1290322580646
Muslo Entero;2;7;528.7805903644964
Pechuga Completa;2;7;1462.487153733478
Ala Completa;2;7;593.6140528375843
Media Pechuga;2;7;1345.3916367224106
Blanqueta;2;7;0.0
Alón;2;7;0.0
Punta;2;7;0.0
Jamoncito;2;7;549.6873072505535
Medio Muslo;2;7;1268.231468712767
Entero;3;7;470.23048597400606
Medio Pollo;3;7;384.4469699745836
Medio Pollo Superior;3;7;514.6692899366507
Medio Pollo Inferior;3;7;764.3147859926704
Cuarto de Pollo Superior;3;7;987.1290322580646
Muslo Entero;3;7;1132.7327992019018
Pechuga Completa;3;7;819.2724439433554
Ala Completa;3;7;416.9120757261748
Media Pechuga;3;7;1897.473172707687
Blanqueta;3;7;1.2783378588252327e-12
Alón;3;7;4.6279820157840514e-12
Punta;3;7;3.0725557897620437e-12
Jamoncito;3;7;1066.3756537895567
Medio Muslo;3;7;1310.315872776838
Entero;4;7;395.29404315468065
Medio Pollo;4;7;487.7714648264402
Medio Pollo Superior;4;7;525.9463003616818
Medio Pollo Inferior;4;7;690.7741935483817
Cuarto de Pollo Superior;4;7;775.9733222450071
Muslo Entero;4;7;735.3935580007487
Pechuga Completa;4;7;1706.3034270343871
Ala Completa;4;7;364.4117202522948
Media Pechuga;4;7;1645.727205877067
Blanqueta;4;7;2.0914568095648694e-12
Alón;4;7;3.2048902500342644e-12
Punta;4;7;5.592435230935793e-13
Jamoncito;4;7;909.215968184631
Medio Muslo;4;7;1214.228130727231
Entero;5;7;311.12654162675216
Medio Pollo;5;7;499.6154074179226
Medio Pollo Superior;5;7;794.3612347975562
Medio Pollo Inferior;5;7;690.7741935483817
Cuarto de Pollo Superior;5;7;594.3728487725579
Muslo Entero;5;7;1165.258328466012
Pechuga Completa;5;7;951.9144104564865
Ala Completa;5;7;501.5418597627988
Media Pechuga;5;7;1171.116231818807
Blanqueta;5;7;1.2976467409723733e-12
Alón;5;7;4.424450415069413e-12
Punta;5;7;0.0
Jamoncito;5;7;839.8602150537635
Medio Muslo;5;7;1764.0766530784729
Entero;6;7;489.3497154416592
Medio Pollo;6;7;327.1241640356397
Medio Pollo Superior;6;7;857.5313824011067
Medio Pollo Inferior;6;7;690.7741935483817
Cuarto de Pollo Superior;6;7;1114.4985463987982
Muslo Entero;6;7;748.7097205839619
Pechuga Completa;6;7;989.5912081091191
Ala Completa;6;7;496.84131888980227
Media Pechuga;6;7;1452.6082835569907
Blanqueta;6;7;1.5834150879680866e-12
Alón;6;7;0.0
Punta;6;7;0.0
Jamoncito;6;7;839.8602150537849
Medio Muslo;6;7;886.471160236174
Entero;7;7;488.2296997736209
Medio Pollo;7;7;721.3709494678774
Medio Pollo Superior;7;7;1011.8965835006163
Medio Pollo Inferior;7;7;690.7741935483817
Cuarto de Pollo Superior;7;7;924.9206993893188
Muslo Entero;7;7;528.5933822959153
Pechuga Completa;7;7;1353.4276198501439
Ala Completa;7;7;406.3236748093537
Media Pechuga;7;7;1926.627643143447
Blanqueta;7;7;2.0130105357881623e-12
Alón;7;7;0.0
Punta;7;7;0.0
Jamoncito;7;7;839.8602150537648
Medio Muslo;7;7;968.1293980962989
Entero;8;7;420.99999999918066
Medio Pollo;8;7;440.0191906552067
Medio Pollo Superior;8;7;736.81312024591
Medio Pollo Inferior;8;7;601.6624340953365
Cuarto de Pollo Superior;8;7;587.6898090796896
Muslo Entero;8;7;930.0194134724647
Pechuga Completa;8;7;1676.2006051244766
Ala Completa;8;7;495.3197549531345
Media Pechuga;8;7;1615.972597130433
Blanqueta;8;7;2.2768832458461713e-12
Alón;8;7;0.0
Punta;8;7;0.0
Jamoncito;8;7;839.8602150536983
Medio Muslo;8;7;1896.1621166501964
Entero;9;7;275.38319271481544
Medio Pollo;9;7;417.72950028752757
Medio Pollo Superior;9;7;543.4391740111737
Medio Pollo Inferior;9;7;733.4554205235486
Cuarto de Pollo Superior;9;7;1153.915948379813
Muslo Entero;9;7;902.7712250773965
Pechuga Completa;9;7;1060.7071562848037
Ala Completa;9;7;478.94472717927687
Media Pechuga;9;7;1553.980342100369
Blanqueta;9;7;1.8218144160908678e-12
Alón;9;7;0.0
Punta;9;7;0.0
Jamoncito;9;7;694.7377106089709
Medio Muslo;9;7;1484.3245019677938
Entero;10;7;434.96288599893495
Medio Pollo;10;7;381.7666004182237
Medio Pollo Superior;10;7;907.0269310378548
Medio Pollo Inferior;10;7;701.7497788067602
Cuarto de Pollo Superior;10;7;928.6478190968035
Muslo Entero;10;7;643.2368842593718
Pechuga Completa;10;7;1527.6098247561038
Ala Completa;10;7;360.95274051633174
Media Pechuga;10;7;1729.0587704377533
Blanqueta;10;7;0.0
Alón;10;7;0.0
Punta;10;7;0.0
Jamoncito;10;7;567.1938002682928
Medio Muslo;10;7;1636.8200651687619
Entero;11;7;552.2045806774896
Medio Pollo;11;7;488.46555749224615
Medio Pollo Superior;11;7;832.4628741697132
Medio Pollo Inferior;11;7;436.5333477773629
Cuarto de Pollo Superior;11;7;951.5002274210092
Muslo Entero;11;7;780.3413533074472
Pechuga Completa;11;7;1541.4557266408005
Ala Completa;11;7;491.88164295082635
Media Pechuga;11;7;2216.7939152852236
Blanqueta;11;7;0.0
Alón;11;7;0.0
Punta;11;7;0.0
Jamoncito;11;7;937.4354894205621
Medio Muslo;11;7;1574.5903826551591
Entero;12;7;421.44934060546586
Medio Pollo;12;7;699.2392975709796
Medio Pollo Superior;12;7;821.534218308516
Medio Pollo Inferior;12;7;725.2327506026141
Cuarto de Pollo Superior;12;7;1000.1888924420632
Muslo Entero;12;7;1103.8136108951849
Pechuga Completa;12;7;1310.1789889329925
Ala Completa;12;7;732.9715283315608
Media Pechuga;12;7;1484.427855948612
Blanqueta;12;7;0.0
Alón;12;7;0.0
Punta;12;7;0.0
Jamoncito;12;7;680.0764667611949
Medio Muslo;12;7;1056.5529090593975
Entero;13;7;420.99999999917225
Medio Pollo;13;7;497.2002288616062
Medio Pollo Superior;13;7;501.9410489176255
Medio Pollo Inferior;13;7;515.0097268945951
Cuarto de Pollo Superior;13;7;1222.5529335458978
Muslo Entero;13;7;638.9392453998549
Pechuga Completa;13;7;1737.64127901319
Ala Completa;13;7;435.02610251438244
Media Pechuga;13;7;2038.9038144264443
Blanqueta;13;7;0.0
Alón;13;7;0.0
Punta;13;7;0.0
Jamoncito;13;7;1131.8185596717387
Medio Muslo;13;7;1998.2025078724043
Entero;14;7;401.74835772962905
Medio Pollo;14;7;459.0105708649442
Medio Pollo Superior;14;7;475.5995200273682
Medio Pollo Inferior;14;7;909.4262296065286
Cuarto de Pollo Superior;14;7;1203.2611570423328
Muslo Entero;14;7;803.6221710257734
Pechuga Completa;14;7;1579.6230089061003
Ala Completa;14;7;513.8858106925089
Media Pechuga;14;7;1074.3316048794877
Blanqueta;14;7;0.0
Alón;14;7;0.0
Punta;14;7;0.0
Jamoncito;14;7;973.4060354586456
Medio Muslo;14;7;1294.8735603953169
Entero;15;7;412.31673779356214
Medio Pollo;15;7;661.5749614467984
Medio Pollo Superior;15;7;534.952495710689
Medio Pollo Inferior;15;7;862.2040567017928
Cuarto de Pollo Superior;15;7;588.6690103016439
Muslo Entero;15;7;713.8612074341382
Pechuga Completa;15;7;1839.1925603327388
Ala Completa;15;7;517.3053242165557
Media Pechuga;15;7;1343.100381932815
Blanqueta;15;7;0.0
Alón;15;7;0.0
Punta;15;7;0.0
Jamoncito;15;7;739.5118238668284
Medio Muslo;15;7;1486.9301159053064
Entero;16;7;362.43010634857177
Medio Pollo;16;7;552.3337768502788
Medio Pollo Superior;16;7;837.2249075964905
Medio Pollo Inferior;16;7;475.9806222973337
Cuarto de Pollo Superior;16;7;1147.2946293136129
Muslo Entero;16;7;984.319983429902
Pechuga Completa;16;7;1489.8536454019998
Ala Completa;16;7;697.5054499863016
Media Pechuga;16;7;1449.9984479645518
Blanqueta;16;7;0.0
Alón;16;7;0.0
Punta;16;7;0.0
Jamoncito;16;7;994.7018343739186
Medio Muslo;16;7;1666.5189569858971
Entero;17;7;507.50479812494797
Medio Pollo;17;7;679.3959796947847
Medio Pollo Superior;17;7;605.3712639841291
Medio Pollo Inferior;17;7;642.6499749616755
Cuarto de Pollo Superior;17;7;990.9686866355978
Muslo Entero;17;7;876.9691162005566
Pechuga Completa;17;7;832.8116849202588
Ala Completa;17;7;610.6418925877252
Media Pechuga;17;7;1938.7450403932332
Blanqueta;17;7;0.0
Alón;17;7;0.0
Punta;17;7;0.0
Jamoncito;17;7;839.8602150537613
Medio Muslo;17;7;1923.203243491266
Entero;18;7;420.99999999917793
Medio Pollo;18;7;452.70156123436044
Medio Pollo Superior;18;7;910.4815442516148
Medio Pollo Inferior;18;7;769.8852850463147
Cuarto de Pollo Superior;18;7;1011.048418448899
Muslo Entero;18;7;956.4805889021504
Pechuga Completa;18;7;1827.7658290600637
Ala Completa;18;7;722.0615203415375
Media Pechuga;18;7;1886.685896413508
Blanqueta;18;7;0.0
Alón;18;7;0.0
Punta;18;7;0.0
Jamoncito;18;7;839.8602150537616
Medio Muslo;18;7;973.4004216908485
Entero;19;7;316.7391139883834
Medio Pollo;19;7;671.2111954027447
Medio Pollo Superior;19;7;837.2290989933608
Medio Pollo Inferior;19;7;899.9858826068826
Cuarto de Pollo Superior;19;7;1328.4418701350608
Muslo Entero;19;7;704.2921287382686
Pechuga Completa;19;7;1499.454744084813
Ala Completa;19;7;620.9335364761375
Media Pechuga;19;7;1381.8509233780082
Blanqueta;19;7;0.0
Alón;19;7;0.0
Punta;19;7;0.0
Jamoncito;19;7;681.2622151173153
Medio Muslo;19;7;904.902387817179
Entero;20;7;268.91618637481463
Medio Pollo;20;7;681.5492072008009
Medio Pollo Superior;20;7;893.9021883571135
Medio Pollo Inferior;20;7;568.995596885566
Cuarto de Pollo Superior;20;7;1101.8121169377775
Muslo Entero;20;7;728.7082357697797
Pechuga Completa;20;7;1224.5829110527548
Ala Completa;20;7;459.2996121256137
Media Pechuga;20;7;2231.008427186597
Blanqueta;20;7;0.0
Alón;20;7;0.0
Punta;20;7;0.0
Jamoncito;20;7;998.4582149902063
Medio Muslo;20;7;1304.6532469422937
Entero;21;7;298.2074403295529
Medio Pollo;21;7;486.7207779307917
Medio Pollo Superior;21;7;579.357641584949
Medio Pollo Inferior;21;7;550.2876675483279
Cuarto de Pollo Superior;21;7;883.2790540343444
Muslo Entero;21;7;1186.4554023889389
Pechuga Completa;21;7;867.0832375998934
Ala Completa;21;7;703.2308818190305
Media Pechuga;21;7;1532.2143373371591
Blanqueta;21;7;0.0
Alón;21;7;0.0
Punta;21;7;0.0
Jamoncito;21;7;494.0584460836339
Medio Muslo;21;7;1832.1431336390172
Entero;22;7;565.14106691644
Medio Pollo;22;7;447.07363100353473
Medio Pollo Superior;22;7;884.4448111792301
Medio Pollo Inferior;22;7;658.4590706019
Cuarto de Pollo Superior;22;7;837.3760285311814
Muslo Entero;22;7;1031.529356634989
Pechuga Completa;22;7;1516.2250671887464
Ala Completa;22;7;505.7392543879994
Media Pechuga;22;7;2127.1770197478245
Blanqueta;22;7;0.0
Alón;22;7;0.0
Punta;22;7;0.0
Jamoncito;22;7;758.6621882116707
Medio Muslo;22;7;1911.9058751422558
Entero;23;7;553.0145898021956
Medio Pollo;23;7;772.4517973592383
Medio Pollo Superior;23;7;997.861385292234
Medio Pollo Inferior;23;7;616.892337290989
Cuarto de Pollo Superior;23;7;1234.7742250281226
Muslo Entero;23;7;1214.8939691454411
Pechuga Completa;23;7;938.8003338696601
Ala Completa;23;7;815.8563029343871
Media Pechuga;23;7;1870.774193548387
Blanqueta;23;7;0.0
Alón;23;7;0.0
Punta;23;7;0.0
Jamoncito;23;7;811.379607113985
Medio Muslo;23;7;2011.1992703099693
Entero;24;7;436.669811162471
Medio Pollo;24;7;742.352642849516
Medio Pollo Superior;24;7;851.4686490742944
Medio Pollo Inferior;24;7;923.5634147960224
Cuarto de Pollo Superior;24;7;1009.16859553163
Muslo Entero;24;7;602.3556613480231
Pechuga Completa;24;7;1323.23492950372
Ala Completa;24;7;760.5263985507831
Media Pechuga;24;7;1647.225806451613
Blanqueta;24;7;0.0
Alón;24;7;0.0
Punta;24;7;0.0
Jamoncito;24;7;1092.639290358606
Medio Muslo;24;7;1446.4764486361303
Entero;25;7;624.478446002361
Medio Pollo;25;7;492.0379915935026
Medio Pollo Superior;25;7;528.0040892591107
Medio Pollo Inferior;25;7;887.6423047311326
Cuarto de Pollo Superior;25;7;1026.9032258064517
Muslo Entero;25;7;814.6859134261217
Pechuga Completa;25;7;1016.3447943793215
Ala Completa;25;7;719.8114216487003
Media Pechuga;25;7;1313.8387096774195
Blanqueta;25;7;0.0
Alón;25;7;0.0
Punta;25;7;0.0
Jamoncito;25;7;907.3787478019964
Medio Muslo;25;7;1562.8709677419354
Entero;26;7;128.833345421319
Medio Pollo;26;7;424.2801269595759
Medio Pollo Superior;26;7;866.9410132078403
Medio Pollo Inferior;26;7;805.4645968407444
Cuarto de Pollo Superior;26;7;650.9521841213281
Muslo Entero;26;7;1075.6100071407625
Pechuga Completa;26;7;1564.284588699757
Ala Completa;26;7;680.4351740985687
Media Pechuga;26;7;2110.085601229582
Blanqueta;26;7;0.0
Alón;26;7;0.0
Punta;26;7;0.0
Jamoncito;26;7;696.3711057738436
Medio Muslo;26;7;1398.6629084197205
Entero;27;7;462.0
Medio Pollo;27;7;735.1418143877889
Medio Pollo Superior;27;7;682.783915878909
Medio Pollo Inferior;27;7;589.7984364898765
Cuarto de Pollo Superior;27;7;621.7722100436573
Muslo Entero;27;7;666.4013722766705
Pechuga Completa;27;7;931.6679042271978
Ala Completa;27;7;865.9844164817791
Media Pechuga;27;7;1273.068844545989
Blanqueta;27;7;0.0
Alón;27;7;0.0
Punta;27;7;0.0
Jamoncito;27;7;1002.1435828491497
Medio Muslo;27;7;1721.97150018243
Entero;28;7;462.0
Medio Pollo;28;7;675.0008807861592
Medio Pollo Superior;28;7;795.0337519745173
Medio Pollo Inferior;28;7;581.7759708832021
Cuarto de Pollo Superior;28;7;797.4193709739998
Muslo Entero;28;7;1125.7309133037695
Pechuga Completa;28;7;1762.5182643538612
Ala Completa;28;7;687.4701488400852
Media Pechuga;28;7;1836.7487800308807
Blanqueta;28;7;0.0
Alón;28;7;0.0
Punta;28;7;0.0
Jamoncito;28;7;684.8293973985121
Medio Muslo;28;7;1088.4086021505377
Entero;29;7;461.0
Medio Pollo;29;7;762.4168141699369
Medio Pollo Superior;29;7;716.1156630689629
Medio Pollo Inferior;29;7;530.0225967742617
Cuarto de Pollo Superior;29;7;946.0171860784247
Muslo Entero;29;7;953.399870668823
Pechuga Completa;29;7;946.6926081872097
Ala Completa;29;7;892.4563247234358
Media Pechuga;29;7;1362.819928848679
Blanqueta;29;7;0.0
Alón;29;7;0.0
Punta;29;7;0.0
Jamoncito;29;7;708.5373741522725
Medio Muslo;29;7;1524.9861147315548
Entero;30;7;462.0
Medio Pollo;30;7;535.1780196483668
Medio Pollo Superior;30;7;992.1147176504926
Medio Pollo Inferior;30;7;656.3089947309982
Cuarto de Pollo Superior;30;7;920.1443231160413
Muslo Entero;30;7;737.8473878896461
Pechuga Completa;30;7;1732.8346465369498
Ala Completa;30;7;594.7254921787032
Media Pechuga;30;7;1026.1120092535352
Blanqueta;30;7;0.0
Alón;30;7;0.0
Punta;30;7;0.0
Jamoncito;30;7;744.3461084038587
Medio Muslo;30;7;1251.4163227408094
Entero;31;7;433.82961995945607
Medio Pollo;31;7;705.1509633786495
Medio Pollo Superior;31;7;549.291990126956
Medio Pollo Inferior;31;7;878.2733685296436
Cuarto de Pollo Superior;31;7;716.7628898446957
Muslo Entero;31;7;632.1595460770958
Pechuga Completa;31;7;1407.76565412858
Ala Completa;31;7;664.8287052194235
Media Pechuga;31;7;2188.663314377714
Blanqueta;31;7;0.0
Alón;31;7;0.0
Punta;31;7;0.0
Jamoncito;31;7;887.5410944554802
Medio Muslo;31;7;1334.1878614907032
Entero;32;7;489.1703800362202
Medio Pollo;32;7;528.5844304943063
Medio Pollo Superior;32;7;957.0567804048779
Medio Pollo Inferior;32;7;877.2562630088005
Cuarto de Pollo Superior;32;7;1006.7403801315568
Muslo Entero;32;7;866.0626573035936
Pechuga Completa;32;7;1891.7191267471803
Ala Completa;32;7;575.4415602879425
Media Pechuga;32;7;2112.5656622799415
Blanqueta;32;7;0.0
Alón;32;7;0.0
Punta;32;7;0.0
Jamoncito;32;7;1107.0815051067261
Medio Muslo;32;7;1194.4092614931067
Entero;33;7;436.3371792149125
Medio Pollo;33;7;357.11827315817936
Medio Pollo Superior;33;7;684.6764838399293
Medio Pollo Inferior;33;7;492.91415217400385
Cuarto de Pollo Superior;33;7;1182.9613747075634
Muslo Entero;33;7;758.9926948833712
Pechuga Completa;33;7;853.6647414891504
Ala Completa;33;7;641.0144322355981
Media Pechuga;33;7;2119.3053465362127
Blanqueta;33;7;0.0
Alón;33;7;0.0
Punta;33;7;0.0
Jamoncito;33;7;804.9347780967164
Medio Muslo;33;7;1556.1095827098738
Entero;34;7;488.66282078243177
Medio Pollo;34;7;306.40880398010336
Medio Pollo Superior;34;7;549.1601468722397
Medio Pollo Inferior;34;7;950.0234373345471
Cuarto de Pollo Superior;34;7;1245.9972154928946
Muslo Entero;34;7;634.6218334929912
Pechuga Completa;34;7;1515.790845296481
Ala Completa;34;7;496.16331885144376
Media Pechuga;34;7;1119.362456028912
Blanqueta;34;7;0.0
Alón;34;7;0.0
Punta;34;7;0.0
Jamoncito;34;7;917.3886234436895
Medio Muslo;34;7;1863.507666352535
Entero;35;7;405.20691622441063
Medio Pollo;35;7;575.5
Medio Pollo Superior;35;7;511.54581275642346
Medio Pollo Inferior;35;7;863.3514932659072
Cuarto de Pollo Superior;35;7;1112.6770827370267
Muslo Entero;35;7;605.8149345739744
Pechuga Completa;35;7;1218.5967829439658
Ala Completa;35;7;731.4911627866531
Media Pechuga;35;7;1770.1028812324087
Blanqueta;35;7;0.0
Alón;35;7;0.0
Punta;35;7;0.0
Jamoncito;35;7;522.2114998130678
Medio Muslo;35;7;1959.29716897604
Entero;36;7;517.7930837755894
Medio Pollo;36;7;543.6569275884773
Medio Pollo Superior;36;7;1023.974905871357
Medio Pollo Inferior;36;7;604.8399494836065
Cuarto de Pollo Superior;36;7;600.779294690387
Muslo Entero;36;7;1012.0982053409018
Pechuga Completa;36;7;988.0939157616373
Ala Completa;36;7;826.4433081026651
Media Pechuga;36;7;1181.853920978595
Blanqueta;36;7;0.0
Alón;36;7;0.0
Punta;36;7;0.0
Jamoncito;36;7;1130.7764581946053
Medio Muslo;36;7;1425.774193548387
Entero;37;7;462.0
Medio Pollo;37;7;754.2440762573135
Medio Pollo Superior;37;7;723.3684127359307
Medio Pollo Inferior;37;7;630.6195785806694
Cuarto de Pollo Superior;37;7;1171.4437145534907
Muslo Entero;37;7;757.2280925683648
Pechuga Completa;37;7;1302.2298445055822
Ala Completa;37;7;714.156723619794
Media Pechuga;37;7;1600.6340317887968
Blanqueta;37;7;0.0
Alón;37;7;0.0
Punta;37;7;0.0
Jamoncito;37;7;855.815271093232
Medio Muslo;37;7;1646.845065349767
Entero;38;7;463.0
Medio Pollo;38;7;467.6207130236716
Medio Pollo Superior;38;7;657.7060232287406
Medio Pollo Inferior;38;7;824.7352601290081
Cuarto de Pollo Superior;38;7;992.6761023240372
Muslo Entero;38;7;919.7568782313059
Pechuga Completa;38;7;1138.6135890741675
Ala Completa;38;7;510.69832186823726
Media Pechuga;38;7;1042.077687142567
Blanqueta;38;7;0.0
Alón;38;7;0.0
Punta;38;7;0.0
Jamoncito;38;7;843.8534846928593
Medio Muslo;38;7;1079.2564603119092
Entero;39;7;302.5806771523765
Medio Pollo;39;7;761.5217153932646
Medio Pollo Superior;39;7;591.2775646207285
Medio Pollo Inferior;39;7;706.233699646167
Cuarto de Pollo Superior;39;7;1362.045666524579
Muslo Entero;39;7;1175.3279135730195
Pechuga Completa;39;7;1362.0465063650934
Ala Completa;39;7;803.2477347764267
Media Pechuga;39;7;1351.1519388161798
Blanqueta;39;7;0.0
Alón;39;7;0.0
Punta;39;7;0.0
Jamoncito;39;7;526.893807955888
Medio Muslo;39;7;1266.7903428764494
Entero;40;7;488.70362518867285
Medio Pollo;40;7;640.7712466522005
Medio Pollo Superior;40;7;562.2230047100433
Medio Pollo Inferior;40;7;648.5043426105364
Cuarto de Pollo Superior;40;7;1219.8388883032947
Muslo Entero;40;7;904.2725894538592
Pechuga Completa;40;7;1865.0154520381866
Ala Completa;40;7;411.19870141674073
Media Pechuga;40;7;1501.8371262286025
Blanqueta;40;7;0.0
Alón;40;7;0.0
Punta;40;7;0.0
Jamoncito;40;7;520.2459710266198
Medio Muslo;40;7;1798.3562314455721
Entero;41;7;595.642290367898
Medio Pollo;41;7;285.6853210858159
Medio Pollo Superior;41;7;607.7886185367283
Medio Pollo Inferior;41;7;828.294215807813
Cuarto de Pollo Superior;41;7;897.8448626790558
Muslo Entero;41;7;1184.0751309303569
Pechuga Completa;41;7;1334.9691648713685
Ala Completa;41;7;696.8313355807719
Media Pechuga;41;7;1588.6303008470793
Blanqueta;41;7;0.0
Alón;41;7;0.0
Punta;41;7;3.70412387631156e-12
Jamoncito;41;7;544.5546614500437
Medio Muslo;41;7;1483.235250548182
Entero;42;7;281.7901868947669
Medio Pollo;42;7;473.8014349152098
Medio Pollo Superior;42;7;578.4508735635701
Medio Pollo Inferior;42;7;585.4971760156028
Cuarto de Pollo Superior;42;7;980.9490823312884
Muslo Entero;42;7;716.8358909479236
Pechuga Completa;42;7;1647.592108342246
Ala Completa;42;7;593.556796023484
Media Pechuga;42;7;1729.2497410723367
Blanqueta;42;7;0.0
Alón;42;7;0.0
Punta;42;7;0.0
Jamoncito;42;7;1111.5558597410975
Medio Muslo;42;7;1658.1188000057539
Entero;43;7;468.2832203947996
Medio Pollo;43;7;782.8352500872875
Medio Pollo Superior;43;7;515.5929096341123
Medio Pollo Inferior;43;7;448.49925894279215
Cuarto de Pollo Superior;43;7;631.265376630178
Muslo Entero;43;7;927.8618923438448
Pechuga Completa;43;7;1517.6009635182565
Ala Completa;43;7;549.2660151481292
Media Pechuga;43;7;1764.5351891829812
Blanqueta;43;7;0.0
Alón;43;7;0.0
Punta;43;7;0.0
Jamoncito;43;7;989.4576947884059
Medio Muslo;43;7;1079.7922626787897
Entero;44;7;289.1311343864987
Medio Pollo;44;7;505.2771801309315
Medio Pollo Superior;44;7;1096.0112482376755
Medio Pollo Inferior;44;7;503.51170364290175
Cuarto de Pollo Superior;44;7;964.2023539847013
Muslo Entero;44;7;764.4438493489189
Pechuga Completa;44;7;1680.9652917969984
Ala Completa;44;7;408.033043987774
Media Pechuga;44;7;1049.7791787141978
Blanqueta;44;7;0.0
Alón;44;7;0.0
Punta;44;7;0.0
Jamoncito;44;7;918.1037419481294
Medio Muslo;44;7;1578.8637933828627
Entero;45;7;599.8367966674459
Medio Pollo;45;7;571.666839373964
Medio Pollo Superior;45;7;824.6131163636721
Medio Pollo Inferior;45;7;611.5533329270594
Cuarto de Pollo Superior;45;7;1414.5652970528236
Muslo Entero;45;7;820.0080214882681
Pechuga Completa;45;7;1675.5614839701532
Ala Completa;45;7;806.4032660395698
Media Pechuga;45;7;1482.0185918125478
Blanqueta;45;7;0.0
Alón;45;7;0.0
Punta;45;7;0.0
Jamoncito;45;7;994.2244859217626
Medio Muslo;45;7;1259.461317709793
Entero;46;7;331.02536954698553
Medio Pollo;46;7;370.2932139821837
Medio Pollo Superior;46;7;616.3608722802221
Medio Pollo Inferior;46;7;513.416770400447
Cuarto de Pollo Superior;46;7;899.6561499247022
Muslo Entero;46;7;582.0193158313542
Pechuga Completa;46;7;925.4737106001696
Ala Completa;46;7;839.2786196250715
Media Pechuga;46;7;2375.005787258234
Blanqueta;46;7;1.2723265073195998e-12
Alón;46;7;0.0
Punta;46;7;0.0
Jamoncito;46;7;712.0905584107178
Medio Muslo;46;7;1851.4492259296146
Entero;47;7;351.0312919063741
Medio Pollo;47;7;632.1694759770405
Medio Pollo Superior;47;7;637.5733173081601
Medio Pollo Inferior;47;7;551.3535528783902
Cuarto de Pollo Superior;47;7;1315.6802013584324
Muslo Entero;47;7;528.8912910303447
Pechuga Completa;47;7;1343.0348458231892
Ala Completa;47;7;659.6059865205315
Media Pechuga;47;7;1687.0384288592875
Blanqueta;47;7;2.1701988356669333e-12
Alón;47;7;1.293804390137969e-12
Punta;47;7;0.0
Jamoncito;47;7;676.4476797002307
Medio Muslo;47;7;1681.9560603694893
Entero;48;7;554.9158033745463
Medio Pollo;48;7;480.80393767625304
Medio Pollo Superior;48;7;521.8770201308197
Medio Pollo Inferior;48;7;866.7812403454762
Cuarto de Pollo Superior;48;7;716.0228575828229
Muslo Entero;48;7;753.6537826142037
Pechuga Completa;48;7;971.5041043896866
Ala Completa;48;7;430.7097505738889
Media Pechuga;48;7;2077.2882028388476
Blanqueta;48;7;0.0
Alón;48;7;0.0
Punta;48;7;0.0
Jamoncito;48;7;868.4904482766666
Medio Muslo;48;7;1461.187017348805
Entero;49;7;396.81201103765505
Medio Pollo;49;7;602.4804938004721
Medio Pollo Superior;49;7;940.7640891439067
Medio Pollo Inferior;49;7;662.5932352199534
Cuarto de Pollo Superior;49;7;959.1378539923114
Muslo Entero;49;7;584.8354697572796
Pechuga Completa;49;7;1771.8933696510321
Ala Completa;49;7;530.6009550906608
Media Pechuga;49;7;2123.5965786623165
Blanqueta;49;7;0.0
Alón;49;7;0.0
Punta;49;7;0.0
Jamoncito;49;7;670.3831609566245
Medio Muslo;49;7;978.7742599170896
Entero;50;7;451.11580266607797
Medio Pollo;50;7;701.8792857405988
Medio Pollo Superior;50;7;606.0314267456289
Medio Pollo Inferior;50;7;565.0821581026503
Cuarto de Pollo Superior;50;7;1409.4338069124135
Muslo Entero;50;7;1007.050029687792
Pechuga Completa;50;7;1697.1463568886459
Ala Completa;50;7;673.1362114977487
Media Pechuga;50;7;1243.9058092267371
Blanqueta;50;7;0.0
Alón;50;7;0.0
Punta;50;7;0.0
Jamoncito;50;7;516.5465228073691
Medio Muslo;50;7;1340.274852326009
Entero;51;7;418.3974967220338
Medio Pollo;51;7;495.64797902813837
Medio Pollo Superior;51;7;1104.8136992618897
Medio Pollo Inferior;51;7;653.1951867843381
Cuarto de Pollo Superior;51;7;649.2771813750476
Muslo Entero;51;7;930.1816621318319
Pechuga Completa;51;7;1965.0220856903072
Ala Completa;51;7;756.3069548390944
Media Pechuga;51;7;1920.1401132117303
Blanqueta;51;7;0.0
Alón;51;7;0.0
Punta;51;7;0.0
Jamoncito;51;7;1051.3554669689413
Medio Muslo;51;7;946.5106690883508
Entero;52;7;320.98285963414907
Medio Pollo;52;7;382.53860504264793
Medio Pollo Superior;52;7;1037.7658875286497
Medio Pollo Inferior;52;7;541.6802647144045
Cuarto de Pollo Superior;52;7;1313.0012991757806
Muslo Entero;52;7;1150.7278007537127
Pechuga Completa;52;7;1060.4952866383046
Ala Completa;52;7;645.6364804540326
Media Pechuga;52;7;1619.9434260247658
Blanqueta;52;7;0.0
Alón;52;7;0.0
Punta;52;7;0.0
Jamoncito;52;7;885.4258203593494
Medio Muslo;52;7;1133.2146628155888
Entero;53;7;488.40007639805975
Medio Pollo;53;7;544.197707694202
Medio Pollo Superior;53;7;782.6008128962568
Medio Pollo Inferior;53;7;914.7563811371818
Cuarto de Pollo Superior;53;7;939.8654138326114
Muslo Entero;53;7;780.1028851126785
Pechuga Completa;53;7;1112.7642678937837
Ala Completa;53;7;653.4911070819961
Media Pechuga;53;7;2356.1167050325716
Blanqueta;53;7;0.0
Alón;53;7;0.0
Punta;53;7;0.0
Jamoncito;53;7;794.3504254676103
Medio Muslo;53;7;1487.02611138635
Entero;54;7;337.34480732901375
Medio Pollo;54;7;503.0660972956781
Medio Pollo Superior;54;7;592.3312064992583
Medio Pollo Inferior;54;7;841.1398131011698
Cuarto de Pollo Superior;54;7;1228.184840503445
Muslo Entero;54;7;680.5012328563182
Pechuga Completa;54;7;1108.5562208947165
Ala Completa;54;7;402.5640361999231
Media Pechuga;54;7;1668.7547476103457
Blanqueta;54;7;0.0
Alón;54;7;0.0
Punta;54;7;0.0
Jamoncito;54;7;1183.461703092681
Medio Muslo;54;7;1935.601173293207
Entero;55;7;345.5264426130395
Medio Pollo;55;7;784.9859857122358
Medio Pollo Superior;55;7;537.8147061914367
Medio Pollo Inferior;55;7;654.8386934732055
Cuarto de Pollo Superior;55;7;1425.5135131388115
Muslo Entero;55;7;1027.623193764046
Pechuga Completa;55;7;1717.8494558072368
Ala Completa;55;7;684.9939180392082
Media Pechuga;55;7;1928.8979929082811
Blanqueta;55;7;0.0
Alón;55;7;0.0
Punta;55;7;0.0
Jamoncito;55;7;976.9582884676523
Medio Muslo;55;7;1536.3013900460915
Entero;56;7;357.4691712699345
Medio Pollo;56;7;657.6002074666915
Medio Pollo Superior;56;7;1003.866552301583
Medio Pollo Inferior;56;7;891.097673013312
Cuarto de Pollo Superior;56;7;1230.2889967447252
Muslo Entero;56;7;926.2232244313199
Pechuga Completa;56;7;1431.8395384142736
Ala Completa;56;7;752.7719334523298
Media Pechuga;56;7;1450.7174556060309
Blanqueta;56;7;0.0
Alón;56;7;0.0
Punta;56;7;0.0
Jamoncito;56;7;1016.7902601499055
Medio Muslo;56;7;1166.663928175539
Entero;57;7;452.8217031716414
Medio Pollo;57;7;678.1778314720591
Medio Pollo Superior;57;7;584.4084687441771
Medio Pollo Inferior;57;7;693.4664990318873
Cuarto de Pollo Superior;57;7;877.9152872054133
Muslo Entero;57;7;903.2116300415943
Pechuga Completa;57;7;1003.3103881184499
Ala Completa;57;7;610.7342921711894
Media Pechuga;57;7;1738.5014299253476
Blanqueta;57;7;0.0
Alón;57;7;0.0
Punta;57;7;0.0
Jamoncito;57;7;945.5056732486602
Medio Muslo;57;7;1514.6517951098654
Entero;58;7;351.78108044072405
Medio Pollo;58;7;633.4212771780319
Medio Pollo Superior;58;7;1111.334208038745
Medio Pollo Inferior;58;7;475.3967648702646
Cuarto de Pollo Superior;58;7;1102.7474386981685
Muslo Entero;58;7;1040.174846373838
Pechuga Completa;58;7;1205.5292888161366
Ala Completa;58;7;771.7128265319574
Media Pechuga;58;7;1126.0234922274751
Blanqueta;58;7;0.0
Alón;58;7;0.0
Punta;58;7;0.0
Jamoncito;58;7;963.467270733869
Medio Muslo;58;7;1374.6327437745085
Entero;59;7;334.09551772356554
Medio Pollo;59;7;570.6571974277767
Medio Pollo Superior;59;7;1042.5438145022497
Medio Pollo Inferior;59;7;789.1910221116963
Cuarto de Pollo Superior;59;7;848.575141946993
Muslo Entero;59;7;982.8634667919515
Pechuga Completa;59;7;1454.5561329416037
Ala Completa;59;7;474.7594776136872
Media Pechuga;59;7;1771.6576788714683
Blanqueta;59;7;0.0
Alón;59;7;0.0
Punta;59;7;0.0
Jamoncito;59;7;691.3544486002629
Medio Muslo;59;7;1843.259694527167
Entero;60;7;287.9035883349963
Medio Pollo;60;7;382.39976834549464
Medio Pollo Superior;60;7;591.6619027288466
Medio Pollo Inferior;60;7;669.0448140765598
Cuarto de Pollo Superior;60;7;1049.8758517277502
Muslo Entero;60;7;674.1431619429327
Pechuga Completa;60;7;973.8978813031406
Ala Completa;60;7;567.5469549088059
Media Pechuga;60;7;1652.1936983254755
Blanqueta;60;7;0.0
Alón;60;7;0.0
Punta;60;7;0.0
Jamoncito;60;7;645.1434386649885
Medio Muslo;60;7;1548.9238826024384
Entero;61;7;400.51840808393604
Medio Pollo;61;7;394.62789374181716
Medio Pollo Superior;61;7;759.7041240046896
Medio Pollo Inferior;61;7;671.183879861351
Cuarto de Pollo Superior;61;7;1023.754993756805
Muslo Entero;61;7;686.4167977302535
Pechuga Completa;61;7;1399.3365192539322
Ala Completa;61;7;801.4110449304516
Media Pechuga;61;7;2128.138642039569
Blanqueta;61;7;0.0
Alón;61;7;0.0
Punta;61;7;0.0
Jamoncito;61;7;1067.3445115146092
Medio Muslo;61;7;1587.604321975166
Entero;62;7;423.95022002654366
Medio Pollo;62;7;576.6264044034154
Medio Pollo Superior;62;7;498.4369272752958
Medio Pollo Inferior;62;7;926.7138575164419
Cuarto de Pollo Superior;62;7;851.5600635256772
Muslo Entero;62;7;1087.4582201115047
Pechuga Completa;62;7;949.4228227123631
Ala Completa;62;7;716.9459724681647
Media Pechuga;62;7;2359.542680661954
Blanqueta;62;7;1.388193601657762e-12
Alón;62;7;1.2675133202469188e-12
Punta;62;7;0.0
Jamoncito;62;7;951.533945306161
Medio Muslo;62;7;1767.3419027304694
Entero;63;7;637.651206568838
Medio Pollo;63;7;706.3961526408502
Medio Pollo Superior;63;7;639.498780543888
Medio Pollo Inferior;63;7;786.9935288413096
Cuarto de Pollo Superior;63;7;1173.5590525988277
Muslo Entero;63;7;1020.0766870864071
Pechuga Completa;63;7;1763.8370001556164
Ala Completa;63;7;714.8818806904422
Media Pechuga;63;7;1351.3309022156266
Blanqueta;63;7;1.8629306608290423e-12
Alón;63;7;2.2364289953800297e-12
Punta;63;7;0.0
Jamoncito;63;7;816.0752688172043
Medio Muslo;63;7;1357.4194982671168
Entero;64;7;298.02295676660003
Medio Pollo;64;7;504.8161105525634
Medio Pollo Superior;64;7;837.6265800360577
Medio Pollo Inferior;64;7;684.4841200467786
Cuarto de Pollo Superior;64;7;1030.8306835522303
Muslo Entero;64;7;989.052547654567
Pechuga Completa;64;7;1268.9430412730487
Ala Completa;64;7;432.20608636627867
Media Pechuga;64;7;1709.405107103806
Blanqueta;64;7;1.0291734624685311e-12
Alón;64;7;1.9234171524259154e-12
Punta;64;7;0.0
Jamoncito;64;7;714.104563548223
Medio Muslo;64;7;1965.3241246875803
Entero;65;7;506.12553304984743
Medio Pollo;65;7;582.8452179857125
Medio Pollo Superior;65;7;766.4129265135282
Medio Pollo Inferior;65;7;789.0606541491079
Cuarto de Pollo Superior;65;7;1112.2944260833679
Muslo Entero;65;7;750.2542550471969
Pechuga Completa;65;7;1858.1943415066935
Ala Completa;65;7;772.9442087473585
Media Pechuga;65;7;1576.0793987989728
Blanqueta;65;7;8.286994598390739e-13
Alón;65;7;1.8471321114478017e-12
Punta;65;7;0.0
Jamoncito;65;7;766.8218615060141
Medio Muslo;65;7;1449.5642246179764
Entero;66;7;485.7387174846874
Medio Pollo;66;7;517.7461659496039
Medio Pollo Superior;66;7;813.5383950632395
Medio Pollo Inferior;66;7;698.694225247331
Cuarto de Pollo Superior;66;7;629.1146573489445
Muslo Entero;66;7;1191.4055156346294
Pechuga Completa;66;7;1777.8809257857583
Ala Completa;66;7;452.78443444347835
Media Pechuga;66;7;2267.168556031003
Blanqueta;66;7;1.2093532094820987e-12
Alón;66;7;2.4471051556426817e-12
Punta;66;7;0.0
Jamoncito;66;7;790.3610638554068
Medio Muslo;66;7;1483.7858679124595
Entero;67;7;530.7046517639534
Medio Pollo;67;7;700.5422863820611
Medio Pollo Superior;67;7;819.6742198908026
Medio Pollo Inferior;67;7;743.0642098787871
Cuarto de Pollo Superior;67;7;1307.7394291132985
Muslo Entero;67;7;560.6453529266032
Pechuga Completa;67;7;1798.0899435780043
Ala Completa;67;7;544.798096221706
Media Pechuga;67;7;1114.876679897803
Blanqueta;67;7;9.548650599986243e-13
Alón;67;7;1.8807194572825742e-12
Punta;67;7;0.0
Jamoncito;67;7;922.4834008163718
Medio Muslo;67;7;1040.696729421849
Entero;68;7;492.6973530269047
Medio Pollo;68;7;716.5442788137185
Medio Pollo Superior;68;7;499.0094570866029
Medio Pollo Inferior;68;7;657.151764695985
Cuarto de Pollo Superior;68;7;1074.141810035595
Muslo Entero;68;7;1238.4968501483017
Pechuga Completa;68;7;1877.0230710001972
Ala Completa;68;7;440.41278219628254
Media Pechuga;68;7;1153.6730139571403
Blanqueta;68;7;5.673713686846116e-13
Alón;68;7;2.39130897792735e-12
Punta;68;7;0.0
Jamoncito;68;7;565.6765445870952
Medio Muslo;68;7;1920.9295111275521
Entero;69;7;297.2025112279419
Medio Pollo;69;7;365.4257691943206
Medio Pollo Superior;69;7;895.6534001355554
Medio Pollo Inferior;69;7;800.8434133513055
Cuarto de Pollo Superior;69;7;829.315536527655
Muslo Entero;69;7;929.7122943530132
Pechuga Completa;69;7;499.90464441601284
Ala Completa;69;7;816.6237106736107
Media Pechuga;69;7;1620.7855348576768
Blanqueta;69;7;1.2143180823506901e-12
Alón;69;7;1.902260830957964e-12
Punta;69;7;0.0
Jamoncito;69;7;689.3965326480834
Medio Muslo;69;7;907.214890045509
Entero;70;7;359.87842201417396
Medio Pollo;70;7;565.4590729865341
Medio Pollo Superior;70;7;1003.1216362266307
Medio Pollo Inferior;70;7;695.3922249771483
Cuarto de Pollo Superior;70;7;1247.158603078691
Muslo Entero;70;7;1031.7194786242335
Pechuga Completa;70;7;1834.0162570283496
Ala Completa;70;7;818.2094945992332
Media Pechuga;70;7;1480.2430974744088
Blanqueta;70;7;0.0
Alón;70;7;1.1620698392639675e-12
Punta;70;7;0.0
Jamoncito;70;7;664.6295987714668
Medio Muslo;70;7;1508.8746695795442
Entero;71;7;313.9926117402535
Medio Pollo;71;7;677.6794596895381
Medio Pollo Superior;71;7;811.896125370086
Medio Pollo Inferior;71;7;643.656087456578
Cuarto de Pollo Superior;71;7;1024.5713583445447
Muslo Entero;71;7;737.893424601573
Pechuga Completa;71;7;586.1127752297151
Ala Completa;71;7;566.7537241032541
Media Pechuga;71;7;1953.7074792768328
Blanqueta;71;7;0.0
Alón;71;7;0.0
Punta;71;7;0.0
Jamoncito;71;7;1021.7956018732071
Medio Muslo;71;7;1223.6512828890216
Entero;72;7;279.71792691938396
Medio Pollo;72;7;375.45039167818857
Medio Pollo Superior;72;7;805.8709677419355
Medio Pollo Inferior;72;7;508.30492237674986
Cuarto de Pollo Superior;72;7;975.9163491664534
Muslo Entero;72;7;933.5047220383207
Pechuga Completa;72;7;1583.1290322580646
Ala Completa;72;7;813.5189110981565
Media Pechuga;72;7;1829.4845130093256
Blanqueta;72;7;0.0
Alón;72;7;0.0
Punta;72;7;0.0
Jamoncito;72;7;1093.1874404880512
Medio Muslo;72;7;1962.6475300365141
Entero;73;7;492.50052977369194
Medio Pollo;73;7;700.635605725523
Medio Pollo Superior;73;7;805.8709677419355
Medio Pollo Inferior;73;7;653.9694682147806
Cuarto de Pollo Superior;73;7;1186.2985777629033
Muslo Entero;73;7;648.3123087009168
Pechuga Completa;73;7;1750.7510143413751
Ala Completa;73;7;428.36098336201445
Media Pechuga;73;7;1984.1923328856503
Blanqueta;73;7;0.0
Alón;73;7;0.0
Punta;73;7;0.0
Jamoncito;73;7;509.6025196878462
Medio Muslo;73;7;1650.4290946946612
Entero;74;7;434.4656326921135
Medio Pollo;74;7;502.88201448773447
Medio Pollo Superior;74;7;542.7717785501578
Medio Pollo Inferior;74;7;702.5670012716892
Cuarto de Pollo Superior;74;7;914.5007334062689
Muslo Entero;74;7;913.5189450105565
Pechuga Completa;74;7;967.3619141484348
Ala Completa;74;7;824.0392442456265
Media Pechuga;74;7;1110.6515687749884
Blanqueta;74;7;0.0
Alón;74;7;0.0
Punta;74;7;0.0
Jamoncito;74;7;672.6652281741971
Medio Muslo;74;7;1028.391997305571
Entero;75;7;426.69646693105807
Medio Pollo;75;7;487.4758259317291
Medio Pollo Superior;75;7;927.0799831902733
Medio Pollo Inferior;75;7;778.7115498384511
Cuarto de Pollo Superior;75;7;1057.8840030038066
Muslo Entero;75;7;1225.7773783111384
Pechuga Completa;75;7;1449.1773940908354
Ala Completa;75;7;528.1009875924077
Media Pechuga;75;7;1606.2099327471344
Blanqueta;75;7;0.0
Alón;75;7;0.0
Punta;75;7;0.0
Jamoncito;75;7;1028.8981654003862
Medio Muslo;75;7;1742.1614321590146
Entero;76;7;592.4423318309639
Medio Pollo;76;7;535.4557774299768
Medio Pollo Superior;76;7;947.7611414853752
Medio Pollo Inferior;76;7;799.2509559642092
Cuarto de Pollo Superior;76;7;1061.0818541639135
Muslo Entero;76;7;940.55613252754
Pechuga Completa;76;7;1437.483870967742
Ala Completa;76;7;535.9493260968786
Media Pechuga;76;7;1906.0378423729767
Blanqueta;76;7;0.0
Alón;76;7;0.0
Punta;76;7;0.0
Jamoncito;76;7;1127.648069712902
Medio Muslo;76;7;1922.7894598177777
Entero;77;7;360.57226671358626
Medio Pollo;77;7;394.35292674948306
Medio Pollo Superior;77;7;805.8709677419355
Medio Pollo Inferior;77;7;752.681085716334
Cuarto de Pollo Superior;77;7;753.4451253906191
Muslo Entero;77;7;824.8936830228448
Pechuga Completa;77;7;1339.377969639637
Ala Completa;77;7;507.86617603638115
Media Pechuga;77;7;1522.2839856447542
Blanqueta;77;7;0.0
Alón;77;7;0.0
Punta;77;7;0.0
Jamoncito;77;7;619.540882544093
Medio Muslo;77;7;1365.5522850385053
Entero;78;7;479.820549193428
Medio Pollo;78;7;401.6875035566989
Medio Pollo Superior;78;7;805.8709677419355
Medio Pollo Inferior;78;7;569.7384081195572
Cuarto de Pollo Superior;78;7;1278.085923671274
Muslo Entero;78;7;694.2944277252066
Pechuga Completa;78;7;1322.6513692149251
Ala Completa;78;7;479.9647049438455
Media Pechuga;78;7;1796.730210669487
Blanqueta;78;7;0.0
Alón;78;7;0.0
Punta;78;7;0.0
Jamoncito;78;7;843.5773000625783
Medio Muslo;78;7;1366.159776666544
Entero;79;7;505.5127067394002
Medio Pollo;79;7;630.7348986084365
Medio Pollo Superior;79;7;805.8709677419355
Medio Pollo Inferior;79;7;640.0968683849773
Cuarto de Pollo Superior;79;7;1012.0967741935484
Muslo Entero;79;7;1097.3206769362412
Pechuga Completa;79;7;1395.1775641642369
Ala Completa;79;7;526.5152995105517
Media Pechuga;79;7;1800.9340813695226
Blanqueta;79;7;0.0
Alón;79;7;0.0
Punta;79;7;0.0
Jamoncito;79;7;916.9857784747502
Medio Muslo;79;7;998.5315895465538
Entero;80;7;501.47849803424066
Medio Pollo;80;7;609.0930723744909
Medio Pollo Superior;80;7;553.17465440221
Medio Pollo Inferior;80;7;615.5154505491789
Cuarto de Pollo Superior;80;7;1031.2580645161293
Muslo Entero;80;7;1080.5314031465905
Pechuga Completa;80;7;1693.2124518199107
Ala Completa;80;7;482.02096278687316
Media Pechuga;80;7;1669.6432225619944
Blanqueta;80;7;0.0
Alón;80;7;0.0
Punta;80;7;0.0
Jamoncito;80;7;904.8836769729113
Medio Muslo;80;7;944.551338170901
Entero;81;7;610.0923378268411
Medio Pollo;81;7;428.41440499124536
Medio Pollo Superior;81;7;897.6626260136214
Medio Pollo Inferior;81;7;583.6627686160106
Cuarto de Pollo Superior;81;7;686.5351204387713
Muslo Entero;81;7;760.0595364138937
Pechuga Completa;81;7;1303.977876117887
Ala Completa;81;7;481.1216993715094
Media Pechuga;81;7;1752.300354429056
Blanqueta;81;7;0.0
Alón;81;7;0.0
Punta;81;7;0.0
Jamoncito;81;7;808.8359065711783
Medio Muslo;81;7;1599.513285199297
Entero;82;7;489.15514763961176
Medio Pollo;82;7;785.1378320740649
Medio Pollo Superior;82;7;923.9461236842931
Medio Pollo Inferior;82;7;923.0569644125304
Cuarto de Pollo Superior;82;7;1382.740606968489
Muslo Entero;82;7;1070.6411516307303
Pechuga Completa;82;7;951.1016208360501
Ala Completa;82;7;671.9818855175836
Media Pechuga;82;7;1519.8531138427338
Blanqueta;82;7;0.0
Alón;82;7;0.0
Punta;82;7;0.0
Jamoncito;82;7;799.9323401134324
Medio Muslo;82;7;1808.257610620516
Entero;83;7;626.0752548360241
Medio Pollo;83;7;387.7943198657117
Medio Pollo Superior;83;7;473.86655131595444
Medio Pollo Inferior;83;7;831.9890006936483
Cuarto de Pollo Superior;83;7;996.8503229862754
Muslo Entero;83;7;681.3859937865786
Pechuga Completa;83;7;1786.1638465693256
Ala Completa;83;7;452.9678500979726
Media Pechuga;83;7;1594.1877828792763
Blanqueta;83;7;0.0
Alón;83;7;0.0
Punta;83;7;0.0
Jamoncito;83;7;1021.5385569521736
Medio Muslo;83;7;1146.220132275992
Entero;84;7;544.457070068751
Medio Pollo;84;7;774.6772355556079
Medio Pollo Superior;84;7;499.02233306266186
Medio Pollo Inferior;84;7;726.071923484602
Cuarto de Pollo Superior;84;7;958.2246596146564
Muslo Entero;84;7;716.2649590939152
Pechuga Completa;84;7;1032.845168405251
Ala Completa;84;7;712.9244335759829
Media Pechuga;84;7;2202.3311216109796
Blanqueta;84;7;0.0
Alón;84;7;0.0
Punta;84;7;0.0
Jamoncito;84;7;1061.193098591374
Medio Muslo;84;7;1131.0634448459512
Entero;85;7;551.4395256594863
Medio Pollo;85;7;737.1591331172414
Medio Pollo Superior;85;7;532.7737301598704
Medio Pollo Inferior;85;7;883.1146416748973
Cuarto de Pollo Superior;85;7;1187.6815480563243
Muslo Entero;85;7;1182.8248356351808
Pechuga Completa;85;7;860.5163047893543
Ala Completa;85;7;508.1021682973045
Media Pechuga;85;7;2149.309391444358
Blanqueta;85;7;0.0
Alón;85;7;0.0
Punta;85;7;0.0
Jamoncito;85;7;575.2763949141898
Medio Muslo;85;7;2032.8219546089276
Entero;86;7;366.50021015904986
Medio Pollo;86;7;407.9404771697559
Medio Pollo Superior;86;7;665.3021723859154
Medio Pollo Inferior;86;7;965.2868394827835
Cuarto de Pollo Superior;86;7;607.8598871472212
Muslo Entero;86;7;588.3486363091506
Pechuga Completa;86;7;1072.661801964029
Ala Completa;86;7;610.0349268544132
Media Pechuga;86;7;2180.9646499252776
Blanqueta;86;7;0.0
Alón;86;7;0.0
Punta;86;7;0.0
Jamoncito;86;7;1063.6705900339468
Medio Muslo;86;7;2111.425956069355
Entero;87;7;404.78969501333023
Medio Pollo;87;7;606.0429058416267
Medio Pollo Superior;87;7;842.247249591797
Medio Pollo Inferior;87;7;336.58412825915207
Cuarto de Pollo Superior;87;7;681.6876622677103
Muslo Entero;87;7;1217.81359680797
Pechuga Completa;87;7;1303.829750751834
Ala Completa;87;7;509.65524437216317
Media Pechuga;87;7;901.7442743686668
Blanqueta;87;7;0.0
Alón;87;7;0.0
Punta;87;7;0.0
Jamoncito;87;7;589.1761770635652
Medio Muslo;87;7;1531.904138939496
Entero;88;7;319.5736744760479
Medio Pollo;88;7;680.0078066205973
Medio Pollo Superior;88;7;1036.0978597314386
Medio Pollo Inferior;88;7;699.1286882108639
Cuarto de Pollo Superior;88;7;1029.7120808429636
Muslo Entero;88;7;741.3870967741935
Pechuga Completa;88;7;1479.2077864083535
Ala Completa;88;7;540.1314680512752
Media Pechuga;88;7;2056.622105472985
Blanqueta;88;7;0.0
Alón;88;7;0.0
Punta;88;7;0.0
Jamoncito;88;7;645.2606942693602
Medio Muslo;88;7;981.2997769940304
Entero;89;7;430.07630639707537
Medio Pollo;89;7;492.97801140593566
Medio Pollo Superior;89;7;598.3694910089132
Medio Pollo Inferior;89;7;745.6420457267644
Cuarto de Pollo Superior;89;7;1330.2182515066308
Muslo Entero;89;7;620.3920095829102
Pechuga Completa;89;7;1719.6956799397667
Ala Completa;89;7;574.5759254258921
Media Pechuga;89;7;1671.7153606318757
Blanqueta;89;7;0.0
Alón;89;7;0.0
Punta;89;7;0.0
Jamoncito;89;7;569.1598623745466
Medio Muslo;89;7;1891.5581311782394
Entero;90;7;609.8051906335464
Medio Pollo;90;7;745.2485541913665
Medio Pollo Superior;90;7;852.4199070035048
Medio Pollo Inferior;90;7;722.6791243535793
Cuarto de Pollo Superior;90;7;771.014136018455
Muslo Entero;90;7;1163.2809589490332
Pechuga Completa;90;7;953.3047854571225
Ala Completa;90;7;606.445469719033
Media Pechuga;90;7;1503.6625338951399
Blanqueta;90;7;0.0
Alón;90;7;0.0
Punta;90;7;0.0
Jamoncito;90;7;484.7701607948135
Medio Muslo;90;7;1363.2520056294472
Entero;91;7;528.75513348
Medio Pollo;91;7;427.227255418368
Medio Pollo Superior;91;7;532.3795584796608
Medio Pollo Inferior;91;7;746.1953029991151
Cuarto de Pollo Superior;91;7;1246.400758415449
Muslo Entero;91;7;597.1030447386698
Pechuga Completa;91;7;1422.7830999929013
Ala Completa;91;7;528.0364749449649
Media Pechuga;91;7;1914.0977121664753
Blanqueta;91;7;0.0
Alón;91;7;0.0
Punta;91;7;0.0
Jamoncito;91;7;515.1561237923132
Medio Muslo;91;7;1106.5637976293829
Entero;92;7;459.0
Medio Pollo;92;7;674.2326426753741
Medio Pollo Superior;92;7;776.4748293901977
Medio Pollo Inferior;92;7;474.9858078150678
Cuarto de Pollo Superior;92;7;1365.0044246038833
Muslo Entero;92;7;715.776695011902
Pechuga Completa;92;7;1193.2252600304716
Ala Completa;92;7;387.5081657754775
Media Pechuga;92;7;1573.902287833525
Blanqueta;92;7;0.0
Alón;92;7;0.0
Punta;92;7;0.0
Jamoncito;92;7;854.7386863219124
Medio Muslo;92;7;1097.2906142507306
Entero;93;7;458.0
Medio Pollo;93;7;411.7748071863525
Medio Pollo Superior;93;7;889.5009699830877
Medio Pollo Inferior;93;7;653.0382865840512
Cuarto de Pollo Superior;93;7;958.3406917430649
Muslo Entero;93;7;965.9784305244582
Pechuga Completa;93;7;1517.5124091328616
Ala Completa;93;7;826.519449263941
Media Pechuga;93;7;2119.5232055511747
Blanqueta;93;7;0.0
Alón;93;7;0.0
Punta;93;7;0.0
Jamoncito;93;7;1055.8050357682926
Medio Muslo;93;7;1617.7424968548219
Entero;94;7;459.0
Medio Pollo;94;7;339.2000393132249
Medio Pollo Superior;94;7;719.4690774449405
Medio Pollo Inferior;94;7;793.8148358250447
Cuarto de Pollo Superior;94;7;936.2888553290579
Muslo Entero;94;7;989.2221605274549
Pechuga Completa;94;7;1219.570222590406
Ala Completa;94;7;434.76219383345585
Media Pechuga;94;7;1368.4767944492987
Blanqueta;94;7;2.4184718098412987e-12
Alón;94;7;2.3403736498379188e-12
Punta;94;7;0.0
Jamoncito;94;7;620.482428569351
Medio Muslo;94;7;1025.360078600689
Entero;95;7;327.4190015270217
Medio Pollo;95;7;556.511386304358
Medio Pollo Superior;95;7;1037.9876040784302
Medio Pollo Inferior;95;7;616.2170135160962
Cuarto de Pollo Superior;95;7;804.9905623400726
Muslo Entero;95;7;1205.3137882203955
Pechuga Completa;95;7;1803.4930032499783
Ala Completa;95;7;533.8776964874095
Media Pechuga;95;7;1524.4921766870627
Blanqueta;95;7;1.3288658851635805e-12
Alón;95;7;3.643466179411659e-12
Punta;95;7;0.0
Jamoncito;95;7;494.2928129586481
Medio Muslo;95;7;1206.8179092283783
Entero;96;7;428.1361715413452
Medio Pollo;96;7;552.2818435472794
Medio Pollo Superior;96;7;984.3903227038568
Medio Pollo Inferior;96;7;961.5118509485592
Cuarto de Pollo Superior;96;7;1012.1533031103731
Muslo Entero;96;7;692.6750301640892
Pechuga Completa;96;7;1339.2938870548583
Ala Completa;96;7;519.3805158121427
Media Pechuga;96;7;1950.0881187686064
Blanqueta;96;7;1.344522014893653e-12
Alón;96;7;3.427609337103419e-12
Punta;96;7;0.0
Jamoncito;96;7;708.6262396381899
Medio Muslo;96;7;2002.0934996281878
Entero;97;7;377.0401039557226
Medio Pollo;97;7;362.6877888576586
Medio Pollo Superior;97;7;903.2120900293494
Medio Pollo Inferior;97;7;743.9078410326463
Cuarto de Pollo Superior;97;7;1010.772188824921
Muslo Entero;97;7;566.5453305363393
Pechuga Completa;97;7;1034.5795443670252
Ala Completa;97;7;692.6552415056736
Media Pechuga;97;7;2093.226156157298
Blanqueta;97;7;1.85393325003288e-12
Alón;97;7;2.33981247571938e-12
Punta;97;7;0.0
Jamoncito;97;7;759.8904139427104
Medio Muslo;97;7;1038.4534163849482
Entero;98;7;529.8591949225023
Medio Pollo;98;7;594.5898393182415
Medio Pollo Superior;98;7;729.503673557071
Medio Pollo Inferior;98;7;659.4559615263621
Cuarto de Pollo Superior;98;7;1190.4040598653955
Muslo Entero;98;7;739.8318213724659
Pechuga Completa;98;7;1626.0605417639708
Ala Completa;98;7;809.4741973698322
Media Pechuga;98;7;1329.7426091558714
Blanqueta;98;7;1.7386363761844468e-12
Alón;98;7;2.9461080767871624e-12
Punta;98;7;0.0
Jamoncito;98;7;1009.7139107116096
Medio Muslo;98;7;1041.7206610615315
Entero;99;7;434.6484139826281
Medio Pollo;99;7;651.2070779011873
Medio Pollo Superior;99;7;695.8921856153435
Medio Pollo Inferior;99;7;923.5200156553985
Cuarto de Pollo Superior;99;7;1292.9627630175373
Muslo Entero;99;7;887.4411930052798
Pechuga Completa;99;7;1394.0673990640187
Ala Completa;99;7;837.2044434735193
Media Pechuga;99;7;1112.7688423448321
Blanqueta;99;7;2.2166321396249022e-12
Alón;99;7;2.2219682906611066e-12
Punta;99;7;0.0
Jamoncito;99;7;1032.3558566128497
Medio Muslo;99;7;1465.8184068707071
Entero;100;7;599.1406346965039
Medio Pollo;100;7;770.0765980302327
Medio Pollo Superior;100;7;941.1457000353025
Medio Pollo Inferior;100;7;728.516129032258
Cuarto de Pollo Superior;100;7;1007.1446443347255
Muslo Entero;100;7;796.7161440702941
Pechuga Completa;100;7;1441.021396381244
Ala Completa;100;7;826.889237075319
Media Pechuga;100;7;2069.8155464384727
Blanqueta;100;7;2.413843543789029e-12
Alón;100;7;2.99865146774326e-12
Punta;100;7;0.0
Jamoncito;100;7;579.1293317171267
Medio Muslo;100;7;1175.602718850245
Entero;101;7;496.53921771043565
Medio Pollo;101;7;336.5583350762932
Medio Pollo Superior;101;7;486.31363207531774
Medio Pollo Inferior;101;7;728.516129032258
Cuarto de Pollo Superior;101;7;936.9037490959072
Muslo Entero;101;7;894.8258305132306
Pechuga Completa;101;7;1099.3471898141602
Ala Completa;101;7;627.0963572611088
Media Pechuga;101;7;1803.4706498672967
Blanqueta;101;7;2.230520438119621e-12
Alón;101;7;3.8397212682122525e-12
Punta;101;7;0.0
Jamoncito;101;7;968.9964786213653
Medio Muslo;101;7;1076.2919367992945
Entero;102;7;417.954401452742
Medio Pollo;102;7;423.63227161252877
Medio Pollo Superior;102;7;1056.2642876957364
Medio Pollo Inferior;102;7;726.0062608301334
Cuarto de Pollo Superior;102;7;1377.1464938597144
Muslo Entero;102;7;943.8621760979579
Pechuga Completa;102;7;1804.3713955299377
Ala Completa;102;7;841.2982032106438
Media Pechuga;102;7;1063.0434218249152
Blanqueta;102;7;2.2482528889810284e-12
Alón;102;7;0.0
Punta;102;7;0.0
Jamoncito;102;7;517.1804212868196
Medio Muslo;102;7;1159.8518868101664
Entero;103;7;512.2628602108348
Medio Pollo;103;7;522.1526254438822
Medio Pollo Superior;103;7;845.4220802289459
Medio Pollo Inferior;103;7;731.0259972343827
Cuarto de Pollo Superior;103;7;823.640648966673
Muslo Entero;103;7;1208.3637477038005
Pechuga Completa;103;7;1033.3772323022379
Ala Completa;103;7;625.6750966023203
Media Pechuga;103;7;2317.4887810364603
Blanqueta;103;7;2.499680348335767e-12
Alón;103;7;0.0
Punta;103;7;0.0
Jamoncito;103;7;584.8961380533565
Medio Muslo;103;7;1445.6250688615694
Entero;104;7;420.5542184418803
Medio Pollo;104;7;505.2266653184626
Medio Pollo Superior;104;7;487.02009505531504
Medio Pollo Inferior;104;7;660.2499237404093
Cuarto de Pollo Superior;104;7;949.0967741935484
Muslo Entero;104;7;970.4943646172202
Pechuga Completa;104;7;1648.284440943291
Ala Completa;104;7;493.1309119548649
Media Pechuga;104;7;1678.0832830391334
Blanqueta;104;7;0.0
Alón;104;7;0.0
Punta;104;7;0.0
Jamoncito;104;7;674.3374878265969
Medio Muslo;104;7;1105.3658301111432
Entero;105;7;271.25402798308676
Medio Pollo;105;7;741.429857256028
Medio Pollo Superior;105;7;620.1418006722262
Medio Pollo Inferior;105;7;746.5836934732013
Cuarto de Pollo Superior;105;7;931.3870967741937
Muslo Entero;105;7;1197.0169157838454
Pechuga Completa;105;7;1096.9290631449849
Ala Completa;105;7;855.2600186432717
Media Pechuga;105;7;1228.3745539116258
Blanqueta;105;7;0.0
Alón;105;7;0.0
Punta;105;7;0.0
Jamoncito;105;7;743.0914833929966
Medio Muslo;105;7;1441.0906832758733
Entero;106;7;474.1917535750329
Medio Pollo;106;7;451.60338690178673
Medio Pollo Superior;106;7;514.5762590654205
Medio Pollo Inferior;106;7;515.5167795278373
Cuarto de Pollo Superior;106;7;854.5559345400355
Muslo Entero;106;7;1195.66824975614
Pechuga Completa;106;7;1564.0849529661807
Ala Completa;106;7;559.9137591054848
Media Pechuga;106;7;2033.458305911411
Blanqueta;106;7;0.0
Alón;106;7;0.0
Punta;106;7;0.0
Jamoncito;106;7;595.5130838866122
Medio Muslo;106;7;1772.791454193193
Entero;107;7;614.7788283235235
Medio Pollo;107;7;733.824962983711
Medio Pollo Superior;107;7;837.9931846810114
Medio Pollo Inferior;107;7;610.33442464538
Cuarto de Pollo Superior;107;7;906.4294346494959
Muslo Entero;107;7;944.3798298326395
Pechuga Completa;107;7;1050.426992435723
Ala Completa;107;7;657.7840782993302
Media Pechuga;107;7;1453.2701355022396
Blanqueta;107;7;0.0
Alón;107;7;0.0
Punta;107;7;0.0
Jamoncito;107;7;926.4075145733327
Medio Muslo;107;7;1837.8131692843017
Entero;108;7;289.7308557076423
Medio Pollo;108;7;580.688899423798
Medio Pollo Superior;108;7;894.1945541792824
Medio Pollo Inferior;108;7;500.15813995506096
Cuarto de Pollo Superior;108;7;864.3675725837772
Muslo Entero;108;7;763.2047377704273
Pechuga Completa;108;7;1572.0435276782075
Ala Completa;108;7;586.3907610579959
Media Pechuga;108;7;1053.0061220855232
Blanqueta;108;7;0.0
Alón;108;7;0.0
Punta;108;7;0.0
Jamoncito;108;7;854.0427441209004
Medio Muslo;108;7;1663.6614809947093
Entero;109;7;643.9524827089024
Medio Pollo;109;7;677.4816578408238
Medio Pollo Superior;109;7;869.1447635738214
Medio Pollo Inferior;109;7;754.2386718920271
Cuarto de Pollo Superior;109;7;1123.944208041981
Muslo Entero;109;7;735.4480082540499
Pechuga Completa;109;7;1654.0324353568603
Ala Completa;109;7;700.6938461275164
Media Pechuga;109;7;1920.9768688571198
Blanqueta;109;7;0.0
Alón;109;7;0.0
Punta;109;7;0.0
Jamoncito;109;7;942.8436219680711
Medio Muslo;109;7;1013.2996087778376
Entero;110;7;351.90105227020507
Medio Pollo;110;7;491.3347815310151
Medio Pollo Superior;110;7;1030.4929579609804
Medio Pollo Inferior;110;7;534.1337994303766
Cuarto de Pollo Superior;110;7;1222.5524122371942
Muslo Entero;110;7;905.0936501904611
Pechuga Completa;110;7;1230.1200640169982
Ala Completa;110;7;706.8882706316255
Media Pechuga;110;7;1616.2589866672845
Blanqueta;110;7;0.0
Alón;110;7;0.0
Punta;110;7;0.0
Jamoncito;110;7;1171.5518833753317
Medio Muslo;110;7;955.476797773224
Entero;111;7;506.90142640150367
Medio Pollo;111;7;587.0
Medio Pollo Superior;111;7;598.5380700745899
Medio Pollo Inferior;111;7;615.454117024963
Cuarto de Pollo Superior;111;7;1040.990395897895
Muslo Entero;111;7;821.8409267107761
Pechuga Completa;111;7;1449.3939015898713
Ala Completa;111;7;659.0318288696928
Media Pechuga;111;7;1904.8611709134436
Blanqueta;111;7;0.0
Alón;111;7;0.0
Punta;111;7;0.0
Jamoncito;111;7;1112.3922036357922
Medio Muslo;111;7;2018.958630584674
Entero;112;7;530.7298345640526
Medio Pollo;112;7;434.65758460537484
Medio Pollo Superior;112;7;550.92946670114
Medio Pollo Inferior;112;7;543.7438645557266
Cuarto de Pollo Superior;112;7;1326.9004714571518
Muslo Entero;112;7;908.1284205484508
Pechuga Completa;112;7;880.3057880434757
Ala Completa;112;7;823.9183500621444
Media Pechuga;112;7;1824.5229644790968
Blanqueta;112;7;0.0
Alón;112;7;0.0
Punta;112;7;0.0
Jamoncito;112;7;877.84479028124
Medio Muslo;112;7;1195.2384870885237
Entero;113;7;436.1894704874682
Medio Pollo;113;7;739.3424153946252
Medio Pollo Superior;113;7;771.5848728945983
Medio Pollo Inferior;113;7;723.138450932237
Cuarto de Pollo Superior;113;7;804.9369899473082
Muslo Entero;113;7;969.0813487252398
Pechuga Completa;113;7;947.3939867834443
Ala Completa;113;7;518.215714709718
Media Pechuga;113;7;1859.2174437839753
Blanqueta;113;7;0.0
Alón;113;7;0.0
Punta;113;7;0.0
Jamoncito;113;7;911.441722361457
Medio Muslo;113;7;1430.7634843456651
Entero;114;7;408.8160495367021
Medio Pollo;114;7;529.42883242584
Medio Pollo Superior;114;7;739.2520264318742
Medio Pollo Inferior;114;7;834.429913587202
Cuarto de Pollo Superior;114;7;685.098726903523
Muslo Entero;114;7;686.9736015788857
Pechuga Completa;114;7;1405.9333215836543
Ala Completa;114;7;466.460986289362
Media Pechuga;114;7;1198.456637504619
Blanqueta;114;7;0.0
Alón;114;7;0.0
Punta;114;7;0.0
Jamoncito;114;7;560.844948654802
Medio Muslo;114;7;1231.4323739371328
Entero;115;7;427.84736506055685
Medio Pollo;115;7;535.8329593159078
Medio Pollo Superior;115;7;1047.2727420633018
Medio Pollo Inferior;115;7;974.6913551797827
Cuarto de Pollo Superior;115;7;666.96289398565
Muslo Entero;115;7;1003.0345455327092
Pechuga Completa;115;7;1818.2286496754398
Ala Completa;115;7;767.5397499884003
Media Pechuga;115;7;1112.69433321718
Blanqueta;115;7;0.0
Alón;115;7;0.0
Punta;115;7;0.0
Jamoncito;115;7;869.4485583276787
Medio Muslo;115;7;1649.1930332161269
Entero;116;7;283.40333390945494
Medio Pollo;116;7;386.11299293919006
Medio Pollo Superior;116;7;950.9966390723072
Medio Pollo Inferior;116;7;931.7423675173984
Cuarto de Pollo Superior;116;7;854.8523213375144
Muslo Entero;116;7;640.5771752784949
Pechuga Completa;116;7;904.717854701235
Ala Completa;116;7;571.9582764322365
Media Pechuga;116;7;1812.0884915013082
Blanqueta;116;7;0.0
Alón;116;7;0.0
Punta;116;7;0.0
Jamoncito;116;7;946.8318648155441
Medio Muslo;116;7;1562.042796648791
Entero;117;7;461.1004911773167
Medio Pollo;117;7;671.6394014463223
Medio Pollo Superior;117;7;705.7980514451002
Medio Pollo Inferior;117;7;987.1123418988576
Cuarto de Pollo Superior;117;7;1077.373447307938
Muslo Entero;117;7;695.7844952115506
Pechuga Completa;117;7;1253.9101004384856
Ala Completa;117;7;404.5395803798203
Media Pechuga;117;7;1982.3544907384007
Blanqueta;117;7;0.0
Alón;117;7;0.0
Punta;117;7;0.0
Jamoncito;117;7;1108.8157532803787
Medio Muslo;117;7;1798.2504561578864
Entero;118;7;340.499623938522
Medio Pollo;118;7;551.4079537197745
Medio Pollo Superior;118;7;545.6317549906893
Medio Pollo Inferior;118;7;895.2057115763264
Cuarto de Pollo Superior;118;7;925.1598861072107
Muslo Entero;118;7;1062.763183525577
Pechuga Completa;118;7;928.4814250039445
Ala Completa;118;7;513.5606855270264
Media Pechuga;118;7;1687.0622133241548
Blanqueta;118;7;0.0
Alón;118;7;0.0
Punta;118;7;0.0
Jamoncito;118;7;1028.3049186686826
Medio Muslo;118;7;2091.336617950916
Entero;119;7;544.4642434664328
Medio Pollo;119;7;470.56554280262367
Medio Pollo Superior;119;7;733.2775733124652
Medio Pollo Inferior;119;7;784.1914216901341
Cuarto de Pollo Superior;119;7;651.7362368539694
Muslo Entero;119;7;639.3892556874214
Pechuga Completa;119;7;1531.3813984507108
Ala Completa;119;7;720.5116100614736
Media Pechuga;119;7;1996.9808288423633
Blanqueta;119;7;0.0
Alón;119;7;0.0
Punta;119;7;0.0
Jamoncito;119;7;536.1269550649504
Medio Muslo;119;7;1151.07641701917
Entero;120;7;519.6525679556057
Medio Pollo;120;7;716.1903701361573
Medio Pollo Superior;120;7;986.9932842104962
Medio Pollo Inferior;120;7;474.6994973109118
Cuarto de Pollo Superior;120;7;739.9717489238313
Muslo Entero;120;7;1057.2764605268605
Pechuga Completa;120;7;1406.704945131946
Ala Completa;120;7;616.9749844070726
Media Pechuga;120;7;1104.667297545016
Blanqueta;120;7;0.0
Alón;120;7;0.0
Punta;120;7;0.0
Jamoncito;120;7;664.3629612626598
Medio Muslo;120;7;1521.0985987662448
Entero;121;7;461.992944702337
Medio Pollo;121;7;642.9676215370101
Medio Pollo Superior;121;7;904.161903615382
Medio Pollo Inferior;121;7;621.6191453071332
Cuarto de Pollo Superior;121;7;1056.7622461374442
Muslo Entero;121;7;1184.7554657073129
Pechuga Completa;121;7;1104.0689355722366
Ala Completa;121;7;519.5026559933442
Media Pechuga;121;7;1061.6041614949418
Blanqueta;121;7;0.0
Alón;121;7;0.0
Punta;121;7;0.0
Jamoncito;121;7;942.5609339693605
Medio Muslo;121;7;1645.5370064859276
Entero;122;7;417.1951040288453
Medio Pollo;122;7;564.4977080236633
Medio Pollo Superior;122;7;764.4505486095009
Medio Pollo Inferior;122;7;468.62714792194663
Cuarto de Pollo Superior;122;7;1288.452917525625
Muslo Entero;122;7;1159.2203989692837
Pechuga Completa;122;7;1510.2844248671386
Ala Completa;122;7;674.1175849603884
Media Pechuga;122;7;2035.3692321188048
Blanqueta;122;7;0.0
Alón;122;7;0.0
Punta;122;7;0.0
Jamoncito;122;7;690.3733778015826
Medio Muslo;122;7;1552.692949009508
Entero;123;7;404.9878164636679
Medio Pollo;123;7;655.4037670587668
Medio Pollo Superior;123;7;575.1576614029004
Medio Pollo Inferior;123;7;960.6822789632431
Cuarto de Pollo Superior;123;7;924.6209441361527
Muslo Entero;123;7;903.1559393790943
Pechuga Completa;123;7;1101.671395712388
Ala Completa;123;7;389.3219096218602
Media Pechuga;123;7;2012.7237269308828
Blanqueta;123;7;0.0
Alón;123;7;0.0
Punta;123;7;0.0
Jamoncito;123;7;555.8421994244533
Medio Muslo;123;7;1181.0366846445752
Entero;124;7;420.9572053759267
Medio Pollo;124;7;642.9124049695777
Medio Pollo Superior;124;7;641.028883827411
Medio Pollo Inferior;124;7;947.8937189040815
Cuarto de Pollo Superior;124;7;875.0978415190359
Muslo Entero;124;7;938.7068495487148
Pechuga Completa;124;7;1410.9923504539238
Ala Completa;124;7;420.66809267151206
Media Pechuga;124;7;1570.3721875633141
Blanqueta;124;7;0.0
Alón;124;7;0.0
Punta;124;7;0.0
Jamoncito;124;7;1101.061077831893
Medio Muslo;124;7;2058.135184606917
Entero;125;7;530.7528958585841
Medio Pollo;125;7;511.51738444331755
Medio Pollo Superior;125;7;862.4665427791971
Medio Pollo Inferior;125;7;929.2500142088918
Cuarto de Pollo Superior;125;7;1070.8835421649549
Muslo Entero;125;7;1021.4777297301707
Pechuga Completa;125;7;1251.541450387445
Ala Completa;125;7;455.7924930379249
Media Pechuga;125;7;1709.3655713199078
Blanqueta;125;7;0.0
Alón;125;7;0.0
Punta;125;7;0.0
Jamoncito;125;7;873.0913973324477
Medio Muslo;125;7;2048.4722175636766
Entero;126;7;406.13065193961654
Medio Pollo;126;7;446.50649868748246
Medio Pollo Superior;126;7;587.460055857932
Medio Pollo Inferior;126;7;690.5295971036542
Cuarto de Pollo Superior;126;7;789.2102368838604
Muslo Entero;126;7;650.9712593093394
Pechuga Completa;126;7;1026.5526708414047
Ala Completa;126;7;561.4751205256307
Media Pechuga;126;7;2207.3699788478657
Blanqueta;126;7;0.0
Alón;126;7;0.0
Punta;126;7;0.0
Jamoncito;126;7;896.7344035254814
Medio Muslo;126;7;1371.0153658561364
Entero;127;7;452.4562168821821
Medio Pollo;127;7;549.0384420820984
Medio Pollo Superior;127;7;661.9307320856897
Medio Pollo Inferior;127;7;437.7197874408845
Cuarto de Pollo Superior;127;7;1049.093454986262
Muslo Entero;127;7;768.7438046791336
Pechuga Completa;127;7;1772.811691116205
Ala Completa;127;7;658.6759378743342
Media Pechuga;127;7;2194.886001940172
Blanqueta;127;7;-2.5011104298755527e-10
Alón;127;7;-1.227817847393453e-10
Punta;127;7;-3.637978807091713e-11
Jamoncito;127;7;690.1472888364751
Medio Muslo;127;7;1497.401802453327
Entero;128;7;382.08210981142554
Medio Pollo;128;7;541.2104285785151
Medio Pollo Superior;128;7;1034.7367543154348
Medio Pollo Inferior;128;7;687.504894112033
Cuarto de Pollo Superior;128;7;852.7704785695122
Muslo Entero;128;7;1246.6510099650081
Pechuga Completa;128;7;1218.9036002173912
Ala Completa;128;7;606.4215173548947
Media Pechuga;128;7;2103.458337873995
Blanqueta;128;7;0.0
Alón;128;7;0.0
Punta;128;7;0.0
Jamoncito;128;7;1052.7017961231638
Medio Muslo;128;7;1722.8652019151639
Entero;129;7;404.9801879656568
Medio Pollo;129;7;460.4326367534621
Medio Pollo Superior;129;7;967.6437549166097
Medio Pollo Inferior;129;7;841.521097630199
Cuarto de Pollo Superior;129;7;1170.9469939942376
Muslo Entero;129;7;1137.8943313847394
Pechuga Completa;129;7;1430.2882502008977
Ala Completa;129;7;846.0494731123714
Media Pechuga;129;7;1299.5138818065523
Blanqueta;129;7;0.0
Alón;129;7;0.0
Punta;129;7;0.0
Jamoncito;129;7;1003.5738883471039
Medio Muslo;129;7;1639.0149036999912
Entero;130;7;443.240655830715
Medio Pollo;130;7;582.6025565824406
Medio Pollo Superior;130;7;621.4939344997161
Medio Pollo Inferior;130;7;904.6150900531678
Cuarto de Pollo Superior;130;7;1136.2288090486077
Muslo Entero;130;7;909.1414182200122
Pechuga Completa;130;7;1735.1180833992785
Ala Completa;130;7;791.7359506598658
Media Pechuga;130;7;2004.345142085726
Blanqueta;130;7;0.0
Alón;130;7;0.0
Punta;130;7;0.0
Jamoncito;130;7;970.6783506524376
Medio Muslo;130;7;1606.452430831078
Entero;131;7;623.6307975159764
Medio Pollo;131;7;583.4842811861265
Medio Pollo Superior;131;7;819.3239046001271
Medio Pollo Inferior;131;7;591.5458122393086
Cuarto de Pollo Superior;131;7;893.1913528304291
Muslo Entero;131;7;570.669230298379
Pechuga Completa;131;7;1638.493734693009
Ala Completa;131;7;382.37901888278674
Media Pechuga;131;7;2356.2126787746292
Blanqueta;131;7;0.0
Alón;131;7;0.0
Punta;131;7;0.0
Jamoncito;131;7;535.8856690572155
Medio Muslo;131;7;1838.714665021496
Entero;132;7;329.175558367481
Medio Pollo;132;7;425.0834644334728
Medio Pollo Superior;132;7;1107.450759568127
Medio Pollo Inferior;132;7;662.6347788050992
Cuarto de Pollo Superior;132;7;1113.9273900011106
Muslo Entero;132;7;1156.6022495955333
Pechuga Completa;132;7;1671.2062618115451
Ala Completa;132;7;562.3166018197576
Media Pechuga;132;7;1121.1416204995212
Blanqueta;132;7;0.0
Alón;132;7;0.0
Punta;132;7;0.0
Jamoncito;132;7;872.116334025306
Medio Muslo;132;7;914.742864884839
Entero;133;7;392.03844004324753
Medio Pollo;133;7;485.51612734635495
Medio Pollo Superior;133;7;802.1954735143048
Medio Pollo Inferior;133;7;793.3829839559838
Cuarto de Pollo Superior;133;7;1071.0332032332
Muslo Entero;133;7;883.9201257053849
Pechuga Completa;133;7;738.5580680115752
Ala Completa;133;7;491.6383701301039
Media Pechuga;133;7;2394.6589287704614
Blanqueta;133;7;0.0
Alón;133;7;0.0
Punta;133;7;0.0
Jamoncito;133;7;989.3549480562543
Medio Muslo;133;7;1403.4317871080825
Entero;134;7;604.8330248062772
Medio Pollo;134;7;604.3957341026052
Medio Pollo Superior;134;7;875.7950545297672
Medio Pollo Inferior;134;7;521.9741104009868
Cuarto de Pollo Superior;134;7;724.6441687700508
Muslo Entero;134;7;542.3131065751318
Pechuga Completa;134;7;874.7640528698832
Ala Completa;134;7;828.8599715638853
Media Pechuga;134;7;764.6371521245992
Blanqueta;134;7;0.0
Alón;134;7;0.0
Punta;134;7;0.0
Jamoncito;134;7;600.5611667587709
Medio Muslo;134;7;1652.2931969502838
Entero;135;7;565.8362543534085
Medio Pollo;135;7;442.82445368191514
Medio Pollo Superior;135;7;574.3813665936597
Medio Pollo Inferior;135;7;852.9765973415208
Cuarto de Pollo Superior;135;7;671.0574566880733
Muslo Entero;135;7;1206.8339651094298
Pechuga Completa;135;7;1130.5224755668214
Ala Completa;135;7;465.6167092117348
Media Pechuga;135;7;1468.473589976224
Blanqueta;135;7;0.0
Alón;135;7;0.0
Punta;135;7;0.0
Jamoncito;135;7;1027.4539303178503
Medio Muslo;135;7;1455.861412203855
Entero;136;7;549.7425105509924
Medio Pollo;136;7;353.6653609573587
Medio Pollo Superior;136;7;841.8394116093007
Medio Pollo Inferior;136;7;956.7014651919027
Cuarto de Pollo Superior;136;7;852.1277111512754
Muslo Entero;136;7;922.7213344129658
Pechuga Completa;136;7;1367.4683943011917
Ala Completa;136;7;489.42086113030024
Media Pechuga;136;7;1570.7064888701611
Blanqueta;136;7;0.0
Alón;136;7;0.0
Punta;136;7;0.0
Jamoncito;136;7;1008.9340071671623
Medio Muslo;136;7;1146.8501329127832
Entero;137;7;435.4054505578157
Medio Pollo;137;7;611.9531803200073
Medio Pollo Superior;137;7;987.3136378125062
Medio Pollo Inferior;137;7;659.5841032563253
Cuarto de Pollo Superior;137;7;1407.2839964500686
Muslo Entero;137;7;868.189863762845
Pechuga Completa;137;7;1490.9764173472238
Ala Completa;137;7;846.9207256365046
Media Pechuga;137;7;1317.6348356822532
Blanqueta;137;7;0.0
Alón;137;7;0.0
Punta;137;7;0.0
Jamoncito;137;7;906.1797587945558
Medio Muslo;137;7;1092.5236267503121
Entero;138;7;382.2720322965726
Medio Pollo;138;7;515.362737306921
Medio Pollo Superior;138;7;673.7831363810424
Medio Pollo Inferior;138;7;618.231783055346
Cuarto de Pollo Superior;138;7;1032.194206002836
Muslo Entero;138;7;696.661382409399
Pechuga Completa;138;7;1297.4797927971742
Ala Completa;138;7;781.5147133803679
Media Pechuga;138;7;1708.4585767511717
Blanqueta;138;7;0.0
Alón;138;7;0.0
Punta;138;7;0.0
Jamoncito;138;7;705.9622830996831
Medio Muslo;138;7;1216.94767448067
Entero;139;7;357.3948889866352
Medio Pollo;139;7;745.5428473528455
Medio Pollo Superior;139;7;830.8387096774194
Medio Pollo Inferior;139;7;714.0868617085882
Cuarto de Pollo Superior;139;7;951.5553299112329
Muslo Entero;139;7;717.1167638305906
Pechuga Completa;139;7;1759.7165062507636
Ala Completa;139;7;650.793622686588
Media Pechuga;139;7;1075.0405204543977
Blanqueta;139;7;0.0
Alón;139;7;0.0
Punta;139;7;0.0
Jamoncito;139;7;649.5363151296142
Medio Muslo;139;7;2030.1490586005837
Entero;140;7;500.5291540801323
Medio Pollo;140;7;541.5720801855553
Medio Pollo Superior;140;7;582.6674616606487
Medio Pollo Inferior;140;7;456.5629428072902
Cuarto de Pollo Superior;140;7;1266.876762029432
Muslo Entero;140;7;1053.6290814234558
Pechuga Completa;140;7;1954.069868674311
Ala Completa;140;7;609.237129155914
Media Pechuga;140;7;2219.398169434799
Blanqueta;140;7;0.0
Alón;140;7;0.0
Punta;140;7;0.0
Jamoncito;140;7;634.7831776334542
Medio Muslo;140;7;1027.4628667347258
Entero;141;7;606.7116103810029
Medio Pollo;141;7;556.8078064452603
Medio Pollo Superior;141;7;958.1580523324075
Medio Pollo Inferior;141;7;587.3908563183671
Cuarto de Pollo Superior;141;7;639.6513679131275
Muslo Entero;141;7;818.1575659030875
Pechuga Completa;141;7;1712.4343947813936
Ala Completa;141;7;769.2011229152719
Media Pechuga;141;7;2267.962799948909
Blanqueta;141;7;0.0
Alón;141;7;0.0
Punta;141;7;0.0
Jamoncito;141;7;1052.534348445777
Medio Muslo;141;7;1390.8642210853789
Entero;142;7;318.8502329046315
Medio Pollo;142;7;789.0024537444347
Medio Pollo Superior;142;7;608.6366385016779
Medio Pollo Inferior;142;7;843.3922020684021
Cuarto de Pollo Superior;142;7;907.568074909564
Muslo Entero;142;7;729.532801891791
Pechuga Completa;142;7;1226.3421817899994
Ala Completa;142;7;870.405595507937
Media Pechuga;142;7;1666.7183137985494
Blanqueta;142;7;0.0
Alón;142;7;0.0
Punta;142;7;0.0
Jamoncito;142;7;818.726565954948
Medio Muslo;142;7;1422.2720055198458
Entero;143;7;445.78038248884957
Medio Pollo;143;7;764.9966169543386
Medio Pollo Superior;143;7;526.538697346227
Medio Pollo Inferior;143;7;836.8553912593044
Cuarto de Pollo Superior;143;7;1037.4341428102089
Muslo Entero;143;7;918.7798528084978
Pechuga Completa;143;7;1558.0088975276972
Ala Completa;143;7;854.9286069526183
Media Pechuga;143;7;1708.884094903586
Blanqueta;143;7;0.0
Alón;143;7;0.0
Punta;143;7;0.0
Jamoncito;143;7;753.8376979702389
Medio Muslo;143;7;1758.008413432561
Entero;144;7;587.6080797063497
Medio Pollo;144;7;681.024484663724
Medio Pollo Superior;144;7;991.1200269890845
Medio Pollo Inferior;144;7;743.831900716725
Cuarto de Pollo Superior;144;7;616.5262135156548
Muslo Entero;144;7;830.8448754963033
Pechuga Completa;144;7;987.4755713405352
Ala Completa;144;7;585.3080177612102
Media Pechuga;144;7;1290.7778928328719
Blanqueta;144;7;0.0
Alón;144;7;0.0
Punta;144;7;0.0
Jamoncito;144;7;727.0594747355619
Medio Muslo;144;7;1510.9196143758418
Entero;145;7;321.65015326085125
Medio Pollo;145;7;595.3926052422598
Medio Pollo Superior;145;7;905.9312794278014
Medio Pollo Inferior;145;7;948.9383846466224
Cuarto de Pollo Superior;145;7;1157.9698045908517
Muslo Entero;145;7;966.1182966391108
Pechuga Completa;145;7;1621.8508075561851
Ala Completa;145;7;667.9500467549188
Media Pechuga;145;7;2174.2587520781044
Blanqueta;145;7;0.0
Alón;145;7;0.0
Punta;145;7;0.0
Jamoncito;145;7;631.0008395848182
Medio Muslo;145;7;1899.244360055705
Entero;146;7;302.7559731427002
Medio Pollo;146;7;770.9757523968372
Medio Pollo Superior;146;7;854.1467502470613
Medio Pollo Inferior;146;7;718.8709677419355
Cuarto de Pollo Superior;146;7;1153.268730946913
Muslo Entero;146;7;1059.187439724235
Pechuga Completa;146;7;869.2060057504755
Ala Completa;146;7;589.6129032258063
Media Pechuga;146;7;1042.963536041168
Blanqueta;146;7;0.0
Alón;146;7;0.0
Punta;146;7;0.0
Jamoncito;146;7;1085.3050001772342
Medio Muslo;146;7;1614.5077489212263
Entero;147;7;638.314232973446
Medio Pollo;147;7;664.183120587344
Medio Pollo Superior;147;7;665.7434877302748
Medio Pollo Inferior;147;7;718.8709677419355
Cuarto de Pollo Superior;147;7;1243.7398059658713
Muslo Entero;147;7;717.4654410183373
Pechuga Completa;147;7;1702.343663131572
Ala Completa;147;7;515.5262552650947
Media Pechuga;147;7;1969.4814423084674
Blanqueta;147;7;0.0
Alón;147;7;0.0
Punta;147;7;0.0
Jamoncito;147;7;1108.2959164334568
Medio Muslo;147;7;1192.2665432502818
Entero;148;7;453.7278092161491
Medio Pollo;148;7;589.4824372169849
Medio Pollo Superior;148;7;501.97747807367944
Medio Pollo Inferior;148;7;707.9677419354839
Cuarto de Pollo Superior;148;7;878.515399228465
Muslo Entero;148;7;1007.5776186877382
Pechuga Completa;148;7;875.7959035958218
Ala Completa;148;7;795.7889410131406
Media Pechuga;148;7;2242.156569343162
Blanqueta;148;7;2.4280944453936858e-12
Alón;148;7;3.475000991919536e-12
Punta;148;7;1.606923312377581e-12
Jamoncito;148;7;1164.9656364153254
Medio Muslo;148;7;1288.3308319115388
Entero;149;7;451.4792950786762
Medio Pollo;149;7;546.9669543779403
Medio Pollo Superior;149;7;489.30641761902524
Medio Pollo Inferior;149;7;527.1834017715596
Cuarto de Pollo Superior;149;7;1179.3411889269485
Muslo Entero;149;7;1041.590170492391
Pechuga Completa;149;7;1820.1797000121378
Ala Completa;149;7;603.6371475467432
Media Pechuga;149;7;1980.2210049153246
Blanqueta;149;7;1.4762793243889792e-12
Alón;149;7;3.946123768187319e-12
Punta;149;7;1.253129855400557e-12
Jamoncito;149;7;967.7678326157111
Medio Muslo;149;7;1649.8727544632236
Entero;150;7;364.7348014415079
Medio Pollo;150;7;627.6433888512975
Medio Pollo Superior;150;7;817.9987246183366
Medio Pollo Inferior;150;7;850.9296959391918
Cuarto de Pollo Superior;150;7;1168.3213958537974
Muslo Entero;150;7;537.9383163843107
Pechuga Completa;150;7;1613.805180472418
Ala Completa;150;7;549.8700199826238
Media Pechuga;150;7;1281.3758722840766
Blanqueta;150;7;2.0200293037383073e-12
Alón;150;7;3.946065612340494e-12
Punta;150;7;1.8178864542029806e-12
Jamoncito;150;7;723.2781288654111
Medio Muslo;150;7;1337.4148958969195
Entero;151;7;553.2425535467079
Medio Pollo;151;7;471.1988127023035
Medio Pollo Superior;151;7;680.2848538356811
Medio Pollo Inferior;151;7;802.1641921794301
Cuarto de Pollo Superior;151;7;726.833707725767
Muslo Entero;151;7;841.8523159707195
Pechuga Completa;151;7;886.3180874919509
Ala Completa;151;7;596.5647329665909
Media Pechuga;151;7;1339.1004404459843
Blanqueta;151;7;1.7003485041918737e-12
Alón;151;7;3.3168578997491846e-12
Punta;151;7;2.3728060212173636e-12
Jamoncito;151;7;564.0912380482226
Medio Muslo;151;7;1361.6560139639791
Entero;152;7;448.5433499279184
Medio Pollo;152;7;390.1317288516992
Medio Pollo Superior;152;7;927.6216645330701
Medio Pollo Inferior;152;7;661.51743321864
Cuarto de Pollo Superior;152;7;744.0507035408123
Muslo Entero;152;7;1143.7900128062602
Pechuga Completa;152;7;1290.1198034152003
Ala Completa;152;7;725.0577657694688
Media Pechuga;152;7;2060.6811278708515
Blanqueta;152;7;1.142008121549299e-12
Alón;152;7;3.1550026857402723e-12
Punta;152;7;2.3545407594039484e-12
Jamoncito;152;7;866.3606363921255
Medio Muslo;152;7;1823.7159188128646
Entero;153;7;454.0
Medio Pollo;153;7;767.6652554567128
Medio Pollo Superior;153;7;653.4108046121006
Medio Pollo Inferior;153;7;547.928690805505
Cuarto de Pollo Superior;153;7;1188.6103388773156
Muslo Entero;153;7;912.483870967742
Pechuga Completa;153;7;1690.1013409426357
Ala Completa;153;7;502.62588031249544
Media Pechuga;153;7;1385.1825697845486
Blanqueta;153;7;2.247813934792044e-12
Alón;153;7;3.6230257284231526e-12
Punta;153;7;7.639601876955446e-13
Jamoncito;153;7;568.4247058465237
Medio Muslo;153;7;1695.2914684952732
Entero;154;7;319.80962274589007
Medio Pollo;154;7;751.8583464509634
Medio Pollo Superior;154;7;882.5792713658815
Medio Pollo Inferior;154;7;732.9812830279475
Cuarto de Pollo Superior;154;7;630.457186748787
Muslo Entero;154;7;889.2717624140686
Pechuga Completa;154;7;1297.3152610431582
Ala Completa;154;7;574.7322715019243
Media Pechuga;154;7;1515.7339100533509
Blanqueta;154;7;2.3707060970521564e-12
Alón;154;7;4.003483987114817e-12
Punta;154;7;0.0
Jamoncito;154;7;1046.158397392742
Medio Muslo;154;7;905.0579430158655
Entero;155;7;317.3365527047524
Medio Pollo;155;7;438.2248043534692
Medio Pollo Superior;155;7;597.5881983756708
Medio Pollo Inferior;155;7;442.05829438612864
Cuarto de Pollo Superior;155;7;1095.8573274709338
Muslo Entero;155;7;866.4406784002483
Pechuga Completa;155;7;1432.5444671461319
Ala Completa;155;7;458.8342459343283
Media Pechuga;155;7;2010.279246711672
Blanqueta;155;7;0.0
Alón;155;7;0.0
Punta;155;7;0.0
Jamoncito;155;7;965.2587562225598
Medio Muslo;155;7;1505.9863343352663
Entero;156;7;379.3761572508304
Medio Pollo;156;7;689.1050769124232
Medio Pollo Superior;156;7;555.0293705906568
Medio Pollo Inferior;156;7;614.9670342221277
Cuarto de Pollo Superior;156;7;1173.4632109983997
Muslo Entero;156;7;558.0282578025275
Pechuga Completa;156;7;894.0471991658393
Ala Completa;156;7;393.4384501069205
Media Pechuga;156;7;1838.956552720559
Blanqueta;156;7;0.0
Alón;156;7;0.0
Punta;156;7;0.0
Jamoncito;156;7;828.2366253763496
Medio Muslo;156;7;1221.397925576412
Entero;157;7;572.9525040018063
Medio Pollo;157;7;730.9285623548521
Medio Pollo Superior;157;7;847.4992603514393
Medio Pollo Inferior;157;7;417.82667501215394
Cuarto de Pollo Superior;157;7;1157.9224102106016
Muslo Entero;157;7;1134.294411600484
Pechuga Completa;157;7;1466.8495615010756
Ala Completa;157;7;610.0181971345194
Media Pechuga;157;7;2211.172565880734
Blanqueta;157;7;0.0
Alón;157;7;0.0
Punta;157;7;0.0
Jamoncito;157;7;901.2797967993274
Medio Muslo;157;7;1987.5403182104972
Entero;158;7;390.94577075313197
Medio Pollo;158;7;634.7468053947222
Medio Pollo Superior;158;7;953.6688481345709
Medio Pollo Inferior;158;7;825.5949180248988
Cuarto de Pollo Superior;158;7;1094.3187491183483
Muslo Entero;158;7;1070.9434886204278
Pechuga Completa;158;7;1020.1297101988307
Ala Completa;158;7;623.5924882111823
Media Pechuga;158;7;1214.0138857811648
Blanqueta;158;7;0.0
Alón;158;7;0.0
Punta;158;7;0.0
Jamoncito;158;7;802.1059933688449
Medio Muslo;158;7;1763.7292647854824
Entero;159;7;392.9120903708092
Medio Pollo;159;7;180.497218671557
Medio Pollo Superior;159;7;536.9017853438694
Medio Pollo Inferior;159;7;711.7265421154705
Cuarto de Pollo Superior;159;7;965.994593818357
Muslo Entero;159;7;947.9568850332117
Pechuga Completa;159;7;1219.057125277297
Ala Completa;159;7;689.709675016588
Media Pechuga;159;7;1350.872814312315
Blanqueta;159;7;0.0
Alón;159;7;0.0
Punta;159;7;0.0
Jamoncito;159;7;734.5483765131195
Medio Muslo;159;7;1183.1671449117173
Entero;160;7;272.98742164298454
Medio Pollo;160;7;627.1556958024358
Medio Pollo Superior;160;7;483.51103516122595
Medio Pollo Inferior;160;7;811.0087449981426
Cuarto de Pollo Superior;160;7;1229.9088020800841
Muslo Entero;160;7;879.9944441195853
Pechuga Completa;160;7;1813.4814167754434
Ala Completa;160;7;652.9654763140642
Media Pechuga;160;7;2251.190520511629
Blanqueta;160;7;0.0
Alón;160;7;0.0
Punta;160;7;0.0
Jamoncito;160;7;565.9505040572205
Medio Muslo;160;7;1446.110242559347
Entero;161;7;370.21528894804067
Medio Pollo;161;7;366.2254910674901
Medio Pollo Superior;161;7;480.5516402836118
Medio Pollo Inferior;161;7;865.3470777671236
Cuarto de Pollo Superior;161;7;1058.2878376333913
Muslo Entero;161;7;813.7289640302303
Pechuga Completa;161;7;1549.801465843068
Ala Completa;161;7;608.8786618157068
Media Pechuga;161;7;1123.1545705100411
Blanqueta;161;7;0.0
Alón;161;7;0.0
Punta;161;7;0.0
Jamoncito;161;7;778.5701981811733
Medio Muslo;161;7;1723.1494656370198
Entero;162;7;612.4025658066303
Medio Pollo;162;7;660.5996284652477
Medio Pollo Superior;162;7;825.0640015513114
Medio Pollo Inferior;162;7;781.2732442259578
Cuarto de Pollo Superior;162;7;1096.6226198186937
Muslo Entero;162;7;709.9072203019507
Pechuga Completa;162;7;1126.826166484775
Ala Completa;162;7;449.9553793243838
Media Pechuga;162;7;2371.436602278987
Blanqueta;162;7;0.0
Alón;162;7;0.0
Punta;162;7;0.0
Jamoncito;162;7;777.0695394500239
Medio Muslo;162;7;1075.409604632502
Entero;163;7;367.4897121999975
Medio Pollo;163;7;710.4158025510312
Medio Pollo Superior;163;7;719.2159679497662
Medio Pollo Inferior;163;7;801.8239598765712
Cuarto de Pollo Superior;163;7;997.3963303268122
Muslo Entero;163;7;1193.0734640126718
Pechuga Completa;163;7;1713.2004825727802
Ala Completa;163;7;507.76094929958026
Media Pechuga;163;7;1240.7658122159376
Blanqueta;163;7;0.0
Alón;163;7;0.0
Punta;163;7;0.0
Jamoncito;163;7;1160.4378186478616
Medio Muslo;163;7;1699.2634464587245
Entero;164;7;565.7959425112728
Medio Pollo;164;7;578.2547668896476
Medio Pollo Superior;164;7;1002.8624158792348
Medio Pollo Inferior;164;7;708.7691315430855
Cuarto de Pollo Superior;164;7;889.5852626300065
Muslo Entero;164;7;966.1346172129814
Pechuga Completa;164;7;1709.4027636595179
Ala Completa;164;7;573.4411555525323
Media Pechuga;164;7;1983.434439566876
Blanqueta;164;7;0.0
Alón;164;7;0.0
Punta;164;7;0.0
Jamoncito;164;7;855.7902096772208
Medio Muslo;164;7;1346.0806854857549
Entero;165;7;528.660079140114
Medio Pollo;165;7;365.37466492233585
Medio Pollo Superior;165;7;566.884854836093
Medio Pollo Inferior;165;7;464.7153324192412
Cuarto de Pollo Superior;165;7;837.6558764480301
Muslo Entero;165;7;728.0445429157675
Pechuga Completa;165;7;1504.613431146973
Ala Completa;165;7;763.5511947932105
Media Pechuga;165;7;1066.537467030028
Blanqueta;165;7;0.0
Alón;165;7;0.0
Punta;165;7;0.0
Jamoncito;165;7;938.3800153808937
Medio Muslo;165;7;1370.5689848154882
Entero;166;7;367.70235702608807
Medio Pollo;166;7;348.48291748084955
Medio Pollo Superior;166;7;650.4210056149254
Medio Pollo Inferior;166;7;766.4777845813151
Cuarto de Pollo Superior;166;7;609.5154992094376
Muslo Entero;166;7;791.4918869211492
Pechuga Completa;166;7;1040.6721289008265
Ala Completa;166;7;626.0844154232275
Media Pechuga;166;7;1241.7974816142726
Blanqueta;166;7;0.0
Alón;166;7;0.0
Punta;166;7;0.0
Jamoncito;166;7;508.7577534965856
Medio Muslo;166;7;1293.4507442341046
Entero;167;7;570.7688627998075
Medio Pollo;167;7;412.1532948457963
Medio Pollo Superior;167;7;828.2476778327031
Medio Pollo Inferior;167;7;475.44091202666436
Cuarto de Pollo Superior;167;7;1199.7059152123363
Muslo Entero;167;7;772.2316250510019
Pechuga Completa;167;7;1172.5537218375778
Ala Completa;167;7;801.5471266650403
Media Pechuga;167;7;1029.9931028268259
Blanqueta;167;7;0.0
Alón;167;7;0.0
Punta;167;7;0.0
Jamoncito;167;7;979.2070567255021
Medio Muslo;167;7;1078.330250707828
Entero;168;7;352.11364783095064
Medio Pollo;168;7;364.71993364633215
Medio Pollo Superior;168;7;1033.3730174216626
Medio Pollo Inferior;168;7;413.5576764352408
Cuarto de Pollo Superior;168;7;897.3440770545095
Muslo Entero;168;7;554.8776222568002
Pechuga Completa;168;7;1730.1273875516172
Ala Completa;168;7;756.3797814318959
Media Pechuga;168;7;1337.4536077290154
Blanqueta;168;7;0.0
Alón;168;7;0.0
Punta;168;7;0.0
Jamoncito;168;7;942.8588402521573
Medio Muslo;168;7;1913.1271754031773
Entero;1;8;368.7712754218595
Medio Pollo;1;8;520.5
Medio Pollo Superior;1;8;637.5728153337265
Medio Pollo Inferior;1;8;666.7741935483817
Cuarto de Pollo Superior;1;8;889.869523977318
Muslo Entero;1;8;864.9193548390596
Pechuga Completa;1;8;1332.6774193552424
Ala Completa;1;8;595.3548387097569
Media Pechuga;1;8;1648.0967741935422
Blanqueta;1;8;0.0
Alón;1;8;0.0
Punta;1;8;0.0
Jamoncito;1;8;654.8125089702304
Medio Muslo;1;8;1455.1075268817203
Entero;2;8;466.22872457649635
Medio Pollo;2;8;535.5
Medio Pollo Superior;2;8;709.5647684603116
Medio Pollo Inferior;2;8;574.1884790474716
Cuarto de Pollo Superior;2;8;772.5835967704977
Muslo Entero;2;8;895.919354838941
Pechuga Completa;2;8;848.5414292990388
Ala Completa;2;8;624.3548387097571
Media Pechuga;2;8;1711.0967741936793
Blanqueta;2;8;0.0
Alón;2;8;0.0
Punta;2;8;0.0
Jamoncito;2;8;902.9869925767902
Medio Muslo;2;8;1484.1075268817972
Entero;3;8;333.41017943512685
Medio Pollo;3;8;419.4827252579484
Medio Pollo Superior;3;8;870.2559177905827
Medio Pollo Inferior;3;8;653.3891138891272
Cuarto de Pollo Superior;3;8;1265.9339760263783
Muslo Entero;3;8;895.9193548390003
Pechuga Completa;3;8;1040.5022144423588
Ala Completa;3;8;596.0264599170168
Media Pechuga;3;8;1136.9364411150689
Blanqueta;3;8;1.4661146558369527e-12
Alón;3;8;2.294495688364027e-12
Punta;3;8;3.631799312855623e-12
Jamoncito;3;8;858.1008452999389
Medio Muslo;3;8;1261.8482038728125
Entero;4;8;271.3580032063028
Medio Pollo;4;8;590.8595243832356
Medio Pollo Superior;4;8;796.5165743798032
Medio Pollo Inferior;4;8;678.9553594515663
Cuarto de Pollo Superior;4;8;862.5082149284965
Muslo Entero;4;8;723.7391785395594
Pechuga Completa;4;8;889.1175687000668
Ala Completa;4;8;457.55017721313766
Media Pechuga;4;8;1177.350659821687
Blanqueta;4;8;1.2839540629893528e-12
Alón;4;8;3.64198645761261e-12
Punta;4;8;0.0
Jamoncito;4;8;826.776837329903
Medio Muslo;4;8;952.8004509314871
Entero;5;8;444.3800150469918
Medio Pollo;5;8;449.22909939554427
Medio Pollo Superior;5;8;766.993149842028
Medio Pollo Inferior;5;8;854.1426678869472
Cuarto de Pollo Superior;5;8;822.3591841903749
Muslo Entero;5;8;1068.0995311384413
Pechuga Completa;5;8;1099.28312828476
Ala Completa;5;8;533.9400859918997
Media Pechuga;5;8;1222.317920580307
Blanqueta;5;8;2.340584442631782e-12
Alón;5;8;3.85024240310219e-12
Punta;5;8;0.0
Jamoncito;5;8;799.7380114219204
Medio Muslo;5;8;1810.8828380027514
Entero;6;8;468.13433921653245
Medio Pollo;6;8;658.4907619410615
Medio Pollo Superior;6;8;760.5806451612904
Medio Pollo Inferior;6;8;693.1953474667955
Cuarto de Pollo Superior;6;8;940.8037390122514
Muslo Entero;6;8;895.9193548390003
Pechuga Completa;6;8;1396.8282350811187
Ala Completa;6;8;635.4412402483881
Media Pechuga;6;8;1441.2078354142889
Blanqueta;6;8;1.5048396780491484e-12
Alón;6;8;2.4705981318089034e-12
Punta;6;8;0.0
Jamoncito;6;8;835.8122546128832
Medio Muslo;6;8;1081.3032072423587
Entero;7;8;380.0371355034597
Medio Pollo;7;8;559.4378890230471
Medio Pollo Superior;7;8;757.8089578988731
Medio Pollo Inferior;7;8;677.7661235908819
Cuarto de Pollo Superior;7;8;780.2859017637177
Muslo Entero;7;8;668.6459114982149
Pechuga Completa;7;8;1659.4279077905896
Ala Completa;7;8;731.0108300224633
Media Pechuga;7;8;1899.8835890301064
Blanqueta;7;8;1.7788610655636271e-12
Alón;7;8;0.0
Punta;7;8;0.0
Jamoncito;7;8;975.7940551647021
Medio Muslo;7;8;1428.003532916003
Entero;8;8;465.68516076111564
Medio Pollo;8;8;438.41208820656226
Medio Pollo Superior;8;8;499.05491706670284
Medio Pollo Inferior;8;8;703.7822635058816
Cuarto de Pollo Superior;8;8;918.3459198742908
Muslo Entero;8;8;632.6340494789481
Pechuga Completa;8;8;1233.812873723219
Ala Completa;8;8;537.6816143441039
Media Pechuga;8;8;2074.1997547576943
Blanqueta;8;8;2.3741388602348656e-12
Alón;8;8;0.0
Punta;8;8;0.0
Jamoncito;8;8;578.9634555821672
Medio Muslo;8;8;1567.120811503341
Entero;9;8;248.56561867951572
Medio Pollo;9;8;632.587911794009
Medio Pollo Superior;9;8;653.6717532245402
Medio Pollo Inferior;9;8;501.77341800800747
Cuarto de Pollo Superior;9;8;747.6361311736375
Muslo Entero;9;8;1089.5964616593128
Pechuga Completa;9;8;1173.216449216636
Ala Completa;9;8;466.6812014485714
Media Pechuga;9;8;1252.4677022759288
Blanqueta;9;8;1.503432408282607e-12
Alón;9;8;0.0
Punta;9;8;0.0
Jamoncito;9;8;901.188135159527
Medio Muslo;9;8;992.8465963899995
Entero;10;8;450.34391860999295
Medio Pollo;10;8;535.5
Medio Pollo Superior;10;8;460.06698214873063
Medio Pollo Inferior;10;8;537.7024345321722
Cuarto de Pollo Superior;10;8;769.0678276585893
Muslo Entero;10;8;1061.9108359984841
Pechuga Completa;10;8;1355.7360930554476
Ala Completa;10;8;796.276553800882
Media Pechuga;10;8;1916.4193234972788
Blanqueta;10;8;0.0
Alón;10;8;0.0
Punta;10;8;0.0
Jamoncito;10;8;597.5876753739158
Medio Muslo;10;8;1113.9353605897716
Entero;11;8;433.40973684331414
Medio Pollo;11;8;416.457400639004
Medio Pollo Superior;11;8;695.7137314533634
Medio Pollo Inferior;11;8;499.94309144854896
Cuarto de Pollo Superior;11;8;1255.0880093322942
Muslo Entero;11;8;771.6284425459431
Pechuga Completa;11;8;823.6569691977375
Ala Completa;11;8;623.4184506149405
Media Pechuga;11;8;2099.8375060886965
Blanqueta;11;8;0.0
Alón;11;8;0.0
Punta;11;8;0.0
Jamoncito;11;8;868.823845559972
Medio Muslo;11;8;1500.7491587123268
Entero;12;8;263.7444799055777
Medio Pollo;12;8;648.3505038332847
Medio Pollo Superior;12;8;758.1103018886974
Medio Pollo Inferior;12;8;776.9298892687711
Cuarto de Pollo Superior;12;8;610.05076310588
Muslo Entero;12;8;595.0626982152085
Pechuga Completa;12;8;1554.5870788028892
Ala Completa;12;8;359.6164818380038
Media Pechuga;12;8;1246.7249609107355
Blanqueta;12;8;0.0
Alón;12;8;0.0
Punta;12;8;0.0
Jamoncito;12;8;698.550847241223
Medio Muslo;12;8;1908.771049924149
Entero;13;8;327.0508752019423
Medio Pollo;13;8;527.8384093587568
Medio Pollo Superior;13;8;572.0438664248827
Medio Pollo Inferior;13;8;646.0654265099522
Cuarto de Pollo Superior;13;8;977.7184751333882
Muslo Entero;13;8;542.1520090554986
Pechuga Completa;13;8;1086.452559084295
Ala Completa;13;8;534.3960336546337
Media Pechuga;13;8;1680.1679760276659
Blanqueta;13;8;0.0
Alón;13;8;0.0
Punta;13;8;0.0
Jamoncito;13;8;945.462760768425
Medio Muslo;13;8;1825.8608957142596
Entero;14;8;516.1569471236012
Medio Pollo;14;8;549.3536861695183
Medio Pollo Superior;14;8;517.9735907757372
Medio Pollo Inferior;14;8;789.434234118219
Cuarto de Pollo Superior;14;8;1286.111210841723
Muslo Entero;14;8;541.8926311302248
Pechuga Completa;14;8;1738.4536734981982
Ala Completa;14;8;546.452502991896
Media Pechuga;14;8;1605.8305423514435
Blanqueta;14;8;0.0
Alón;14;8;0.0
Punta;14;8;0.0
Jamoncito;14;8;1036.9748732169314
Medio Muslo;14;8;1940.5231022786547
Entero;15;8;509.6119437411401
Medio Pollo;15;8;484.92168418382107
Medio Pollo Superior;15;8;974.4513973121338
Medio Pollo Inferior;15;8;861.686474371761
Cuarto de Pollo Superior;15;8;1239.5988707851993
Muslo Entero;15;8;1055.6727876039001
Pechuga Completa;15;8;1361.7324677228999
Ala Completa;15;8;506.08034347374644
Media Pechuga;15;8;1921.5233092410838
Blanqueta;15;8;0.0
Alón;15;8;0.0
Punta;15;8;0.0
Jamoncito;15;8;829.8850837780178
Medio Muslo;15;8;1288.382952544251
Entero;16;8;505.27762650676596
Medio Pollo;16;8;586.0783158164609
Medio Pollo Superior;16;8;868.3055624910093
Medio Pollo Inferior;16;8;636.1865824006061
Cuarto de Pollo Superior;16;8;1177.1497957685528
Muslo Entero;16;8;1108.4300127249367
Pechuga Completa;16;8;1240.2750794964745
Ala Completa;16;8;641.0937406615822
Media Pechuga;16;8;1731.3511151601003
Blanqueta;16;8;0.0
Alón;16;8;0.0
Punta;16;8;0.0
Jamoncito;16;8;593.590018386913
Medio Muslo;16;8;1374.8115764739398
Entero;17;8;322.3330670736777
Medio Pollo;17;8;417.0111317897746
Medio Pollo Superior;17;8;711.9082453225202
Medio Pollo Inferior;17;8;596.4871505418148
Cuarto de Pollo Superior;17;8;717.6107981902692
Muslo Entero;17;8;819.4681277125337
Pechuga Completa;17;8;1761.970075418337
Ala Completa;17;8;676.6842267529679
Media Pechuga;17;8;2287.2221196662817
Blanqueta;17;8;0.0
Alón;17;8;0.0
Punta;17;8;0.0
Jamoncito;17;8;559.7706660079064
Medio Muslo;17;8;1143.6077385633162
Entero;18;8;365.5052641009346
Medio Pollo;18;8;529.0483144529896
Medio Pollo Superior;18;8;902.2978544180914
Medio Pollo Inferior;18;8;489.9600930079937
Cuarto de Pollo Superior;18;8;725.3710132242852
Muslo Entero;18;8;563.0898697999223
Pechuga Completa;18;8;1393.5776472256593
Ala Completa;18;8;816.7629308841798
Media Pechuga;18;8;1586.2257981111172
Blanqueta;18;8;0.0
Alón;18;8;0.0
Punta;18;8;0.0
Jamoncito;18;8;766.876887430649
Medio Muslo;18;8;2001.9306446410203
Entero;19;8;493.3236287926994
Medio Pollo;19;8;358.01147801311737
Medio Pollo Superior;19;8;1003.7899056147115
Medio Pollo Inferior;19;8;602.426225222841
Cuarto de Pollo Superior;19;8;743.6217766176529
Muslo Entero;19;8;710.6144418365228
Pechuga Completa;19;8;1698.1547439556884
Ala Completa;19;8;758.6416106083724
Media Pechuga;19;8;2172.3657495429343
Blanqueta;19;8;0.0
Alón;19;8;0.0
Punta;19;8;0.0
Jamoncito;19;8;752.0377447710545
Medio Muslo;19;8;1746.9694317758647
Entero;20;8;548.7738184815468
Medio Pollo;20;8;592.0303493439462
Medio Pollo Superior;20;8;733.0217302908534
Medio Pollo Inferior;20;8;700.289899387245
Cuarto de Pollo Superior;20;8;1264.6026879960266
Muslo Entero;20;8;858.4624752880661
Pechuga Completa;20;8;1509.6920357620738
Ala Completa;20;8;379.6846167436811
Media Pechuga;20;8;2205.5961360890296
Blanqueta;20;8;0.0
Alón;20;8;0.0
Punta;20;8;0.0
Jamoncito;20;8;876.1163643098625
Medio Muslo;20;8;1552.9455679326977
Entero;21;8;395.0009009601939
Medio Pollo;21;8;716.579215981006
Medio Pollo Superior;21;8;912.5892103741438
Medio Pollo Inferior;21;8;888.408904606245
Cuarto de Pollo Superior;21;8;1181.1608736675876
Muslo Entero;21;8;1139.6175991023397
Pechuga Completa;21;8;1134.8607627720512
Ala Completa;21;8;660.3110262650818
Media Pechuga;21;8;1853.2102699971729
Blanqueta;21;8;0.0
Alón;21;8;0.0
Punta;21;8;0.0
Jamoncito;21;8;1121.3862588075312
Medio Muslo;21;8;1458.46938646519
Entero;22;8;496.6866266775418
Medio Pollo;22;8;564.3195104198702
Medio Pollo Superior;22;8;519.584069343771
Medio Pollo Inferior;22;8;665.9874463850033
Cuarto de Pollo Superior;22;8;1064.5539680275888
Muslo Entero;22;8;540.8968283372943
Pechuga Completa;22;8;1780.6155145454525
Ala Completa;22;8;676.7524999056159
Media Pechuga;22;8;1680.0325114741343
Blanqueta;22;8;0.0
Alón;22;8;0.0
Punta;22;8;0.0
Jamoncito;22;8;625.7334974641094
Medio Muslo;22;8;1412.165265656564
Entero;23;8;489.2364353292473
Medio Pollo;23;8;472.50670813150026
Medio Pollo Superior;23;8;902.0734113223921
Medio Pollo Inferior;23;8;930.1416724171718
Cuarto de Pollo Superior;23;8;991.1935483870968
Muslo Entero;23;8;634.1606131562687
Pechuga Completa;23;8;1202.8566271654474
Ala Completa;23;8;459.9314866727424
Media Pechuga;23;8;1223.0289888770235
Blanqueta;23;8;0.0
Alón;23;8;0.0
Punta;23;8;0.0
Jamoncito;23;8;878.2697025072335
Medio Muslo;23;8;1249.948677628644
Entero;24;8;365.97427878715564
Medio Pollo;24;8;517.7131222906128
Medio Pollo Superior;24;8;529.0488270805206
Medio Pollo Inferior;24;8;681.3799302822433
Cuarto de Pollo Superior;24;8;992.6451612903227
Muslo Entero;24;8;886.7530160393528
Pechuga Completa;24;8;1197.224829118411
Ala Completa;24;8;772.3868545446982
Media Pechuga;24;8;1518.8407294949707
Blanqueta;24;8;0.0
Alón;24;8;0.0
Punta;24;8;0.0
Jamoncito;24;8;1097.5828572011012
Medio Muslo;24;8;1164.3156690979722
Entero;25;8;411.7616412427038
Medio Pollo;25;8;703.2801695778869
Medio Pollo Superior;25;8;765.1745207693417
Medio Pollo Inferior;25;8;485.7838294957618
Cuarto de Pollo Superior;25;8;1016.4516129032259
Muslo Entero;25;8;898.9792387830314
Pechuga Completa;25;8;1379.2811299870004
Ala Completa;25;8;852.1056761598287
Media Pechuga;25;8;2151.040239234991
Blanqueta;25;8;0.0
Alón;25;8;0.0
Punta;25;8;0.0
Jamoncito;25;8;685.4531919846223
Medio Muslo;25;8;1889.573210248002
Entero;26;8;488.2383587572963
Medio Pollo;26;8;729.2301126655793
Medio Pollo Superior;26;8;503.8250782102501
Medio Pollo Inferior;26;8;423.38086004455084
Cuarto de Pollo Superior;26;8;596.3544851211178
Muslo Entero;26;8;1139.7141212115907
Pechuga Completa;26;8;1570.7880679484235
Ala Completa;26;8;468.0660500780249
Media Pechuga;26;8;1468.2303137318236
Blanqueta;26;8;0.0
Alón;26;8;0.0
Punta;26;8;0.0
Jamoncito;26;8;1161.013884580138
Medio Muslo;26;8;1185.3048784003788
Entero;27;8;451.0
Medio Pollo;27;8;399.7698873344207
Medio Pollo Superior;27;8;856.8864109952625
Medio Pollo Inferior;27;8;785.6794369145055
Cuarto de Pollo Superior;27;8;824.7674012601607
Muslo Entero;27;8;759.1032477194497
Pechuga Completa;27;8;1078.8700271482521
Ala Completa;27;8;829.265637970728
Media Pechuga;27;8;1005.3869046825139
Blanqueta;27;8;0.0
Alón;27;8;0.0
Punta;27;8;0.0
Jamoncito;27;8;988.5128807606429
Medio Muslo;27;8;1693.5550308074326
Entero;28;8;435.2431236358792
Medio Pollo;28;8;729.0288088735674
Medio Pollo Superior;28;8;1023.024149655642
Medio Pollo Inferior;28;8;632.957109018493
Cuarto de Pollo Superior;28;8;1278.2315134056257
Muslo Entero;28;8;706.6451864387572
Pechuga Completa;28;8;1025.6145402896009
Ala Completa;28;8;614.896710094052
Media Pechuga;28;8;1556.0230386730736
Blanqueta;28;8;0.0
Alón;28;8;0.0
Punta;28;8;0.0
Jamoncito;28;8;1015.9290465273814
Medio Muslo;28;8;1446.1658442807773
Entero;29;8;464.7568763641208
Medio Pollo;29;8;455.45714625718296
Medio Pollo Superior;29;8;1056.8155867343671
Medio Pollo Inferior;29;8;692.2061472218791
Cuarto de Pollo Superior;29;8;696.4948382892542
Muslo Entero;29;8;1036.0649089553456
Pechuga Completa;29;8;1014.4632994450145
Ala Completa;29;8;585.4076043846806
Media Pechuga;29;8;1588.694130797309
Blanqueta;29;8;0.0
Alón;29;8;0.0
Punta;29;8;0.0
Jamoncito;29;8;585.5555486173064
Medio Muslo;29;8;1331.288328760208
Entero;30;8;384.48489827983576
Medio Pollo;30;8;509.0140448710044
Medio Pollo Superior;30;8;1058.8815712044382
Medio Pollo Inferior;30;8;431.25154422185005
Cuarto de Pollo Superior;30;8;1348.8393390391943
Muslo Entero;30;8;1159.9956508102905
Pechuga Completa;30;8;1696.787769077778
Ala Completa;30;8;721.3647238295921
Media Pechuga;30;8;2170.0712029550177
Blanqueta;30;8;0.0
Alón;30;8;0.0
Punta;30;8;0.0
Jamoncito;30;8;1044.8945444840977
Medio Muslo;30;8;1206.39829930636
Entero;31;8;507.1918085921887
Medio Pollo;31;8;594.5206147540963
Medio Pollo Superior;31;8;466.30301806578217
Medio Pollo Inferior;31;8;808.2896255991063
Cuarto de Pollo Superior;31;8;1282.4133194556011
Muslo Entero;31;8;749.5149024604166
Pechuga Completa;31;8;1431.4843164346576
Ala Completa;31;8;673.6828296247489
Media Pechuga;31;8;1376.5883983134916
Blanqueta;31;8;0.0
Alón;31;8;0.0
Punta;31;8;0.0
Jamoncito;31;8;682.4146053302925
Medio Muslo;31;8;1979.6888628011452
Entero;32;8;447.84216864194
Medio Pollo;32;8;650.3049437405743
Medio Pollo Superior;32;8;577.3683188731474
Medio Pollo Inferior;32;8;666.2161106729721
Cuarto de Pollo Superior;32;8;1086.6087808494203
Muslo Entero;32;8;893.6200177772887
Pechuga Completa;32;8;1146.6636734201952
Ala Completa;32;8;395.4986698736978
Media Pechuga;32;8;1172.5630113507846
Blanqueta;32;8;0.0
Alón;32;8;0.0
Punta;32;8;0.0
Jamoncito;32;8;1103.4793875898092
Medio Muslo;32;8;1875.1295872016065
Entero;33;8;266.33269306105643
Medio Pollo;33;8;416.1454082715458
Medio Pollo Superior;33;8;769.064198754238
Medio Pollo Inferior;33;8;614.8487131170484
Cuarto de Pollo Superior;33;8;1016.4516129032259
Muslo Entero;33;8;862.5397558409053
Pechuga Completa;33;8;1464.2573866499222
Ala Completa;33;8;813.6910356348262
Media Pechuga;33;8;1013.0601788646717
Blanqueta;33;8;0.0
Alón;33;8;0.0
Punta;33;8;0.0
Jamoncito;33;8;732.7107322830449
Medio Muslo;33;8;1684.1460241974237
Entero;34;8;552.717611575412
Medio Pollo;34;8;476.8265959712027
Medio Pollo Superior;34;8;557.3061823112319
Medio Pollo Inferior;34;8;472.89388872234844
Cuarto de Pollo Superior;34;8;929.9524426522128
Muslo Entero;34;8;1085.9141974034433
Pechuga Completa;34;8;889.7756803111457
Ala Completa;34;8;761.4904163327972
Media Pechuga;34;8;1463.5004023636673
Blanqueta;34;8;0.0
Alón;34;8;0.0
Punta;34;8;0.0
Jamoncito;34;8;646.4189855488243
Medio Muslo;34;8;941.1384070626507
Entero;35;8;328.4169789645054
Medio Pollo;35;8;436.32630755244173
Medio Pollo Superior;35;8;918.670285538825
Medio Pollo Inferior;35;8;818.4121922724984
Cuarto de Pollo Superior;35;8;621.0974381424518
Muslo Entero;35;8;1092.890083757905
Pechuga Completa;35;8;882.2629794159748
Ala Completa;35;8;637.2258064516129
Media Pechuga;35;8;1028.6141997502916
Blanqueta;35;8;0.0
Alón;35;8;0.0
Punta;35;8;0.0
Jamoncito;35;8;657.6768886951038
Medio Muslo;35;8;911.86148208335
Entero;36;8;445.55857675388097
Medio Pollo;36;8;464.969761457617
Medio Pollo Superior;36;8;840.4853155749062
Medio Pollo Inferior;36;8;950.7302712581679
Cuarto de Pollo Superior;36;8;1134.2748311088908
Muslo Entero;36;8;1028.5780838971032
Pechuga Completa;36;8;1782.45881173464
Ala Completa;36;8;533.7741935483871
Media Pechuga;36;8;1727.878197212215
Blanqueta;36;8;0.0
Alón;36;8;0.0
Punta;36;8;0.0
Jamoncito;36;8;1045.4007119953735
Medio Muslo;36;8;1268.307167133814
Entero;37;8;596.8815138539977
Medio Pollo;37;8;757.9379193972189
Medio Pollo Superior;37;8;651.2146787415222
Medio Pollo Inferior;37;8;564.5379176920603
Cuarto de Pollo Superior;37;8;682.1753547439073
Muslo Entero;37;8;921.6534305396696
Pechuga Completa;37;8;1202.230495821083
Ala Completa;37;8;601.9747068705101
Media Pechuga;37;8;1290.544045334209
Blanqueta;37;8;0.0
Alón;37;8;0.0
Punta;37;8;0.0
Jamoncito;37;8;812.1938917843538
Medio Muslo;37;8;1127.6670309620813
Entero;38;8;436.40100686237014
Medio Pollo;38;8;413.71882303188005
Medio Pollo Superior;38;8;482.712245188685
Medio Pollo Inferior;38;8;528.8377329105828
Cuarto de Pollo Superior;38;8;972.183525351911
Muslo Entero;38;8;1192.0353104031865
Pechuga Completa;38;8;1810.9439306188976
Ala Completa;38;8;546.4089539230591
Media Pechuga;38;8;2310.4441710799865
Blanqueta;38;8;0.0
Alón;38;8;0.0
Punta;38;8;0.0
Jamoncito;38;8;1144.9492858969331
Medio Muslo;38;8;2040.7734781608558
Entero;39;8;539.172743411304
Medio Pollo;39;8;481.8142435282494
Medio Pollo Superior;39;8;909.1940603317518
Medio Pollo Inferior;39;8;641.5671280577591
Cuarto de Pollo Superior;39;8;1216.809746052729
Muslo Entero;39;8;1075.9482723080614
Pechuga Completa;39;8;1650.7298481998027
Ala Completa;39;8;414.9269110494475
Media Pechuga;39;8;1630.8121926947786
Blanqueta;39;8;0.0
Alón;39;8;0.0
Punta;39;8;0.0
Jamoncito;39;8;898.0796113232484
Medio Muslo;39;8;1785.9773411485567
Entero;40;8;357.54826503184916
Medio Pollo;40;8;520.7999360383349
Medio Pollo Superior;40;8;503.1538259709233
Medio Pollo Inferior;40;8;423.3121269448663
Cuarto de Pollo Superior;40;8;1325.4742470188428
Muslo Entero;40;8;656.2469492841844
Pechuga Completa;40;8;1522.5044280191762
Ala Completa;40;8;525.1273192644029
Media Pechuga;40;8;1531.0451094349824
Blanqueta;40;8;0.0
Alón;40;8;0.0
Punta;40;8;0.0
Jamoncito;40;8;744.9022550521897
Medio Muslo;40;8;1789.305905689088
Entero;41;8;373.08365695683347
Medio Pollo;41;8;561.122130726056
Medio Pollo Superior;41;8;772.0265025148933
Medio Pollo Inferior;41;8;525.9846450711883
Cuarto de Pollo Superior;41;8;774.2367423715402
Muslo Entero;41;8;771.3328871255842
Pechuga Completa;41;8;1039.16712949572
Ala Completa;41;8;500.48933145864555
Media Pechuga;41;8;1277.2037497453287
Blanqueta;41;8;0.0
Alón;41;8;0.0
Punta;41;8;0.0
Jamoncito;41;8;599.1619189568664
Medio Muslo;41;8;997.1700136134747
Entero;42;8;412.4036429869902
Medio Pollo;42;8;429.22851779350594
Medio Pollo Superior;42;8;674.078252427511
Medio Pollo Inferior;42;8;967.231009103418
Cuarto de Pollo Superior;42;8;1155.5205591542508
Muslo Entero;42;8;978.3261711175803
Pechuga Completa;42;8;1160.7300941328292
Ala Completa;42;8;490.57035395039566
Media Pechuga;42;8;1179.9588993317866
Blanqueta;42;8;0.0
Alón;42;8;0.0
Punta;42;8;0.0
Jamoncito;42;8;1129.705257176241
Medio Muslo;42;8;1380.638395434155
Entero;43;8;365.78088227874946
Medio Pollo;43;8;576.2215437335311
Medio Pollo Superior;43;8;940.6684890377644
Medio Pollo Inferior;43;8;867.7797756202835
Cuarto de Pollo Superior;43;8;679.4154158603112
Muslo Entero;43;8;747.5379994294213
Pechuga Completa;43;8;1547.1077104366225
Ala Completa;43;8;767.3363743589225
Media Pechuga;43;8;2211.486620942723
Blanqueta;43;8;0.0
Alón;43;8;0.0
Punta;43;8;0.0
Jamoncito;43;8;884.7682032233051
Medio Muslo;43;8;1966.3771690523854
Entero;44;8;305.5441460752066
Medio Pollo;44;8;627.0632540037461
Medio Pollo Superior;44;8;1059.513209016203
Medio Pollo Inferior;44;8;652.3091265504088
Cuarto de Pollo Superior;44;8;1286.69852897377
Muslo Entero;44;8;799.2504933428809
Pechuga Completa;44;8;955.4405821167164
Ala Completa;44;8;488.9390154597966
Media Pechuga;44;8;1112.3167450073506
Blanqueta;44;8;0.0
Alón;44;8;0.0
Punta;44;8;0.0
Jamoncito;44;8;918.8375314272992
Medio Muslo;44;8;978.2884828918128
Entero;45;8;315.38971396394686
Medio Pollo;45;8;722.7685612520629
Medio Pollo Superior;45;8;992.0655505788842
Medio Pollo Inferior;45;8;639.6976144009632
Cuarto de Pollo Superior;45;8;1258.534943438671
Muslo Entero;45;8;854.1487259765242
Pechuga Completa;45;8;1605.4868559243578
Ala Completa;45;8;647.944480376492
Media Pechuga;45;8;1556.2570750806544
Blanqueta;45;8;0.0
Alón;45;8;0.0
Punta;45;8;0.0
Jamoncito;45;8;903.7431137339912
Medio Muslo;45;8;1106.3812052411135
Entero;46;8;535.1849004425504
Medio Pollo;46;8;523.2134126528699
Medio Pollo Superior;46;8;414.2477834398604
Medio Pollo Inferior;46;8;432.2692534639777
Cuarto de Pollo Superior;46;8;1421.5990556843826
Muslo Entero;46;8;1068.6341224153866
Pechuga Completa;46;8;1807.7697990183715
Ala Completa;46;8;819.9311837947781
Media Pechuga;46;8;1704.7470121072458
Blanqueta;46;8;0.0
Alón;46;8;0.0
Punta;46;8;0.0
Jamoncito;46;8;920.6989247311828
Medio Muslo;46;8;1014.7860785106807
Entero;47;8;406.52341551993993
Medio Pollo;47;8;645.2894871587883
Medio Pollo Superior;47;8;1147.2398808976081
Medio Pollo Inferior;47;8;693.8874107102971
Cuarto de Pollo Superior;47;8;1216.2551969945325
Muslo Entero;47;8;587.43190105326
Pechuga Completa;47;8;1265.0054425673604
Ala Completa;47;8;400.34183559957773
Media Pechuga;47;8;1592.7879433931412
Blanqueta;47;8;0.0
Alón;47;8;0.0
Punta;47;8;0.0
Jamoncito;47;8;670.3548387096774
Medio Muslo;47;8;1449.2600813901142
Entero;48;8;565.462090344126
Medio Pollo;48;8;609.6165153751035
Medio Pollo Superior;48;8;676.8459392402166
Medio Pollo Inferior;48;8;873.1499067814887
Cuarto de Pollo Superior;48;8;613.4816498716493
Muslo Entero;48;8;1198.713712421943
Pechuga Completa;48;8;1150.1060450826014
Ala Completa;48;8;666.6808931802116
Media Pechuga;48;8;1343.8040293391794
Blanqueta;48;8;0.0
Alón;48;8;0.0
Punta;48;8;0.0
Jamoncito;48;8;885.3225806451613
Medio Muslo;48;8;1705.7574872547716
Entero;49;8;485.7055513325791
Medio Pollo;49;8;506.6120235623765
Medio Pollo Superior;49;8;774.1547976000834
Medio Pollo Inferior;49;8;749.2526805637666
Cuarto de Pollo Superior;49;8;1051.8709677419356
Muslo Entero;49;8;1074.2883333260636
Pechuga Completa;49;8;1598.8625828835286
Ala Completa;49;8;625.2232032914441
Media Pechuga;49;8;1267.4186137683448
Blanqueta;49;8;0.0
Alón;49;8;0.0
Punta;49;8;0.0
Jamoncito;49;8;851.5775422301613
Medio Muslo;49;8;1174.313504630744
Entero;50;8;417.9589237890576
Medio Pollo;50;8;442.8735882621066
Medio Pollo Superior;50;8;708.2370249330597
Medio Pollo Inferior;50;8;425.9742676806769
Cuarto de Pollo Superior;50;8;793.8108393703857
Muslo Entero;50;8;882.9233550438448
Pechuga Completa;50;8;1923.112161298053
Ala Completa;50;8;489.0627244810345
Media Pechuga;50;8;1678.3605953027304
Blanqueta;50;8;0.0
Alón;50;8;0.0
Punta;50;8;0.0
Jamoncito;50;8;656.3794470171506
Medio Muslo;50;8;995.9782391910512
Entero;51;8;355.87591287271914
Medio Pollo;51;8;365.87504934717003
Medio Pollo Superior;51;8;1015.3853578889624
Medio Pollo Inferior;51;8;835.9539472148754
Cuarto de Pollo Superior;51;8;1054.5023693962105
Muslo Entero;51;8;955.5032014868565
Pechuga Completa;51;8;1357.226803331165
Ala Completa;51;8;727.4945443416126
Media Pechuga;51;8;1484.2718499411208
Blanqueta;51;8;0.0
Alón;51;8;0.0
Punta;51;8;0.0
Jamoncito;51;8;814.7195640662046
Medio Muslo;51;8;1250.6570413291624
Entero;52;8;524.7116033577671
Medio Pollo;52;8;595.9188874650283
Medio Pollo Superior;52;8;1019.328095856863
Medio Pollo Inferior;52;8;961.9860331404083
Cuarto de Pollo Superior;52;8;1075.7362070300107
Muslo Entero;52;8;871.1150679183895
Pechuga Completa;52;8;973.2099377067668
Ala Completa;52;8;471.54425690562584
Media Pechuga;52;8;1155.4734388049494
Blanqueta;52;8;0.0
Alón;52;8;0.0
Punta;52;8;0.0
Jamoncito;52;8;690.7523127683718
Medio Muslo;52;8;1721.1057447989242
Entero;53;8;527.564940851322
Medio Pollo;53;8;735.0913620640749
Medio Pollo Superior;53;8;620.4218068090136
Medio Pollo Inferior;53;8;470.010896548466
Cuarto de Pollo Superior;53;8;853.7161631107517
Muslo Entero;53;8;694.5012071017229
Pechuga Completa;53;8;1432.7509533828438
Ala Completa;53;8;762.455953488331
Media Pechuga;53;8;1069.1442149378338
Blanqueta;53;8;0.0
Alón;53;8;0.0
Punta;53;8;0.0
Jamoncito;53;8;627.1567780327779
Medio Muslo;53;8;1157.0324318757157
Entero;54;8;340.23379276376374
Medio Pollo;54;8;711.5467437532669
Medio Pollo Superior;54;8;576.9647728562067
Medio Pollo Inferior;54;8;616.7505075205805
Cuarto de Pollo Superior;54;8;701.2757360708943
Muslo Entero;54;8;1161.99172005789
Pechuga Completa;54;8;950.1139091250584
Ala Completa;54;8;656.3789685876416
Media Pechuga;54;8;1784.2187341616027
Blanqueta;54;8;0.0
Alón;54;8;0.0
Punta;54;8;0.0
Jamoncito;54;8;537.81599453083
Medio Muslo;54;8;1300.5634697556861
Entero;55;8;629.7475392019498
Medio Pollo;55;8;554.2857427118535
Medio Pollo Superior;55;8;522.0890523886354
Medio Pollo Inferior;55;8;792.579554519133
Cuarto de Pollo Superior;55;8;926.9054268166597
Muslo Entero;55;8;1219.6291362023298
Pechuga Completa;55;8;1952.2579832867057
Ala Completa;55;8;384.2890778810038
Media Pechuga;55;8;1392.7885845365736
Blanqueta;55;8;0.0
Alón;55;8;0.0
Punta;55;8;0.0
Jamoncito;55;8;1132.5625606030512
Medio Muslo;55;8;1795.403914120881
Entero;56;8;288.9659866878627
Medio Pollo;56;8;607.1211893776759
Medio Pollo Superior;56;8;965.6572680808491
Medio Pollo Inferior;56;8;808.0605132618699
Cuarto de Pollo Superior;56;8;979.1711148346035
Muslo Entero;56;8;618.0208740612541
Pechuga Completa;56;8;1535.2942151695547
Ala Completa;56;8;428.703277555093
Media Pechuga;56;8;2219.1810308411696
Blanqueta;56;8;0.0
Alón;56;8;0.0
Punta;56;8;0.0
Jamoncito;56;8;669.8156235810238
Medio Muslo;56;8;2045.7819324812695
Entero;57;8;288.1724036198395
Medio Pollo;57;8;749.4833745219804
Medio Pollo Superior;57;8;950.7639966736153
Medio Pollo Inferior;57;8;629.8329217360158
Cuarto de Pollo Superior;57;8;1119.669563492512
Muslo Entero;57;8;536.6997069014732
Pechuga Completa;57;8;1030.0787020743628
Ala Completa;57;8;720.7514134165024
Media Pechuga;57;8;1520.1723736292472
Blanqueta;57;8;0.0
Alón;57;8;0.0
Punta;57;8;0.0
Jamoncito;57;8;950.4225783268489
Medio Muslo;57;8;1103.6020790929279
Entero;58;8;472.30157804483747
Medio Pollo;58;8;469.9258546881879
Medio Pollo Superior;58;8;979.4792671753532
Medio Pollo Inferior;58;8;504.6071412449992
Cuarto de Pollo Superior;58;8;760.8467669799473
Muslo Entero;58;8;873.6255558248047
Pechuga Completa;58;8;1082.8978660962603
Ala Completa;58;8;484.3759529418455
Media Pechuga;58;8;1214.484672259915
Blanqueta;58;8;0.0
Alón;58;8;0.0
Punta;58;8;0.0
Jamoncito;58;8;828.2944798978106
Medio Muslo;58;8;1464.736493724522
Entero;59;8;441.04716710734203
Medio Pollo;59;8;718.564374958704
Medio Pollo Superior;59;8;872.7068342628537
Medio Pollo Inferior;59;8;739.0821747548682
Cuarto de Pollo Superior;59;8;693.9914870944826
Muslo Entero;59;8;671.9752564950519
Pechuga Completa;59;8;1603.9893446121077
Ala Completa;59;8;799.585235685833
Media Pechuga;59;8;1757.2583276677237
Blanqueta;59;8;0.0
Alón;59;8;0.0
Punta;59;8;0.0
Jamoncito;59;8;1066.9756578573088
Medio Muslo;59;8;1931.6453462192999
Entero;60;8;572.7540310957655
Medio Pollo;60;8;515.1818259136876
Medio Pollo Superior;60;8;649.3733621712015
Medio Pollo Inferior;60;8;696.1668004005103
Cuarto de Pollo Superior;60;8;977.4421127266514
Muslo Entero;60;8;985.898393066112
Pechuga Completa;60;8;1316.1394553105943
Ala Completa;60;8;580.4316052617098
Media Pechuga;60;8;1275.5877115652927
Blanqueta;60;8;0.0
Alón;60;8;0.0
Punta;60;8;0.0
Jamoncito;60;8;796.0691469176862
Medio Muslo;60;8;1667.2564292978511
Entero;61;8;291.91826741692176
Medio Pollo;61;8;557.9050098751239
Medio Pollo Superior;61;8;555.2584384338485
Medio Pollo Inferior;61;8;508.0445504701297
Cuarto de Pollo Superior;61;8;1400.2066426328195
Muslo Entero;61;8;731.3745383942578
Pechuga Completa;61;8;1876.2675207154778
Ala Completa;61;8;464.8547306689475
Media Pechuga;61;8;2406.276109052534
Blanqueta;61;8;0.0
Alón;61;8;0.0
Punta;61;8;0.0
Jamoncito;61;8;880.2199836344812
Medio Muslo;61;8;1668.2746550478935
Entero;62;8;386.8181108707118
Medio Pollo;62;8;526.7285697996326
Medio Pollo Superior;62;8;976.8174032227511
Medio Pollo Inferior;62;8;640.5134447628064
Cuarto de Pollo Superior;62;8;1095.489059477867
Muslo Entero;62;8;691.6176343736536
Pechuga Completa;62;8;1331.704844546152
Ala Completa;62;8;593.919751316251
Media Pechuga;62;8;1269.1931190763319
Blanqueta;62;8;0.0
Alón;62;8;0.0
Punta;62;8;0.0
Jamoncito;62;8;962.4477610648836
Medio Muslo;62;8;1133.6342516189402
Entero;63;8;517.0862563365071
Medio Pollo;63;8;468.08910690357254
Medio Pollo Superior;63;8;1100.8380466094416
Medio Pollo Inferior;63;8;469.6371116212117
Cuarto de Pollo Superior;63;8;1439.503547389554
Muslo Entero;63;8;644.4106450585738
Pechuga Completa;63;8;1411.3460241003015
Ala Completa;63;8;452.9021161596588
Media Pechuga;63;8;1716.319183515081
Blanqueta;63;8;0.0
Alón;63;8;0.0
Punta;63;8;0.0
Jamoncito;63;8;592.3173140247414
Medio Muslo;63;8;1075.7345380066097
Entero;64;8;427.6337893451273
Medio Pollo;64;8;544.3815892288382
Medio Pollo Superior;64;8;851.0838161897602
Medio Pollo Inferior;64;8;1000.5657879372376
Cuarto de Pollo Superior;64;8;953.5941640609803
Muslo Entero;64;8;712.7998825523381
Pechuga Completa;64;8;1996.0058355333463
Ala Completa;64;8;490.1490533174062
Media Pechuga;64;8;1697.241237651677
Blanqueta;64;8;-2.7284841053187847e-12
Alón;64;8;-1.3394376517019488e-12
Punta;64;8;-3.9687041531909594e-13
Jamoncito;64;8;864.1936855541953
Medio Muslo;64;8;1537.91440007071
Entero;65;8;430.8460296217737
Medio Pollo;65;8;482.1268747122151
Medio Pollo Superior;65;8;1053.553327475794
Medio Pollo Inferior;65;8;549.4815472795844
Cuarto de Pollo Superior;65;8;1142.867059261717
Muslo Entero;65;8;1134.7437680878563
Pechuga Completa;65;8;1030.410593731524
Ala Completa;65;8;626.2014289789547
Media Pechuga;65;8;1314.2770043514954
Blanqueta;65;8;0.0
Alón;65;8;0.0
Punta;65;8;0.0
Jamoncito;65;8;1063.9256252947328
Medio Muslo;65;8;2074.9607138027277
Entero;66;8;311.78878062708577
Medio Pollo;66;8;569.0247398947305
Medio Pollo Superior;66;8;648.7692531693674
Medio Pollo Inferior;66;8;617.3389936581073
Cuarto de Pollo Superior;66;8;1259.1138227480603
Muslo Entero;66;8;841.9192381771862
Pechuga Completa;66;8;1665.6471635341334
Ala Completa;66;8;546.7316296767785
Media Pechuga;66;8;1612.0219286351007
Blanqueta;66;8;0.0
Alón;66;8;0.0
Punta;66;8;0.0
Jamoncito;66;8;775.0636220170952
Medio Muslo;66;8;1929.0741887074353
Entero;67;8;563.1027765930116
Medio Pollo;67;8;433.17259964339723
Medio Pollo Superior;67;8;567.1528893762704
Medio Pollo Inferior;67;8;572.527996937323
Cuarto de Pollo Superior;67;8;1038.5030518351232
Muslo Entero;67;8;1092.733003537415
Pechuga Completa;67;8;1747.1755928845512
Ala Completa;67;8;809.5475344587209
Media Pechuga;67;8;1370.2696927304248
Blanqueta;67;8;0.0
Alón;67;8;0.0
Punta;67;8;0.0
Jamoncito;67;8;858.1964637213242
Medio Muslo;67;8;1745.938932163426
Entero;68;8;469.38974281451215
Medio Pollo;68;8;618.7362918572976
Medio Pollo Superior;68;8;801.7979082409295
Medio Pollo Inferior;68;8;712.5987811205648
Cuarto de Pollo Superior;68;8;882.3121434792855
Muslo Entero;68;8;1118.6792528942267
Pechuga Completa;68;8;1814.9737435248542
Ala Completa;68;8;835.8217644754965
Media Pechuga;68;8;2415.698806252284
Blanqueta;68;8;0.0
Alón;68;8;0.0
Punta;68;8;0.0
Jamoncito;68;8;710.5777298270629
Medio Muslo;68;8;1995.3402858482327
Entero;69;8;496.202463177957
Medio Pollo;69;8;471.74797307484647
Medio Pollo Superior;69;8;591.5446853365424
Medio Pollo Inferior;69;8;726.1782205317879
Cuarto de Pollo Superior;69;8;751.172885926616
Muslo Entero;69;8;833.4123590014422
Pechuga Completa;69;8;1329.3723252504035
Ala Completa;69;8;670.8035379306441
Media Pechuga;69;8;2357.803983183957
Blanqueta;69;8;0.0
Alón;69;8;0.0
Punta;69;8;0.0
Jamoncito;69;8;805.5376344086022
Medio Muslo;69;8;1192.767405019656
Entero;70;8;609.2215417068519
Medio Pollo;70;8;549.3385523280989
Medio Pollo Superior;70;8;636.0212438574151
Medio Pollo Inferior;70;8;921.6610565356608
Cuarto de Pollo Superior;70;8;1123.5263125635754
Muslo Entero;70;8;981.0645452353281
Pechuga Completa;70;8;935.385637782469
Ala Completa;70;8;563.4563298382407
Media Pechuga;70;8;1717.5151591969723
Blanqueta;70;8;0.0
Alón;70;8;0.0
Punta;70;8;0.0
Jamoncito;70;8;952.8263204150606
Medio Muslo;70;8;1049.034734015387
Entero;71;8;480.60770448616387
Medio Pollo;71;8;537.3040530782714
Medio Pollo Superior;71;8;1143.2221608111865
Medio Pollo Inferior;71;8;613.2627065897027
Cuarto de Pollo Superior;71;8;1199.3887008731656
Muslo Entero;71;8;949.8554661349472
Pechuga Completa;71;8;995.8022777414969
Ala Completa;71;8;783.063904893643
Media Pechuga;71;8;1383.7906547826392
Blanqueta;71;8;0.0
Alón;71;8;0.0
Punta;71;8;0.0
Jamoncito;71;8;1024.4792390851137
Medio Muslo;71;8;1741.3412470267056
Entero;72;8;451.53985500356407
Medio Pollo;72;8;781.6322575923707
Medio Pollo Superior;72;8;666.3932563970683
Medio Pollo Inferior;72;8;939.6972210311964
Cuarto de Pollo Superior;72;8;1261.4032290990967
Muslo Entero;72;8;977.6273781121963
Pechuga Completa;72;8;1213.152637106022
Ala Completa;72;8;455.1935483870967
Media Pechuga;72;8;1588.4814524661438
Blanqueta;72;8;0.0
Alón;72;8;0.0
Punta;72;8;0.0
Jamoncito;72;8;529.1783114674911
Medio Muslo;72;8;1564.6227432078003
Entero;73;8;467.8662552341386
Medio Pollo;73;8;443.0280086770099
Medio Pollo Superior;73;8;1003.5730440534236
Medio Pollo Inferior;73;8;546.489089810749
Cuarto de Pollo Superior;73;8;1390.6426837291278
Muslo Entero;73;8;1081.1306864039327
Pechuga Completa;73;8;1512.3986344226091
Ala Completa;73;8;420.37904158494194
Media Pechuga;73;8;2338.6912097016966
Blanqueta;73;8;0.0
Alón;73;8;0.0
Punta;73;8;0.0
Jamoncito;73;8;688.0251930824622
Medio Muslo;73;8;1776.7370485729944
Entero;74;8;380.45035745637915
Medio Pollo;74;8;647.8622640390035
Medio Pollo Superior;74;8;831.5416574568223
Medio Pollo Inferior;74;8;935.519526724174
Cuarto de Pollo Superior;74;8;822.1766519394986
Muslo Entero;74;8;1200.3846463888317
Pechuga Completa;74;8;1356.9048159528604
Ala Completa;74;8;495.32105624859213
Media Pechuga;74;8;1087.6783930221616
Blanqueta;74;8;0.0
Alón;74;8;0.0
Punta;74;8;0.0
Jamoncito;74;8;663.3473557514706
Medio Muslo;74;8;1328.5916843946527
Entero;75;8;379.4816090038077
Medio Pollo;75;8;663.3715715227278
Medio Pollo Superior;75;8;1157.6055441175542
Medio Pollo Inferior;75;8;545.941855782125
Cuarto de Pollo Superior;75;8;880.066049336109
Muslo Entero;75;8;866.1314826434265
Pechuga Completa;75;8;1488.5716765304774
Ala Completa;75;8;764.0278378821355
Media Pechuga;75;8;2369.1480153310054
Blanqueta;75;8;0.0
Alón;75;8;0.0
Punta;75;8;0.0
Jamoncito;75;8;704.323258670475
Medio Muslo;75;8;1125.6496120265151
Entero;76;8;389.1728183871383
Medio Pollo;76;8;547.4160896406485
Medio Pollo Superior;76;8;1151.169653206205
Medio Pollo Inferior;76;8;768.7790981242397
Cuarto de Pollo Superior;76;8;1226.9035967667603
Muslo Entero;76;8;976.5167877017955
Pechuga Completa;76;8;1477.530037494944
Ala Completa;76;8;662.747102846621
Media Pechuga;76;8;1320.5241308355278
Blanqueta;76;8;0.0
Alón;76;8;0.0
Punta;76;8;0.0
Jamoncito;76;8;502.9693785246713
Medio Muslo;76;8;1860.1280183345116
Entero;77;8;364.47134399482815
Medio Pollo;77;8;434.61178350345534
Medio Pollo Superior;77;8;862.2276884311419
Medio Pollo Inferior;77;8;496.8666898539768
Cuarto de Pollo Superior;77;8;1067.7749269979513
Muslo Entero;77;8;1140.574048696758
Pechuga Completa;77;8;1699.8653456793622
Ala Completa;77;8;512.8560219496792
Media Pechuga;77;8;2287.850051440967
Blanqueta;77;8;0.0
Alón;77;8;0.0
Punta;77;8;0.0
Jamoncito;77;8;664.2679200472303
Medio Muslo;77;8;956.3390548367613
Entero;78;8;395.7951718269327
Medio Pollo;78;8;493.21428310747825
Medio Pollo Superior;78;8;622.356087061145
Medio Pollo Inferior;78;8;560.2233455647295
Cuarto de Pollo Superior;78;8;1311.7011495749264
Muslo Entero;78;8;464.7801313433822
Pechuga Completa;78;8;1029.2848027855252
Ala Completa;78;8;807.0108919422272
Media Pechuga;78;8;1666.7766186713416
Blanqueta;78;8;0.0
Alón;78;8;0.0
Punta;78;8;0.0
Jamoncito;78;8;807.449188362417
Medio Muslo;78;8;2144.9635979499576
Entero;79;8;457.45913215133083
Medio Pollo;79;8;565.6857037742009
Medio Pollo Superior;79;8;802.6825951330466
Medio Pollo Inferior;79;8;531.8393711543723
Cuarto de Pollo Superior;79;8;687.6476978314611
Muslo Entero;79;8;812.0068107582368
Pechuga Completa;79;8;1522.8106574451417
Ala Completa;79;8;504.73129071107127
Media Pechuga;79;8;2390.55434813334
Blanqueta;79;8;0.0
Alón;79;8;0.0
Punta;79;8;0.0
Jamoncito;79;8;831.0458279393895
Medio Muslo;79;8;1410.1817356430288
Entero;80;8;496.69720124279576
Medio Pollo;80;8;372.0040803950583
Medio Pollo Superior;80;8;889.878671117653
Medio Pollo Inferior;80;8;952.1929812264281
Cuarto de Pollo Superior;80;8;1253.83190278471
Muslo Entero;80;8;1063.3465931665503
Pechuga Completa;80;8;873.9883031249968
Ala Completa;80;8;690.8526583045555
Media Pechuga;80;8;1251.7318397068536
Blanqueta;80;8;0.0
Alón;80;8;0.0
Punta;80;8;0.0
Jamoncito;80;8;821.5585076802328
Medio Muslo;80;8;1084.9528044935241
Entero;81;8;619.3661741307812
Medio Pollo;81;8;410.63028511411216
Medio Pollo Superior;81;8;641.8991431694126
Medio Pollo Inferior;81;8;945.2690575324862
Cuarto de Pollo Superior;81;8;818.1617971957027
Muslo Entero;81;8;999.2272412365035
Pechuga Completa;81;8;1415.5729699232686
Ala Completa;81;8;666.2143935393087
Media Pechuga;81;8;1514.1381174131461
Blanqueta;81;8;0.0
Alón;81;8;0.0
Punta;81;8;0.0
Jamoncito;81;8;951.2206559448521
Medio Muslo;81;8;1102.5057216889668
Entero;82;8;599.2609280706324
Medio Pollo;82;8;464.16084515779613
Medio Pollo Superior;82;8;639.6950124449053
Medio Pollo Inferior;82;8;721.633896268261
Cuarto de Pollo Superior;82;8;988.9480633716288
Muslo Entero;82;8;803.8375357946644
Pechuga Completa;82;8;951.755510767914
Ala Completa;82;8;823.5114304519265
Media Pechuga;82;8;1378.7975079837668
Blanqueta;82;8;0.0
Alón;82;8;0.0
Punta;82;8;0.0
Jamoncito;82;8;825.1174999917465
Medio Muslo;82;8;1565.1317360948735
Entero;83;8;409.3811876058286
Medio Pollo;83;8;531.5033441943503
Medio Pollo Superior;83;8;517.6538443043571
Medio Pollo Inferior;83;8;944.8173211522626
Cuarto de Pollo Superior;83;8;1333.001171422054
Muslo Entero;83;8;1112.5495609795294
Pechuga Completa;83;8;1990.4722522995955
Ala Completa;83;8;533.6520819941499
Media Pechuga;83;8;1949.4868577223313
Blanqueta;83;8;0.0
Alón;83;8;0.0
Punta;83;8;0.0
Jamoncito;83;8;524.8531764990674
Medio Muslo;83;8;2111.1278001938504
Entero;84;8;496.3585476132746
Medio Pollo;84;8;530.5281382973161
Medio Pollo Superior;84;8;897.6531182862792
Medio Pollo Inferior;84;8;946.5289466815284
Cuarto de Pollo Superior;84;8;869.4828805409363
Muslo Entero;84;8;958.1935483870968
Pechuga Completa;84;8;1435.2700941228707
Ala Completa;84;8;756.2210217262809
Media Pechuga;84;8;1361.2115926814593
Blanqueta;84;8;0.0
Alón;84;8;0.0
Punta;84;8;0.0
Jamoncito;84;8;742.4691440977455
Medio Muslo;84;8;1801.3606832592172
Entero;85;8;582.3269248685676
Medio Pollo;85;8;521.4589931262619
Medio Pollo Superior;85;8;740.8906540889491
Medio Pollo Inferior;85;8;710.6015856558083
Cuarto de Pollo Superior;85;8;913.0202434103737
Muslo Entero;85;8;941.1485971549009
Pechuga Completa;85;8;1594.186685633375
Ala Completa;85;8;552.4333338649266
Media Pechuga;85;8;2016.828396525733
Blanqueta;85;8;0.0
Alón;85;8;0.0
Punta;85;8;0.0
Jamoncito;85;8;1038.726300381123
Medio Muslo;85;8;1503.1935483870966
Entero;86;8;483.3883390217386
Medio Pollo;86;8;625.0533375356734
Medio Pollo Superior;86;8;614.809103368798
Medio Pollo Inferior;86;8;614.5344482171474
Cuarto de Pollo Superior;86;8;990.5113431634263
Muslo Entero;86;8;889.4804351031637
Pechuga Completa;86;8;1807.4091463462453
Ala Completa;86;8;471.2361219205506
Media Pechuga;86;8;1532.7614980263502
Blanqueta;86;8;0.0
Alón;86;8;0.0
Punta;86;8;0.0
Jamoncito;86;8;983.1437305399188
Medio Muslo;86;8;1324.798609337006
Entero;87;8;433.6832393493071
Medio Pollo;87;8;542.4836382160336
Medio Pollo Superior;87;8;783.6149683658645
Medio Pollo Inferior;87;8;806.8526485570461
Cuarto de Pollo Superior;87;8;1408.5343257264933
Muslo Entero;87;8;925.0645161290323
Pechuga Completa;87;8;1047.3416648288435
Ala Completa;87;8;603.3212907544964
Media Pechuga;87;8;1198.612569056475
Blanqueta;87;8;0.0
Alón;87;8;0.0
Punta;87;8;0.0
Jamoncito;87;8;1159.9263191846903
Medio Muslo;87;8;1973.2462436979886
Entero;88;8;551.37983146807
Medio Pollo;88;8;445.2374915714233
Medio Pollo Superior;88;8;1005.4768774061369
Medio Pollo Inferior;88;8;608.0007308428228
Cuarto de Pollo Superior;88;8;857.8664647806934
Muslo Entero;88;8;1076.8709677419354
Pechuga Completa;88;8;1580.6201276756792
Ala Completa;88;8;732.337461278055
Media Pechuga;88;8;2159.907986214485
Blanqueta;88;8;0.0
Alón;88;8;0.0
Punta;88;8;0.0
Jamoncito;88;8;783.9424521325984
Medio Muslo;88;8;1461.5357921262953
Entero;89;8;298.3109021170729
Medio Pollo;89;8;414.71845417423316
Medio Pollo Superior;89;8;854.8730190782403
Medio Pollo Inferior;89;8;568.2449604898354
Cuarto de Pollo Superior;89;8;862.2539998887072
Muslo Entero;89;8;915.2096774193549
Pechuga Completa;89;8;930.3807850294492
Ala Completa;89;8;780.050188806933
Media Pechuga;89;8;1790.9259503359872
Blanqueta;89;8;0.0
Alón;89;8;0.0
Punta;89;8;0.0
Jamoncito;89;8;783.4768520299143
Medio Muslo;89;8;1562.6021505376343
Entero;90;8;333.65710572045384
Medio Pollo;90;8;600.9389192989736
Medio Pollo Superior;90;8;950.4706622813227
Medio Pollo Inferior;90;8;554.6701542253148
Cuarto de Pollo Superior;90;8;1195.0756000713525
Muslo Entero;90;8;1015.8548387096774
Pechuga Completa;90;8;902.7359457227662
Ala Completa;90;8;383.4371258646703
Media Pechuga;90;8;1993.9246745606274
Blanqueta;90;8;0.0
Alón;90;8;0.0
Punta;90;8;0.0
Jamoncito;90;8;667.3668510714689
Medio Muslo;90;8;1054.268817204301
Entero;91;8;468.8757284561463
Medio Pollo;91;8;405.23809589758304
Medio Pollo Superior;91;8;551.7745447695354
Medio Pollo Inferior;91;8;624.1388496318418
Cuarto de Pollo Superior;91;8;821.7368216494375
Muslo Entero;91;8;742.5182897199263
Pechuga Completa;91;8;994.7821218777008
Ala Completa;91;8;681.808328524851
Media Pechuga;91;8;1404.8551254879985
Blanqueta;91;8;0.0
Alón;91;8;0.0
Punta;91;8;0.0
Jamoncito;91;8;585.8104804055698
Medio Muslo;91;8;1195.978188142413
Entero;92;8;313.67339064007393
Medio Pollo;92;8;646.7313329509795
Medio Pollo Superior;92;8;741.4337308401862
Medio Pollo Inferior;92;8;856.1498593019335
Cuarto de Pollo Superior;92;8;1020.5526482094555
Muslo Entero;92;8;817.4171941510415
Pechuga Completa;92;8;875.7075597616684
Ala Completa;92;8;399.8397679869756
Media Pechuga;92;8;1415.146218345682
Blanqueta;92;8;0.0
Alón;92;8;0.0
Punta;92;8;0.0
Jamoncito;92;8;549.2125592146515
Medio Muslo;92;8;1746.6992312124253
Entero;93;8;365.1802859351544
Medio Pollo;93;8;644.0152841751669
Medio Pollo Superior;93;8;762.6660807235207
Medio Pollo Inferior;93;8;537.2863345385281
Cuarto de Pollo Superior;93;8;830.7120290909984
Muslo Entero;93;8;552.0793004429316
Pechuga Completa;93;8;1115.6911864837402
Ala Completa;93;8;547.359970158619
Media Pechuga;93;8;2125.0201351470027
Blanqueta;93;8;0.0
Alón;93;8;0.0
Punta;93;8;0.0
Jamoncito;93;8;888.0649463042018
Medio Muslo;93;8;1187.2892366419997
Entero;94;8;503.85900820745735
Medio Pollo;94;8;600.1753479304398
Medio Pollo Superior;94;8;925.9134570676881
Medio Pollo Inferior;94;8;833.6210855322678
Cuarto de Pollo Superior;94;8;773.5082649520491
Muslo Entero;94;8;776.3333997737719
Pechuga Completa;94;8;1743.8557723447634
Ala Completa;94;8;735.683709473278
Media Pechuga;94;8;1246.0652347277735
Blanqueta;94;8;0.0
Alón;94;8;0.0
Punta;94;8;0.0
Jamoncito;94;8;584.1990841483636
Medio Muslo;94;8;1568.144437444237
Entero;95;8;472.6146081529637
Medio Pollo;95;8;623.4911637380347
Medio Pollo Superior;95;8;497.61510809899255
Medio Pollo Inferior;95;8;599.0845948332047
Cuarto de Pollo Superior;95;8;1354.5511862240203
Muslo Entero;95;8;872.265802716595
Pechuga Completa;95;8;1246.9537671490898
Ala Completa;95;8;748.8947972788501
Media Pechuga;95;8;2209.8678564101906
Blanqueta;95;8;0.0
Alón;95;8;0.0
Punta;95;8;0.0
Jamoncito;95;8;853.9915338143064
Medio Muslo;95;8;1606.1345508825866
Entero;96;8;556.4596793713383
Medio Pollo;96;8;434.7911461904032
Medio Pollo Superior;96;8;1097.3642283394015
Medio Pollo Inferior;96;8;947.0701691259835
Cuarto de Pollo Superior;96;8;651.4936722432845
Muslo Entero;96;8;1044.2874705243908
Pechuga Completa;96;8;1509.2748330133938
Ala Completa;96;8;613.1820976045104
Media Pechuga;96;8;1396.3709000253532
Blanqueta;96;8;0.0
Alón;96;8;0.0
Punta;96;8;0.0
Jamoncito;96;8;555.04243192494
Medio Muslo;96;8;1596.3672589021442
Entero;97;8;288.5410140159586
Medio Pollo;97;8;497.2576156187206
Medio Pollo Superior;97;8;606.2051374514635
Medio Pollo Inferior;97;8;848.0499618881739
Cuarto de Pollo Superior;97;8;982.9170255948319
Muslo Entero;97;8;554.4089343448398
Pechuga Completa;97;8;1891.468088365523
Ala Completa;97;8;727.5235631177865
Media Pechuga;97;8;1292.4062029719687
Blanqueta;97;8;0.0
Alón;97;8;0.0
Punta;97;8;0.0
Jamoncito;97;8;701.3811329939198
Medio Muslo;97;8;1532.6916624441058
Entero;98;8;563.3208621229709
Medio Pollo;98;8;613.9459923553005
Medio Pollo Superior;98;8;736.6827223202478
Medio Pollo Inferior;98;8;946.6333104645214
Cuarto de Pollo Superior;98;8;1388.498678708763
Muslo Entero;98;8;556.6372659096528
Pechuga Completa;98;8;1503.8181510594884
Ala Completa;98;8;497.87939190618295
Media Pechuga;98;8;1630.9889670971684
Blanqueta;98;8;0.0
Alón;98;8;0.0
Punta;98;8;0.0
Jamoncito;98;8;652.8248951037094
Medio Muslo;98;8;1253.5836709078983
Entero;99;8;339.30054887791795
Medio Pollo;99;8;510.48454356967255
Medio Pollo Superior;99;8;881.0644016582689
Medio Pollo Inferior;99;8;580.3949399571754
Cuarto de Pollo Superior;99;8;1035.2330252451313
Muslo Entero;99;8;759.396000874312
Pechuga Completa;99;8;897.3856730372919
Ala Completa;99;8;681.2507060284165
Media Pechuga;99;8;1734.0560029369965
Blanqueta;99;8;0.0
Alón;99;8;0.0
Punta;99;8;0.0
Jamoncito;99;8;568.5601508219559
Medio Muslo;99;8;1618.7354193361678
Entero;100;8;510.35667372667575
Medio Pollo;100;8;551.9445508965033
Medio Pollo Superior;100;8;708.8644851474552
Medio Pollo Inferior;100;8;628.1176604001682
Cuarto de Pollo Superior;100;8;1261.7026148638183
Muslo Entero;100;8;1176.6077438364573
Pechuga Completa;100;8;1251.4626604576679
Ala Completa;100;8;766.4631227010208
Media Pechuga;100;8;1722.9892655288602
Blanqueta;100;8;0.0
Alón;100;8;0.0
Punta;100;8;0.0
Jamoncito;100;8;587.2306877624148
Medio Muslo;100;8;1517.9784946236557
Entero;101;8;464.55656880655175
Medio Pollo;101;8;527.6636913351628
Medio Pollo Superior;101;8;797.7728221233363
Medio Pollo Inferior;101;8;756.6045212005079
Cuarto de Pollo Superior;101;8;998.6329992666311
Muslo Entero;101;8;616.0089024326185
Pechuga Completa;101;8;1440.8767854458713
Ala Completa;101;8;650.1935483870968
Media Pechuga;101;8;1572.72342122701
Blanqueta;101;8;0.0
Alón;101;8;0.0
Punta;101;8;0.0
Jamoncito;101;8;544.1537648604483
Medio Muslo;101;8;1464.483870967742
Entero;102;8;512.9931614756355
Medio Pollo;102;8;576.4970931831424
Medio Pollo Superior;102;8;799.5660930046436
Medio Pollo Inferior;102;8;823.5949636220433
Cuarto de Pollo Superior;102;8;1063.8294957542903
Muslo Entero;102;8;1153.0881945704828
Pechuga Completa;102;8;1211.3946699030953
Ala Completa;102;8;396.0304149868268
Media Pechuga;102;8;2156.5917362188866
Blanqueta;102;8;0.0
Alón;102;8;0.0
Punta;102;8;0.0
Jamoncito;102;8;549.7590535102462
Medio Muslo;102;8;1144.8289110657174
Entero;103;8;458.0895599199515
Medio Pollo;103;8;541.4529967651823
Medio Pollo Superior;103;8;532.0955728852562
Medio Pollo Inferior;103;8;563.7699586998026
Cuarto de Pollo Superior;103;8;1154.8642025497563
Muslo Entero;103;8;1094.304876175597
Pechuga Completa;103;8;1926.3482872248082
Ala Completa;103;8;483.5029420862551
Media Pechuga;103;8;2217.3469243474287
Blanqueta;103;8;0.0
Alón;103;8;0.0
Punta;103;8;0.0
Jamoncito;103;8;592.8449656882539
Medio Muslo;103;8;1639.770439933966
Entero;104;8;313.1497548731082
Medio Pollo;104;8;688.9076445819599
Medio Pollo Superior;104;8;628.6026573143977
Medio Pollo Inferior;104;8;448.00890963405817
Cuarto de Pollo Superior;104;8;953.5766689492474
Muslo Entero;104;8;1156.5535976406704
Pechuga Completa;104;8;1631.5868150842614
Ala Completa;104;8;614.2795422944837
Media Pechuga;104;8;2283.8504990425345
Blanqueta;104;8;0.0
Alón;104;8;0.0
Punta;104;8;0.0
Jamoncito;104;8;987.5262266434688
Medio Muslo;104;8;1167.5567802850333
Entero;105;8;513.4477597178578
Medio Pollo;105;8;722.2800387229846
Medio Pollo Superior;105;8;528.5423107091586
Medio Pollo Inferior;105;8;511.3809845163133
Cuarto de Pollo Superior;105;8;1079.4198394348793
Muslo Entero;105;8;572.8582272054933
Pechuga Completa;105;8;1281.8694584388502
Ala Completa;105;8;422.09951103017045
Media Pechuga;105;8;1504.939384902217
Blanqueta;105;8;0.0
Alón;105;8;0.0
Punta;105;8;0.0
Jamoncito;105;8;766.5975249621052
Medio Muslo;105;8;1387.2685223686806
Entero;106;8;469.95886409598444
Medio Pollo;106;8;585.2011456744984
Medio Pollo Superior;106;8;868.3479960004187
Medio Pollo Inferior;106;8;551.9548255224144
Cuarto de Pollo Superior;106;8;1159.1245568509626
Muslo Entero;106;8;663.1033144717773
Pechuga Completa;106;8;1661.2836006469504
Ala Completa;106;8;385.4967644280638
Media Pechuga;106;8;1478.595289451888
Blanqueta;106;8;0.0
Alón;106;8;0.0
Punta;106;8;0.0
Jamoncito;106;8;687.6183930701725
Medio Muslo;106;8;903.1685031356549
Entero;107;8;369.73589985893085
Medio Pollo;107;8;663.6557021532068
Medio Pollo Superior;107;8;699.7244231982864
Medio Pollo Inferior;107;8;595.2647295459407
Cuarto de Pollo Superior;107;8;833.1443435114867
Muslo Entero;107;8;640.7712963747148
Pechuga Completa;107;8;1578.5777257682053
Ala Completa;107;8;705.8267689268441
Media Pechuga;107;8;2346.692740250472
Blanqueta;107;8;0.0
Alón;107;8;0.0
Punta;107;8;0.0
Jamoncito;107;8;1167.7195696327985
Medio Muslo;107;8;1885.6729552381385
Entero;108;8;455.3011533036623
Medio Pollo;108;8;506.3442978467932
Medio Pollo Superior;108;8;654.6061249631788
Medio Pollo Inferior;108;8;966.688353639575
Cuarto de Pollo Superior;108;8;808.3484137403368
Muslo Entero;108;8;1040.611929631874
Pechuga Completa;108;8;1370.6900673860516
Ala Completa;108;8;623.3582822009914
Media Pechuga;108;8;1772.335185421725
Blanqueta;108;8;0.0
Alón;108;8;0.0
Punta;108;8;0.0
Jamoncito;108;8;655.8311536999186
Medio Muslo;108;8;1465.8932873454526
Entero;109;8;587.9629468374069
Medio Pollo;109;8;370.3102456029206
Medio Pollo Superior;109;8;555.2055966077364
Medio Pollo Inferior;109;8;689.7487974140372
Cuarto de Pollo Superior;109;8;1128.3485146058258
Muslo Entero;109;8;1246.3495062938434
Pechuga Completa;109;8;1526.4489568826493
Ala Completa;109;8;839.4881286137005
Media Pechuga;109;8;1802.3038593235285
Blanqueta;109;8;0.0
Alón;109;8;0.0
Punta;109;8;0.0
Jamoncito;109;8;618.0932903402614
Medio Muslo;109;8;1644.2922135305819
Entero;110;8;554.4145707558241
Medio Pollo;110;8;470.7083147194591
Medio Pollo Superior;110;8;769.7644326609424
Medio Pollo Inferior;110;8;858.5073406317458
Cuarto de Pollo Superior;110;8;1079.5317716904085
Muslo Entero;110;8;788.2785767840074
Pechuga Completa;110;8;1699.1837541774164
Ala Completa;110;8;672.7001336840442
Media Pechuga;110;8;2368.6922522043583
Blanqueta;110;8;0.0
Alón;110;8;0.0
Punta;110;8;0.0
Jamoncito;110;8;928.1187718189028
Medio Muslo;110;8;1409.923870011946
Entero;111;8;625.6188102969371
Medio Pollo;111;8;432.61828800891345
Medio Pollo Superior;111;8;491.96445455930166
Medio Pollo Inferior;111;8;795.2398107934036
Cuarto de Pollo Superior;111;8;1373.7936546380786
Muslo Entero;111;8;681.0448319209818
Pechuga Completa;111;8;775.2339116814101
Ala Completa;111;8;454.0199174639773
Media Pechuga;111;8;1037.5335542472549
Blanqueta;111;8;0.0
Alón;111;8;0.0
Punta;111;8;0.0
Jamoncito;111;8;821.0141812119115
Medio Muslo;111;8;995.6497064328595
Entero;112;8;233.96661894723877
Medio Pollo;112;8;450.7924743687057
Medio Pollo Superior;112;8;762.1582425123272
Medio Pollo Inferior;112;8;827.7412666650719
Cuarto de Pollo Superior;112;8;1032.6564546115674
Muslo Entero;112;8;613.5381536310377
Pechuga Completa;112;8;1676.0411876173682
Ala Completa;112;8;798.7649167083649
Media Pechuga;112;8;1391.5167321750255
Blanqueta;112;8;0.0
Alón;112;8;0.0
Punta;112;8;0.0
Jamoncito;112;8;652.4166027531618
Medio Muslo;112;8;1470.5035280767627
Entero;113;8;293.54002010836524
Medio Pollo;113;8;404.9391049659411
Medio Pollo Superior;113;8;740.1407491858224
Medio Pollo Inferior;113;8;985.4943766490927
Cuarto de Pollo Superior;113;8;879.2663047154261
Muslo Entero;113;8;1052.5069070482646
Pechuga Completa;113;8;1217.9463856700368
Ala Completa;113;8;396.0548365098447
Media Pechuga;113;8;1718.2246684862957
Blanqueta;113;8;0.0
Alón;113;8;0.0
Punta;113;8;0.0
Jamoncito;113;8;593.9130981136456
Medio Muslo;113;8;1651.2008218276642
Entero;114;8;492.7338716278158
Medio Pollo;114;8;731.8865988949194
Medio Pollo Superior;114;8;581.9897957413241
Medio Pollo Inferior;114;8;415.5062921697065
Cuarto de Pollo Superior;114;8;1217.0092102572244
Muslo Entero;114;8;780.393671959761
Pechuga Completa;114;8;1453.7866202609819
Ala Completa;114;8;829.5597243402214
Media Pechuga;114;8;1700.8321186849003
Blanqueta;114;8;0.0
Alón;114;8;0.0
Punta;114;8;0.0
Jamoncito;114;8;804.0199965535038
Medio Muslo;114;8;1218.1035863528814
Entero;115;8;546.0080263866976
Medio Pollo;115;8;664.9981465443841
Medio Pollo Superior;115;8;840.560886141474
Medio Pollo Inferior;115;8;951.4563142979714
Cuarto de Pollo Superior;115;8;1030.3080687853003
Muslo Entero;115;8;1020.9273960674949
Pechuga Completa;115;8;1578.176831002414
Ala Completa;115;8;550.8197865878336
Media Pechuga;115;8;1394.4239138704454
Blanqueta;115;8;0.0
Alón;115;8;0.0
Punta;115;8;0.0
Jamoncito;115;8;1016.2677586531645
Medio Muslo;115;8;1737.0770479883267
Entero;116;8;551.7180818771213
Medio Pollo;116;8;422.03193857894786
Medio Pollo Superior;116;8;848.9392152334514
Medio Pollo Inferior;116;8;733.2005882736171
Cuarto de Pollo Superior;116;8;856.910221879956
Muslo Entero;116;8;748.8053945444341
Pechuga Completa;116;8;906.0934967894092
Ala Completa;116;8;856.8673230039183
Media Pechuga;116;8;1357.4142459229697
Blanqueta;116;8;0.0
Alón;116;8;0.0
Punta;116;8;0.0
Jamoncito;116;8;901.5107411942671
Medio Muslo;116;8;1553.0052234836016
Entero;117;8;471.0
Medio Pollo;117;8;509.2244301186998
Medio Pollo Superior;117;8;642.2404566430647
Medio Pollo Inferior;117;8;459.62360898539936
Cuarto de Pollo Superior;117;8;1268.1249439273
Muslo Entero;117;8;1163.7696895703932
Pechuga Completa;117;8;1172.2122619446993
Ala Completa;117;8;633.4385039844412
Media Pechuga;117;8;1079.6501632274014
Blanqueta;117;8;0.0
Alón;117;8;0.0
Punta;117;8;0.0
Jamoncito;117;8;1071.7725568634985
Medio Muslo;117;8;1347.5961987310484
Entero;118;8;471.0
Medio Pollo;118;8;722.813775646778
Medio Pollo Superior;118;8;614.2523165642742
Medio Pollo Inferior;118;8;451.7191537603198
Cuarto de Pollo Superior;118;8;720.3643737575859
Muslo Entero;118;8;712.9136399560697
Pechuga Completa;118;8;1893.3506087953867
Ala Completa;118;8;667.6570195915052
Media Pechuga;118;8;2012.7254650968785
Blanqueta;118;8;0.0
Alón;118;8;0.0
Punta;118;8;0.0
Jamoncito;118;8;1214.115769351436
Medio Muslo;118;8;1447.048058796634
Entero;119;8;293.4170957324868
Medio Pollo;119;8;674.2530083545942
Medio Pollo Superior;119;8;801.4289773483176
Medio Pollo Inferior;119;8;998.7663647909604
Cuarto de Pollo Superior;119;8;1057.4136201383394
Muslo Entero;119;8;1163.3648912422918
Pechuga Completa;119;8;1207.4518695158
Ala Completa;119;8;677.2290319456094
Media Pechuga;119;8;1422.2512908757149
Blanqueta;119;8;0.0
Alón;119;8;0.0
Punta;119;8;0.0
Jamoncito;119;8;807.6303007621075
Medio Muslo;119;8;1229.0936090628063
Entero;120;8;466.7470258548788
Medio Pollo;120;8;447.9332159986277
Medio Pollo Superior;120;8;1037.979237715013
Medio Pollo Inferior;120;8;817.0813040286924
Cuarto de Pollo Superior;120;8;1010.9710965239759
Muslo Entero;120;8;996.8361503531994
Pechuga Completa;120;8;1264.6011683566912
Ala Completa;120;8;634.5018952441756
Media Pechuga;120;8;1421.597011419731
Blanqueta;120;8;0.0
Alón;120;8;0.0
Punta;120;8;0.0
Jamoncito;120;8;1046.8504687832287
Medio Muslo;120;8;1060.4893922342446
Entero;121;8;317.9742077224136
Medio Pollo;121;8;745.6062904302659
Medio Pollo Superior;121;8;490.79674831589597
Medio Pollo Inferior;121;8;788.8300852178784
Cuarto de Pollo Superior;121;8;1226.6095486373144
Muslo Entero;121;8;856.8825146416655
Pechuga Completa;121;8;1336.9667166785857
Ala Completa;121;8;581.4013305622759
Media Pechuga;121;8;1494.0989079805456
Blanqueta;121;8;0.0
Alón;121;8;0.0
Punta;121;8;0.0
Jamoncito;121;8;1296.1689389891967
Medio Muslo;121;8;1753.3377006970743
Entero;122;8;602.5899943506117
Medio Pollo;122;8;795.2528066200964
Medio Pollo Superior;122;8;962.7834454215877
Medio Pollo Inferior;122;8;480.37629228679157
Cuarto de Pollo Superior;122;8;1209.613986215304
Muslo Entero;122;8;921.8444381101591
Pechuga Completa;122;8;977.1170528098654
Ala Completa;122;8;602.6741320859439
Media Pechuga;122;8;2173.105006390588
Blanqueta;122;8;0.0
Alón;122;8;0.0
Punta;122;8;0.0
Jamoncito;122;8;736.0206961958108
Medio Muslo;122;8;1237.041703560293
Entero;123;8;354.28451984255406
Medio Pollo;123;8;532.7472094939328
Medio Pollo Superior;123;8;648.9258928675392
Medio Pollo Inferior;123;8;682.1022738505569
Cuarto de Pollo Superior;123;8;680.1602073330832
Muslo Entero;123;8;1172.4848723029345
Pechuga Completa;123;8;1701.4855994188192
Ala Completa;123;8;387.2558490143475
Media Pechuga;123;8;2261.254534242592
Blanqueta;123;8;0.0
Alón;123;8;0.0
Punta;123;8;0.0
Jamoncito;123;8;1033.7241671014172
Medio Muslo;123;8;1061.2612104643438
Entero;124;8;461.35708273133764
Medio Pollo;124;8;633.6840371097804
Medio Pollo Superior;124;8;778.8703711512251
Medio Pollo Inferior;124;8;830.6707644440925
Cuarto de Pollo Superior;124;8;958.2132027028653
Muslo Entero;124;8;1177.0425928799327
Pechuga Completa;124;8;1913.2825634343847
Ala Completa;124;8;603.2118227108379
Media Pechuga;124;8;1179.7515606884162
Blanqueta;124;8;0.0
Alón;124;8;0.0
Punta;124;8;0.0
Jamoncito;124;8;1216.8832462668972
Medio Muslo;124;8;1090.214826042843
Entero;125;8;331.5657459455029
Medio Pollo;125;8;526.2096563459246
Medio Pollo Superior;125;8;899.5009880251692
Medio Pollo Inferior;125;8;553.1592546604767
Cuarto de Pollo Superior;125;8;863.7695068811607
Muslo Entero;125;8;925.0507285540493
Pechuga Completa;125;8;1073.238109476863
Ala Completa;125;8;613.3412061373558
Media Pechuga;125;8;1699.0757286159458
Blanqueta;125;8;0.0
Alón;125;8;0.0
Punta;125;8;0.0
Jamoncito;125;8;672.0540363391593
Medio Muslo;125;8;1769.838467430772
Entero;126;8;286.749584371103
Medio Pollo;126;8;276.5
Medio Pollo Superior;126;8;531.8741253624161
Medio Pollo Inferior;126;8;586.1985208609065
Cuarto de Pollo Superior;126;8;872.6509605166011
Muslo Entero;126;8;907.27495680198
Pechuga Completa;126;8;1059.004863698367
Ala Completa;126;8;661.5986351892603
Media Pechuga;126;8;2180.0212722973315
Blanqueta;126;8;0.0
Alón;126;8;0.0
Punta;126;8;0.0
Jamoncito;126;8;1073.3317759662204
Medio Muslo;126;8;999.156463512807
Entero;127;8;386.12964028472715
Medio Pollo;127;8;515.2694134522501
Medio Pollo Superior;127;8;788.0623992538092
Medio Pollo Inferior;127;8;893.0412809939502
Cuarto de Pollo Superior;127;8;862.0749430270928
Muslo Entero;127;8;760.3048262472439
Pechuga Completa;127;8;1180.5003866746501
Ala Completa;127;8;782.2466391947956
Media Pechuga;127;8;1160.1415348451737
Blanqueta;127;8;-1.8189894035458563e-12
Alón;127;8;-8.929584344679658e-13
Punta;127;8;-2.645802768793974e-13
Jamoncito;127;8;812.4732409880618
Medio Muslo;127;8;968.0866594394294
Entero;128;8;559.1851031644461
Medio Pollo;128;8;738.5834689981917
Medio Pollo Superior;128;8;800.9795792715584
Medio Pollo Inferior;128;8;436.8626140436407
Cuarto de Pollo Superior;128;8;760.8343447086783
Muslo Entero;128;8;1130.0732101383007
Pechuga Completa;128;8;1710.5670866963653
Ala Completa;128;8;435.19195471933523
Media Pechuga;128;8;1573.4007230955501
Blanqueta;128;8;0.0
Alón;128;8;0.0
Punta;128;8;0.0
Jamoncito;128;8;622.0396356558965
Medio Muslo;128;8;1242.1520622525593
Entero;129;8;505.5767167006753
Medio Pollo;129;8;420.1371416343701
Medio Pollo Superior;129;8;744.6425215967475
Medio Pollo Inferior;129;8;833.9416941187541
Cuarto de Pollo Superior;129;8;1251.9430842250463
Muslo Entero;129;8;740.8675380313516
Pechuga Completa;129;8;1925.9847900627713
Ala Completa;129;8;841.8831512595859
Media Pechuga;129;8;2112.6402830798243
Blanqueta;129;8;0.0
Alón;129;8;0.0
Punta;129;8;0.0
Jamoncito;129;8;815.1579245663277
Medio Muslo;129;8;1354.8991469379048
Entero;130;8;438.4232832993247
Medio Pollo;130;8;696.7231497333672
Medio Pollo Superior;130;8;550.3916972288
Medio Pollo Inferior;130;8;751.720356692742
Cuarto de Pollo Superior;130;8;1182.7171034513972
Muslo Entero;130;8;887.0763109498345
Pechuga Completa;130;8;936.9665946449279
Ala Completa;130;8;717.5320935595055
Media Pechuga;130;8;1683.4545901220163
Blanqueta;130;8;0.0
Alón;130;8;0.0
Punta;130;8;0.0
Jamoncito;130;8;728.3131012240713
Medio Muslo;130;8;1778.7037030501042
Entero;131;8;430.98742146635703
Medio Pollo;131;8;479.4820858740627
Medio Pollo Superior;131;8;674.3464653131703
Medio Pollo Inferior;131;8;820.477230575193
Cuarto de Pollo Superior;131;8;818.3620900706833
Muslo Entero;131;8;996.8509709098548
Pechuga Completa;131;8;1438.4516129032259
Ala Completa;131;8;446.0
Media Pechuga;131;8;1395.1694050149333
Blanqueta;131;8;0.0
Alón;131;8;0.0
Punta;131;8;0.0
Jamoncito;131;8;1189.2820920271254
Medio Muslo;131;8;1921.7519533581315
Entero;132;8;302.58090783956214
Medio Pollo;132;8;664.6141415557836
Medio Pollo Superior;132;8;478.41644762310546
Medio Pollo Inferior;132;8;677.6873391349528
Cuarto de Pollo Superior;132;8;695.7895416882667
Muslo Entero;132;8;1204.9473418854377
Pechuga Completa;132;8;1516.3548387096776
Ala Completa;132;8;603.741935483871
Media Pechuga;132;8;2229.1113133022704
Blanqueta;132;8;0.0
Alón;132;8;0.0
Punta;132;8;0.0
Jamoncito;132;8;1186.409470813642
Medio Muslo;132;8;1235.0162735567799
Entero;133;8;411.3229796081255
Medio Pollo;133;8;634.271844043847
Medio Pollo Superior;133;8;483.0383533845384
Medio Pollo Inferior;133;8;466.9418939848141
Cuarto de Pollo Superior;133;8;713.5181719349332
Muslo Entero;133;8;1270.8401490887454
Pechuga Completa;133;8;866.3589798598908
Ala Completa;133;8;681.4825119536322
Media Pechuga;133;8;1902.3843245135708
Blanqueta;133;8;0.0
Alón;133;8;0.0
Punta;133;8;0.0
Jamoncito;133;8;550.0474322054773
Medio Muslo;133;8;1950.1713306905142
Entero;134;8;529.6890906571597
Medio Pollo;134;8;456.5355090135891
Medio Pollo Superior;134;8;785.1338010713313
Medio Pollo Inferior;134;8;851.8604059704212
Cuarto de Pollo Superior;134;8;1363.5368565874194
Muslo Entero;134;8;1009.5715577723095
Pechuga Completa;134;8;1064.2741308710322
Ala Completa;134;8;374.58558809071803
Media Pechuga;134;8;1033.639971912812
Blanqueta;134;8;0.0
Alón;134;8;0.0
Punta;134;8;0.0
Jamoncito;134;8;776.5313983526789
Medio Muslo;134;8;1646.403859054344
Entero;135;8;307.8503630450338
Medio Pollo;135;8;529.5479767363644
Medio Pollo Superior;135;8;811.8332657531652
Medio Pollo Inferior;135;8;950.89502481637
Cuarto de Pollo Superior;135;8;1235.3721263711368
Muslo Entero;135;8;925.4235705495202
Pechuga Completa;135;8;1638.8683008202302
Ala Completa;135;8;386.70098625742685
Media Pechuga;135;8;2217.905059163234
Blanqueta;135;8;0.0
Alón;135;8;0.0
Punta;135;8;0.0
Jamoncito;135;8;961.4787297487248
Medio Muslo;135;8;1949.1773913132286
Entero;136;8;597.5572833432425
Medio Pollo;136;8;587.3081903138415
Medio Pollo Superior;136;8;651.8786444977158
Medio Pollo Inferior;136;8;731.5880403909529
Cuarto de Pollo Superior;136;8;1046.7203884493638
Muslo Entero;136;8;612.0493043015832
Pechuga Completa;136;8;1435.2103050458732
Ala Completa;136;8;810.1311858907351
Media Pechuga;136;8;1771.4632605719835
Blanqueta;136;8;0.0
Alón;136;8;0.0
Punta;136;8;0.0
Jamoncito;136;8;889.8407584204534
Medio Muslo;136;8;1499.9134099411688
Entero;137;8;510.28239159215923
Medio Pollo;137;8;638.8932326846337
Medio Pollo Superior;137;8;800.5508923847539
Medio Pollo Inferior;137;8;470.3738673451355
Cuarto de Pollo Superior;137;8;1098.300572093945
Muslo Entero;137;8;727.1892232577657
Pechuga Completa;137;8;1614.2367869350876
Ala Completa;137;8;672.5490799983106
Media Pechuga;137;8;1900.0391440180156
Blanqueta;137;8;0.0
Alón;137;8;0.0
Punta;137;8;0.0
Jamoncito;137;8;1031.1617565434046
Medio Muslo;137;8;1290.5591397849462
Entero;138;8;556.6942639746449
Medio Pollo;138;8;429.1345161799816
Medio Pollo Superior;138;8;543.1461970654557
Medio Pollo Inferior;138;8;995.4429622380206
Cuarto de Pollo Superior;138;8;1061.1162512146373
Muslo Entero;138;8;998.1469802498827
Pechuga Completa;138;8;1086.2741202958623
Ala Completa;138;8;424.0806070144608
Media Pechuga;138;8;2342.427705049693
Blanqueta;138;8;0.0
Alón;138;8;0.0
Punta;138;8;0.0
Jamoncito;138;8;813.3747928200697
Medio Muslo;138;8;1092.2006767059768
Entero;139;8;441.4489252032706
Medio Pollo;139;8;370.88314992047447
Medio Pollo Superior;139;8;909.2223371070687
Medio Pollo Inferior;139;8;599.6172543787131
Cuarto de Pollo Superior;139;8;1137.5591067360856
Muslo Entero;139;8;909.0754418458376
Pechuga Completa;139;8;1489.1648531134404
Ala Completa;139;8;740.0024413844335
Media Pechuga;139;8;1739.6026459812815
Blanqueta;139;8;-9.094947017729281e-13
Alón;139;8;-4.464792172339829e-13
Punta;139;8;-1.322901384396987e-13
Jamoncito;139;8;1215.1656747503166
Medio Muslo;139;8;1018.9738354787513
Entero;140;8;540.0017294302608
Medio Pollo;140;8;673.933423081456
Medio Pollo Superior;140;8;801.8258331042625
Medio Pollo Inferior;140;8;608.5584462433471
Cuarto de Pollo Superior;140;8;711.9846276089903
Muslo Entero;140;8;819.9986076252143
Pechuga Completa;140;8;1354.6659516751697
Ala Completa;140;8;504.98845392080614
Media Pechuga;140;8;1776.8843685929767
Blanqueta;140;8;-9.094947017729281e-13
Alón;140;8;-4.464792172339829e-13
Punta;140;8;-1.322901384396987e-13
Jamoncito;140;8;1080.069350723583
Medio Muslo;140;8;1295.2187453001563
Entero;141;8;321.2602310774933
Medio Pollo;141;8;588.0316490853056
Medio Pollo Superior;141;8;952.1936278766373
Medio Pollo Inferior;141;8;952.3117673891206
Cuarto de Pollo Superior;141;8;678.7047228811557
Muslo Entero;141;8;718.8960687729938
Pechuga Completa;141;8;1293.944243453286
Ala Completa;141;8;436.74776521766864
Media Pechuga;141;8;1580.9543410843905
Blanqueta;141;8;-5.4569682106375694e-12
Alón;141;8;-2.6788753034038976e-12
Punta;141;8;-7.937408306381918e-13
Jamoncito;141;8;625.1524049129039
Medio Muslo;141;8;1480.3157333791744
Entero;142;8;609.9387962299818
Medio Pollo;142;8;663.0845526761503
Medio Pollo Superior;142;8;597.7317223465045
Medio Pollo Inferior;142;8;868.7856188068552
Cuarto de Pollo Superior;142;8;1211.987344235279
Muslo Entero;142;8;836.6102493047346
Pechuga Completa;142;8;1211.7262424804733
Ala Completa;142;8;816.9171404076782
Media Pechuga;142;8;1574.513637565813
Blanqueta;142;8;0.0
Alón;142;8;0.0
Punta;142;8;0.0
Jamoncito;142;8;691.289351737926
Medio Muslo;142;8;1868.0525517546484
Entero;143;8;575.5357262339766
Medio Pollo;143;8;372.15089531704325
Medio Pollo Superior;143;8;903.7795792346415
Medio Pollo Inferior;143;8;582.4629982209315
Cuarto de Pollo Superior;143;8;603.0049740652421
Muslo Entero;143;8;853.2964696124573
Pechuga Completa;143;8;1651.8162191440317
Ala Completa;143;8;408.197529532658
Media Pechuga;143;8;1655.8815241257637
Blanqueta;143;8;0.0
Alón;143;8;0.0
Punta;143;8;0.0
Jamoncito;143;8;1127.1104949409234
Medio Muslo;143;8;1867.281066010851
Entero;144;8;475.84989029897787
Medio Pollo;144;8;655.243150642471
Medio Pollo Superior;144;8;874.3129501330756
Medio Pollo Inferior;144;8;455.64736364514533
Cuarto de Pollo Superior;144;8;1125.790438395725
Muslo Entero;144;8;854.557086820766
Pechuga Completa;144;8;1294.316724021167
Ala Completa;144;8;533.4581477718413
Media Pechuga;144;8;1993.2094694188686
Blanqueta;144;8;0.0
Alón;144;8;0.0
Punta;144;8;0.0
Jamoncito;144;8;1042.0193786919228
Medio Muslo;144;8;1754.7382498040488
Entero;145;8;376.87156957520784
Medio Pollo;145;8;776.2690619786474
Medio Pollo Superior;145;8;771.5349340751221
Medio Pollo Inferior;145;8;920.4240814614767
Cuarto de Pollo Superior;145;8;1214.1424354293272
Muslo Entero;145;8;808.7088579914371
Pechuga Completa;145;8;863.1260914640538
Ala Completa;145;8;581.5222492461972
Media Pechuga;145;8;1397.6301135919489
Blanqueta;145;8;0.0
Alón;145;8;0.0
Punta;145;8;0.0
Jamoncito;145;8;758.1076646858224
Medio Muslo;145;8;1284.4689634353172
Entero;146;8;495.01425645904203
Medio Pollo;146;8;432.49130563800446
Medio Pollo Superior;146;8;626.7547803658842
Medio Pollo Inferior;146;8;718.3409808595222
Cuarto de Pollo Superior;146;8;604.7091870387005
Muslo Entero;146;8;975.6002857105889
Pechuga Completa;146;8;1643.5172323089366
Ala Completa;146;8;376.3491628092468
Media Pechuga;146;8;1135.5304053148013
Blanqueta;146;8;0.0
Alón;146;8;0.0
Punta;146;8;0.0
Jamoncito;146;8;940.9312410586261
Medio Muslo;146;8;1469.8843722994022
Entero;147;8;528.0380487196464
Medio Pollo;147;8;401.52181432702406
Medio Pollo Superior;147;8;832.1632319066373
Medio Pollo Inferior;147;8;499.99017315088594
Cuarto de Pollo Superior;147;8;806.0526111596621
Muslo Entero;147;8;1131.7986775552154
Pechuga Completa;147;8;1247.4724232021783
Ala Completa;147;8;824.0124499105217
Media Pechuga;147;8;1882.4907693192235
Blanqueta;147;8;0.0
Alón;147;8;0.0
Punta;147;8;0.0
Jamoncito;147;8;679.6513127931855
Medio Muslo;147;8;2074.6909605547635
Entero;148;8;415.09083384963725
Medio Pollo;148;8;577.7178180561549
Medio Pollo Superior;148;8;825.1325865479632
Medio Pollo Inferior;148;8;490.55914461013685
Cuarto de Pollo Superior;148;8;767.589728070207
Muslo Entero;148;8;917.9275856611307
Pechuga Completa;148;8;952.3452505724216
Ala Completa;148;8;844.5567446849604
Media Pechuga;148;8;1105.3409865954382
Blanqueta;148;8;-2.7284841053187847e-12
Alón;148;8;-1.3394376517019488e-12
Punta;148;8;-3.9687041531909594e-13
Jamoncito;148;8;1120.5313028443557
Medio Muslo;148;8;1498.832439726017
Entero;149;8;347.5634262933923
Medio Pollo;149;8;346.15364105066817
Medio Pollo Superior;149;8;595.562035376188
Medio Pollo Inferior;149;8;650.4955701136101
Cuarto de Pollo Superior;149;8;716.5373974233062
Muslo Entero;149;8;640.3891704658963
Pechuga Completa;149;8;961.2292761760287
Ala Completa;149;8;579.4863180203046
Media Pechuga;149;8;2033.323270327038
Blanqueta;149;8;0.0
Alón;149;8;0.0
Punta;149;8;0.0
Jamoncito;149;8;515.5083798670694
Medio Muslo;149;8;1490.6542335079027
Entero;150;8;356.1573615057793
Medio Pollo;150;8;770.6552316918252
Medio Pollo Superior;150;8;749.7215474543916
Medio Pollo Inferior;150;8;635.924956972223
Cuarto de Pollo Superior;150;8;670.5132231783796
Muslo Entero;150;8;729.9007520856239
Pechuga Completa;150;8;1779.6284833802247
Ala Completa;150;8;753.0689892196592
Media Pechuga;150;8;2367.2765644670662
Blanqueta;150;8;0.0
Alón;150;8;0.0
Punta;150;8;0.0
Jamoncito;150;8;889.6229200819572
Medio Muslo;150;8;1610.989247311828
Entero;151;8;579.9884287141857
Medio Pollo;151;8;686.358452172303
Medio Pollo Superior;151;8;1071.4416133239044
Medio Pollo Inferior;151;8;645.220508236198
Cuarto de Pollo Superior;151;8;689.9514077727755
Muslo Entero;151;8;915.47922477231
Pechuga Completa;151;8;1732.9783067858468
Ala Completa;151;8;419.8810566995502
Media Pechuga;151;8;1095.3110988240524
Blanqueta;151;8;0.0
Alón;151;8;0.0
Punta;151;8;0.0
Jamoncito;151;8;982.1377169410907
Medio Muslo;151;8;1216.2994135300137
Entero;152;8;319.4842154080913
Medio Pollo;152;8;533.279540707891
Medio Pollo Superior;152;8;1067.9865546428528
Medio Pollo Inferior;152;8;861.8506590645022
Cuarto de Pollo Superior;152;8;1069.469559703146
Muslo Entero;152;8;1212.4313503837022
Pechuga Completa;152;8;1813.0396267818626
Ala Completa;152;8;688.6443181198459
Media Pechuga;152;8;2308.7493767980613
Blanqueta;152;8;0.0
Alón;152;8;0.0
Punta;152;8;0.0
Jamoncito;152;8;533.924304740868
Medio Muslo;152;8;1264.9513722389488
Entero;153;8;341.740645102553
Medio Pollo;153;8;471.7011651161783
Medio Pollo Superior;153;8;622.9563763203598
Medio Pollo Inferior;153;8;416.6550161638798
Cuarto de Pollo Superior;153;8;971.27525822286
Muslo Entero;153;8;977.4104093467696
Pechuga Completa;153;8;1226.3631613302643
Ala Completa;153;8;625.4862102864325
Media Pechuga;153;8;1345.427878601805
Blanqueta;153;8;0.0
Alón;153;8;0.0
Punta;153;8;0.0
Jamoncito;153;8;834.2106256972777
Medio Muslo;153;8;1134.1605533427874
Entero;154;8;585.1080690546074
Medio Pollo;154;8;603.7089460419861
Medio Pollo Superior;154;8;822.1290322580646
Medio Pollo Inferior;154;8;620.1551726697209
Cuarto de Pollo Superior;154;8;671.4403940906059
Muslo Entero;154;8;831.2802270551649
Pechuga Completa;154;8;872.5833066313522
Ala Completa;154;8;643.3872766132804
Media Pechuga;154;8;2136.185872792034
Blanqueta;154;8;0.0
Alón;154;8;0.0
Punta;154;8;0.0
Jamoncito;154;8;516.9994072827791
Medio Muslo;154;8;1244.7912927651487
Entero;155;8;634.0597080497946
Medio Pollo;155;8;730.2735968254675
Medio Pollo Superior;155;8;608.4725047392143
Medio Pollo Inferior;155;8;544.9311453373605
Cuarto de Pollo Superior;155;8;1378.1858591667992
Muslo Entero;155;8;893.1784682189287
Pechuga Completa;155;8;1749.3001727031285
Ala Completa;155;8;396.89288965843406
Media Pechuga;155;8;1770.1290322580644
Blanqueta;155;8;0.0
Alón;155;8;0.0
Punta;155;8;0.0
Jamoncito;155;8;842.6670206223727
Medio Muslo;155;8;900.9483545521917
Entero;156;8;430.8360939845149
Medio Pollo;156;8;477.8694263981107
Medio Pollo Superior;156;8;689.8495080207703
Medio Pollo Inferior;156;8;889.4944025970789
Cuarto de Pollo Superior;156;8;620.1570583910545
Muslo Entero;156;8;837.8532392107028
Pechuga Completa;156;8;1649.3136833134315
Ala Completa;156;8;648.4572809852522
Media Pechuga;156;8;2307.949332935897
Blanqueta;156;8;0.0
Alón;156;8;0.0
Punta;156;8;0.0
Jamoncito;156;8;1059.9183499872265
Medio Muslo;156;8;1167.0535462402413
Entero;157;8;346.6421827085645
Medio Pollo;157;8;430.65895176254907
Medio Pollo Superior;157;8;857.7088478409896
Medio Pollo Inferior;157;8;782.9606150379326
Cuarto de Pollo Superior;157;8;1316.697145193721
Muslo Entero;157;8;1034.233429398113
Pechuga Completa;157;8;1367.7668041248369
Ala Completa;157;8;550.0132890055972
Media Pechuga;157;8;1783.4167865640302
Blanqueta;157;8;0.0
Alón;157;8;0.0
Punta;157;8;0.0
Jamoncito;157;8;830.0547487861479
Medio Muslo;157;8;2011.8540891127789
Entero;158;8;508.8983928907283
Medio Pollo;158;8;566.8766545434364
Medio Pollo Superior;158;8;825.3564149366073
Medio Pollo Inferior;158;8;604.0145510554855
Cuarto de Pollo Superior;158;8;1329.0459072904775
Muslo Entero;158;8;710.6247296774873
Pechuga Completa;158;8;1066.499563746273
Ala Completa;158;8;519.2727426496236
Media Pechuga;158;8;2003.362101416199
Blanqueta;158;8;0.0
Alón;158;8;0.0
Punta;158;8;0.0
Jamoncito;158;8;1155.5074713628676
Medio Muslo;158;8;1468.7815220406992
Entero;159;8;534.5610759832581
Medio Pollo;159;8;622.0908430889887
Medio Pollo Superior;159;8;1087.7082734363842
Medio Pollo Inferior;159;8;584.5917393199775
Cuarto de Pollo Superior;159;8;1182.9388528559705
Muslo Entero;159;8;1118.7622509654939
Pechuga Completa;159;8;1101.4262286041192
Ala Completa;159;8;461.2014310460336
Media Pechuga;159;8;986.755650051616
Blanqueta;159;8;0.0
Alón;159;8;0.0
Punta;159;8;0.0
Jamoncito;159;8;976.7658878308943
Medio Muslo;159;8;1359.0743735130727
Entero;160;8;440.2869642083543
Medio Pollo;160;8;553.7854456282314
Medio Pollo Superior;160;8;532.6341992364715
Medio Pollo Inferior;160;8;906.9230798476289
Cuarto de Pollo Superior;160;8;1121.7463345705696
Muslo Entero;160;8;740.9814294510006
Pechuga Completa;160;8;1015.0237107869659
Ala Completa;160;8;525.8131875555705
Media Pechuga;160;8;1334.8233435601517
Blanqueta;160;8;0.0
Alón;160;8;0.0
Punta;160;8;0.0
Jamoncito;160;8;1059.6207377045453
Medio Muslo;160;8;1922.557564885598
Entero;161;8;461.8418446530267
Medio Pollo;161;8;659.1844396321833
Medio Pollo Superior;161;8;1112.4627606992003
Medio Pollo Inferior;161;8;725.8172870859825
Cuarto de Pollo Superior;161;8;1346.3525038858213
Muslo Entero;161;8;953.3917617291862
Pechuga Completa;161;8;1289.658206139283
Ala Completa;161;8;762.3678687164934
Media Pechuga;161;8;2111.456813739775
Blanqueta;161;8;0.0
Alón;161;8;0.0
Punta;161;8;0.0
Jamoncito;161;8;771.6666666666667
Medio Muslo;161;8;1547.8599353415357
Entero;162;8;585.3611730676844
Medio Pollo;162;8;343.04706096997165
Medio Pollo Superior;162;8;549.7975187899558
Medio Pollo Inferior;162;8;931.583972512092
Cuarto de Pollo Superior;162;8;764.3412997408701
Muslo Entero;162;8;1122.373079537296
Pechuga Completa;162;8;1287.2525574800288
Ala Completa;162;8;837.4865076030072
Media Pechuga;162;8;1466.0548333402228
Blanqueta;162;8;0.0
Alón;162;8;0.0
Punta;162;8;0.0
Jamoncito;162;8;831.1290322580645
Medio Muslo;162;8;887.3303500166575
Entero;163;8;528.4557097595416
Medio Pollo;163;8;338.22882115279435
Medio Pollo Superior;163;8;597.576096786744
Medio Pollo Inferior;163;8;568.2960039639919
Cuarto de Pollo Superior;163;8;751.4126984015603
Muslo Entero;163;8;832.6599032308749
Pechuga Completa;163;8;1343.1505463265655
Ala Completa;163;8;729.4719821591896
Media Pechuga;163;8;1066.646547714145
Blanqueta;163;8;0.0
Alón;163;8;0.0
Punta;163;8;0.0
Jamoncito;163;8;849.1935483870968
Medio Muslo;163;8;1929.4263911975213
Entero;164;8;425.88640355309525
Medio Pollo;164;8;762.7296743519494
Medio Pollo Superior;164;8;1002.6790624339394
Medio Pollo Inferior;164;8;792.1590184674869
Cuarto de Pollo Superior;164;8;759.7759096607405
Muslo Entero;164;8;991.7602518934058
Pechuga Completa;164;8;1414.4440446273684
Ala Completa;164;8;550.913341138892
Media Pechuga;164;8;1594.1695033518781
Blanqueta;164;8;0.0
Alón;164;8;0.0
Punta;164;8;0.0
Jamoncito;164;8;915.1290322580646
Medio Muslo;164;8;1452.9170229543417
Entero;165;8;356.3484600982888
Medio Pollo;165;8;725.8068629112223
Medio Pollo Superior;165;8;687.8051742903548
Medio Pollo Inferior;165;8;814.166301476114
Cuarto de Pollo Superior;165;8;1337.1548833262018
Muslo Entero;165;8;909.758064516129
Pechuga Completa;165;8;1086.726214462517
Ala Completa;165;8;692.950510538003
Media Pechuga;165;8;2054.240423900262
Blanqueta;165;8;0.0
Alón;165;8;0.0
Punta;165;8;0.0
Jamoncito;165;8;771.6666666666667
Medio Muslo;165;8;1260.535612804062
Entero;166;8;494.45522970067725
Medio Pollo;166;8;496.31752788076835
Medio Pollo Superior;166;8;1087.1984350915156
Medio Pollo Inferior;166;8;414.90713459672594
Cuarto de Pollo Superior;166;8;1270.9249253087642
Muslo Entero;166;8;535.2474036034829
Pechuga Completa;166;8;1217.828969629595
Ala Completa;166;8;743.8551015884336
Media Pechuga;166;8;1841.2113029708623
Blanqueta;166;8;0.0
Alón;166;8;0.0
Punta;166;8;0.0
Jamoncito;166;8;902.0322580645162
Medio Muslo;166;8;1650.8616369023848
Entero;167;8;391.97739230169486
Medio Pollo;167;8;622.6394617217057
Medio Pollo Superior;167;8;648.1009772789383
Medio Pollo Inferior;167;8;463.5383920164013
Cuarto de Pollo Superior;167;8;1113.40882088147
Muslo Entero;167;8;615.3310764223586
Pechuga Completa;167;8;1798.1607425848686
Ala Completa;167;8;668.328405540899
Media Pechuga;167;8;1911.4623260653389
Blanqueta;167;8;0.0
Alón;167;8;0.0
Punta;167;8;0.0
Jamoncito;167;8;789.5806451612904
Medio Muslo;167;8;2009.7508015389926
Entero;168;8;331.8916325898521
Medio Pollo;168;8;568.8588632281837
Medio Pollo Superior;168;8;805.5370512296333
Medio Pollo Inferior;168;8;575.1388708288674
Cuarto de Pollo Superior;168;8;1163.5872571700454
Muslo Entero;168;8;857.6111512280114
Pechuga Completa;168;8;1318.4333566302223
Ala Completa;168;8;413.94567137046124
Media Pechuga;168;8;1889.0336939564104
Blanqueta;168;8;0.0
Alón;168;8;0.0
Punta;168;8;0.0
Jamoncito;168;8;845.8817204301076
Medio Muslo;168;8;884.1971993989282
Entero;1;9;276.24530822228905
Medio Pollo;1;9;383.55434343452583
Medio Pollo Superior;1;9;503.1797867403048
Medio Pollo Inferior;1;9;666.7741935483817
Cuarto de Pollo Superior;1;9;946.602762377889
Muslo Entero;1;9;734.4851538086804
Pechuga Completa;1;9;836.022221353798
Ala Completa;1;9;595.3548387097569
Media Pechuga;1;9;1648.0967741935422
Blanqueta;1;9;0.0
Alón;1;9;0.0
Punta;1;9;0.0
Jamoncito;1;9;814.8602150537635
Medio Muslo;1;9;1068.1546124542178
Entero;2;9;441.04838903440833
Medio Pollo;2;9;392.3710517568763
Medio Pollo Superior;2;9;842.7043353822478
Medio Pollo Inferior;2;9;575.8674986760768
Cuarto de Pollo Superior;2;9;994.6553021382401
Muslo Entero;2;9;717.1738497721068
Pechuga Completa;2;9;1606.5921711163853
Ala Completa;2;9;624.3548387097571
Media Pechuga;2;9;1131.7160967685554
Blanqueta;2;9;0.0
Alón;2;9;0.0
Punta;2;9;0.0
Jamoncito;2;9;839.8602150538065
Medio Muslo;2;9;937.2521459464045
Entero;3;9;538.7063027408369
Medio Pollo;3;9;465.14212174996163
Medio Pollo Superior;3;9;754.703597678263
Medio Pollo Inferior;3;9;561.399703354356
Cuarto de Pollo Superior;3;9;682.4050560708278
Muslo Entero;3;9;896.8738672601346
Pechuga Completa;3;9;1627.5715057455945
Ala Completa;3;9;410.08082387562905
Media Pechuga;3;9;1828.5287827687432
Blanqueta;3;9;2.4820535150182677e-12
Alón;3;9;3.6371416142664306e-12
Punta;3;9;3.631799312855623e-12
Jamoncito;3;9;736.6477034351597
Medio Muslo;3;9;1143.7946781602393
Entero;4;9;382.2862236764023
Medio Pollo;4;9;387.70432295620475
Medio Pollo Superior;4;9;677.5760923846448
Medio Pollo Inferior;4;9;460.69335136696134
Cuarto de Pollo Superior;4;9;667.947720705184
Muslo Entero;4;9;751.4321592471128
Pechuga Completa;4;9;1411.6761061258223
Ala Completa;4;9;511.4735391086966
Media Pechuga;4;9;1755.585088427244
Blanqueta;4;9;1.1247918538051818e-12
Alón;4;9;3.15833174916252e-12
Punta;4;9;0.0
Jamoncito;4;9;943.0727266723252
Medio Muslo;4;9;1541.760034219762
Entero;5;9;313.3880026472099
Medio Pollo;5;9;361.60223551287953
Medio Pollo Superior;5;9;881.3017350077937
Medio Pollo Inferior;5;9;604.5497033291778
Cuarto de Pollo Superior;5;9;980.9188778843923
Muslo Entero;5;9;954.9765746653848
Pechuga Completa;5;9;1240.397333515164
Ala Completa;5;9;531.5877548608466
Media Pechuga;5;9;1766.8650970884116
Blanqueta;5;9;2.4779924425885952e-12
Alón;5;9;2.5540084265557852e-12
Punta;5;9;0.0
Jamoncito;5;9;839.8602150537635
Medio Muslo;5;9;1204.947564115846
Entero;6;9;414.2461709617973
Medio Pollo;6;9;415.5700081957393
Medio Pollo Superior;6;9;697.6131630545103
Medio Pollo Inferior;6;9;736.7217164940002
Cuarto de Pollo Superior;6;9;752.9089302632225
Muslo Entero;6;9;1110.2007178689744
Pechuga Completa;6;9;1543.805178273512
Ala Completa;6;9;581.6359489345963
Media Pechuga;6;9;1567.2474834575028
Blanqueta;6;9;2.4346993783261556e-12
Alón;6;9;2.9078408909029935e-12
Punta;6;9;0.0
Jamoncito;6;9;839.8602150537849
Medio Muslo;6;9;1069.4950364846698
Entero;7;9;486.7108715709828
Medio Pollo;7;9;370.7083991068996
Medio Pollo Superior;7;9;451.9117539739443
Medio Pollo Inferior;7;9;471.96088903807475
Cuarto de Pollo Superior;7;9;601.0806820346893
Muslo Entero;7;9;866.9494246872537
Pechuga Completa;7;9;1386.677419355045
Ala Completa;7;9;449.8664079566262
Media Pechuga;7;9;2068.1400196559434
Blanqueta;7;9;1.187008541275234e-12
Alón;7;9;0.0
Punta;7;9;0.0
Jamoncito;7;9;627.3076646518629
Medio Muslo;7;9;1624.7450087237291
Entero;8;9;353.322995818092
Medio Pollo;8;9;329.7716190820321
Medio Pollo Superior;8;9;899.9245727002857
Medio Pollo Inferior;8;9;623.9114400561133
Cuarto de Pollo Superior;8;9;896.496903342203
Muslo Entero;8;9;985.5237906906494
Pechuga Completa;8;9;1386.6774193549768
Ala Completa;8;9;541.3965885797982
Media Pechuga;8;9;1722.6034584554889
Blanqueta;8;9;1.302800897996694e-12
Alón;8;9;0.0
Punta;8;9;0.0
Jamoncito;8;9;598.4524617540595
Medio Muslo;8;9;1364.3745492385085
Entero;9;9;549.3449737193378
Medio Pollo;9;9;438.9441399101178
Medio Pollo Superior;9;9;952.42267794862
Medio Pollo Inferior;9;9;576.4484414280422
Cuarto de Pollo Superior;9;9;670.9289090311398
Muslo Entero;9;9;653.0248673031942
Pechuga Completa;9;9;1386.6774193551153
Ala Completa;9;9;691.0522994522128
Media Pechuga;9;9;1848.0881669269995
Blanqueta;9;9;1.8178096731866457e-12
Alón;9;9;0.0
Punta;9;9;0.0
Jamoncito;9;9;904.1789207340776
Medio Muslo;9;9;1727.2334466548864
Entero;10;9;380.37756014927663
Medio Pollo;10;9;714.3395049319009
Medio Pollo Superior;10;9;730.2423060841916
Medio Pollo Inferior;10;9;880.2394074357305
Cuarto de Pollo Superior;10;9;1177.1671607776768
Muslo Entero;10;9;677.016307321534
Pechuga Completa;10;9;1386.6774193550452
Ala Completa;10;9;775.379268308183
Media Pechuga;10;9;1711.0967741936804
Blanqueta;10;9;0.0
Alón;10;9;0.0
Punta;10;9;0.0
Jamoncito;10;9;524.1383506476827
Medio Muslo;10;9;1634.5692913611865
Entero;11;9;488.32320145032526
Medio Pollo;11;9;478.28917772274997
Medio Pollo Superior;11;9;815.9034609471612
Medio Pollo Inferior;11;9;459.75447608735504
Cuarto de Pollo Superior;11;9;656.4231336575178
Muslo Entero;11;9;674.3590399636455
Pechuga Completa;11;9;1177.398374866142
Ala Completa;11;9;718.387104827305
Media Pechuga;11;9;1165.4864149757925
Blanqueta;11;9;0.0
Alón;11;9;0.0
Punta;11;9;0.0
Jamoncito;11;9;998.8639787899396
Medio Muslo;11;9;1001.7523505644407
Entero;12;9;368.5044098729462
Medio Pollo;12;9;428.19843159790764
Medio Pollo Superior;12;9;647.3057444196515
Medio Pollo Inferior;12;9;485.6337429305314
Cuarto de Pollo Superior;12;9;848.3050429924303
Muslo Entero;12;9;792.6542986954174
Pechuga Completa;12;9;1202.1908486739449
Ala Completa;12;9;670.4005306905158
Media Pechuga;12;9;1703.728707073291
Blanqueta;12;9;0.0
Alón;12;9;0.0
Punta;12;9;0.0
Jamoncito;12;9;591.9233839812304
Medio Muslo;12;9;1213.1962613815285
Entero;13;9;292.0556837145395
Medio Pollo;13;9;347.5632763185989
Medio Pollo Superior;13;9;1010.7591607751591
Medio Pollo Inferior;13;9;669.2433427687399
Cuarto de Pollo Superior;13;9;1104.4167216841035
Muslo Entero;13;9;1179.9737008926134
Pechuga Completa;13;9;1276.3973298895614
Ala Completa;13;9;832.7963137902658
Media Pechuga;13;9;2042.9313095322748
Blanqueta;13;9;0.0
Alón;13;9;0.0
Punta;13;9;0.0
Jamoncito;13;9;685.7158439086454
Medio Muslo;13;9;1626.2212288155135
Entero;14;9;458.2354106699463
Medio Pollo;14;9;707.9769901896581
Medio Pollo Superior;14;9;732.7517394007964
Medio Pollo Inferior;14;9;804.8239316322828
Cuarto de Pollo Superior;14;9;967.0665341888191
Muslo Entero;14;9;1033.2262128455645
Pechuga Completa;14;9;1806.0339400602452
Ala Completa;14;9;435.93922590159184
Media Pechuga;14;9;1776.8805309949746
Blanqueta;14;9;0.0
Alón;14;9;0.0
Punta;14;9;0.0
Jamoncito;14;9;621.2090636325362
Medio Muslo;14;9;1390.7506285195875
Entero;15;9;512.6142823175338
Medio Pollo;15;9;493.04831985380156
Medio Pollo Superior;15;9;788.4095509217852
Medio Pollo Inferior;15;9;569.7958300937922
Cuarto de Pollo Superior;15;9;1148.5777822519424
Muslo Entero;15;9;931.1114017317648
Pechuga Completa;15;9;1471.366603285338
Ala Completa;15;9;655.3414640706719
Media Pechuga;15;9;1741.887975592617
Blanqueta;15;9;0.0
Alón;15;9;0.0
Punta;15;9;0.0
Jamoncito;15;9;884.4245338176491
Medio Muslo;15;9;1695.933496658214
Entero;16;9;473.59021342091194
Medio Pollo;16;9;518.6240738768512
Medio Pollo Superior;16;9;760.5806451612908
Medio Pollo Inferior;16;9;752.685999041803
Cuarto de Pollo Superior;16;9;649.6513674658797
Muslo Entero;16;9;1140.340068403995
Pechuga Completa;16;9;1386.6774193550455
Ala Completa;16;9;475.2543869803264
Media Pechuga;16;9;1651.0456102732066
Blanqueta;16;9;0.0
Alón;16;9;0.0
Punta;16;9;0.0
Jamoncito;16;9;970.5122890154013
Medio Muslo;16;9;1063.8226168028818
Entero;17;9;420.99999999918083
Medio Pollo;17;9;383.4054832660672
Medio Pollo Superior;17;9;636.5545107997383
Medio Pollo Inferior;17;9;400.85231824410425
Cuarto de Pollo Superior;17;9;1286.1139961084123
Muslo Entero;17;9;755.9768002075461
Pechuga Completa;17;9;1287.972228181562
Ala Completa;17;9;470.1069732760773
Media Pechuga;17;9;1367.7273974667576
Blanqueta;17;9;0.0
Alón;17;9;0.0
Punta;17;9;0.0
Jamoncito;17;9;1126.7405101380677
Medio Muslo;17;9;1213.2514694261488
Entero;18;9;414.9736223185975
Medio Pollo;18;9;395.96648473198866
Medio Pollo Superior;18;9;884.6067795228433
Medio Pollo Inferior;18;9;547.2854957198243
Cuarto de Pollo Superior;18;9;849.7788335404271
Muslo Entero;18;9;1020.9407538051553
Pechuga Completa;18;9;1485.3826105285304
Ala Completa;18;9;656.2019521441629
Media Pechuga;18;9;1701.8834492259848
Blanqueta;18;9;0.0
Alón;18;9;0.0
Punta;18;9;0.0
Jamoncito;18;9;1045.3645822285268
Medio Muslo;18;9;1072.0213689428324
Entero;19;9;321.69419956615394
Medio Pollo;19;9;322.95520584532795
Medio Pollo Superior;19;9;760.5806451612908
Medio Pollo Inferior;19;9;814.0210032323303
Cuarto de Pollo Superior;19;9;1333.4797511764154
Muslo Entero;19;9;743.2572764913932
Pechuga Completa;19;9;1314.1212408579051
Ala Completa;19;9;591.5879782261362
Media Pechuga;19;9;1770.1257388132726
Blanqueta;19;9;0.0
Alón;19;9;0.0
Punta;19;9;0.0
Jamoncito;19;9;720.1861262479202
Medio Muslo;19;9;940.0009763962223
Entero;20;9;526.3321781127836
Medio Pollo;20;9;600.2484124334134
Medio Pollo Superior;20;9;760.5806451612908
Medio Pollo Inferior;20;9;468.23301766414
Cuarto de Pollo Superior;20;9;593.3064818442977
Muslo Entero;20;9;1170.179733191294
Pechuga Completa;20;9;1459.2335978521837
Ala Completa;20;9;665.9743754555732
Media Pechuga;20;9;1899.9488797621639
Blanqueta;20;9;0.0
Alón;20;9;0.0
Punta;20;9;0.0
Jamoncito;20;9;955.2256494543782
Medio Muslo;20;9;1020.0819676977534
Entero;21;9;420.9999999991804
Medio Pollo;21;9;354.30487119586223
Medio Pollo Superior;21;9;760.5806451612908
Medio Pollo Inferior;21;9;673.0248018461302
Cuarto de Pollo Superior;21;9;991.5093633018116
Muslo Entero;21;9;646.3836110435609
Pechuga Completa;21;9;1149.1559973240048
Ala Completa;21;9;399.2531547251322
Media Pechuga;21;9;989.2901852347347
Blanqueta;21;9;0.0
Alón;21;9;0.0
Punta;21;9;0.0
Jamoncito;21;9;926.4985083537563
Medio Muslo;21;9;2001.7479284520366
Entero;22;9;340.9297557010001
Medio Pollo;22;9;738.1129933152389
Medio Pollo Superior;22;9;797.1612903225807
Medio Pollo Inferior;22;9;852.7288521521997
Cuarto de Pollo Superior;22;9;662.5929019077809
Muslo Entero;22;9;1253.258829950029
Pechuga Completa;22;9;927.8086995635964
Ala Completa;22;9;483.39436628586515
Media Pechuga;22;9;1076.4495620675284
Blanqueta;22;9;-9.094947017729282e-12
Alón;22;9;-4.4647921723398304e-12
Punta;22;9;-1.3229013843969866e-12
Jamoncito;22;9;959.5446000658295
Medio Muslo;22;9;1028.5360235226012
Entero;23;9;646.36509511271
Medio Pollo;23;9;451.62956815239437
Medio Pollo Superior;23;9;523.9051488359677
Medio Pollo Inferior;23;9;770.6038047386005
Cuarto de Pollo Superior;23;9;1209.7897923979592
Muslo Entero;23;9;928.6009149977479
Pechuga Completa;23;9;849.0343468296785
Ala Completa;23;9;592.1733239587601
Media Pechuga;23;9;1495.4345707395794
Blanqueta;23;9;0.0
Alón;23;9;0.0
Punta;23;9;0.0
Jamoncito;23;9;637.1706012756903
Medio Muslo;23;9;2132.456298066627
Entero;24;9;364.503432304644
Medio Pollo;24;9;647.0592686609987
Medio Pollo Superior;24;9;1081.166303839375
Medio Pollo Inferior;24;9;492.5350638526946
Cuarto de Pollo Superior;24;9;1081.6494523995023
Muslo Entero;24;9;744.741935483871
Pechuga Completa;24;9;1597.8281198050245
Ala Completa;24;9;482.4850356979557
Media Pechuga;24;9;1712.21601297662
Blanqueta;24;9;0.0
Alón;24;9;0.0
Punta;24;9;0.0
Jamoncito;24;9;736.186232331475
Medio Muslo;24;9;1951.1483078944923
Entero;25;9;555.0329967432214
Medio Pollo;25;9;589.8465633749371
Medio Pollo Superior;25;9;545.9274511601633
Medio Pollo Inferior;25;9;528.9614140990006
Cuarto de Pollo Superior;25;9;792.9994902439288
Muslo Entero;25;9;873.0004866789359
Pechuga Completa;25;9;1382.6795580269757
Ala Completa;25;9;820.2068903993087
Media Pechuga;25;9;1124.2571425324825
Blanqueta;25;9;0.0
Alón;25;9;0.0
Punta;25;9;0.0
Jamoncito;25;9;823.5116304997205
Medio Muslo;25;9;1918.0135703158267
Entero;26;9;403.6623059300484
Medio Pollo;26;9;768.340905497248
Medio Pollo Superior;26;9;531.6464480289595
Medio Pollo Inferior;26;9;692.3685510386457
Cuarto de Pollo Superior;26;9;683.3647944244152
Muslo Entero;26;9;759.2028224692693
Pechuga Completa;26;9;866.3256861472952
Ala Completa;26;9;519.1388003871418
Media Pechuga;26;9;1220.7482960927928
Blanqueta;26;9;0.0
Alón;26;9;0.0
Punta;26;9;0.0
Jamoncito;26;9;802.9338320518597
Medio Muslo;26;9;1771.2759615564755
Entero;27;9;309.2330038796867
Medio Pollo;27;9;442.36957333567926
Medio Pollo Superior;27;9;726.949317634501
Medio Pollo Inferior;27;9;492.7576562255173
Cuarto de Pollo Superior;27;9;989.0720391685362
Muslo Entero;27;9;1090.117719532284
Pechuga Completa;27;9;1030.7926637929068
Ala Completa;27;9;625.1445983829238
Media Pechuga;27;9;1834.3703835190292
Blanqueta;27;9;0.0
Alón;27;9;0.0
Punta;27;9;0.0
Jamoncito;27;9;757.9286618087616
Medio Muslo;27;9;1156.7964674702762
Entero;28;9;641.3672130410399
Medio Pollo;28;9;514.1440192834083
Medio Pollo Superior;28;9;826.4765541401209
Medio Pollo Inferior;28;9;784.8132905392453
Cuarto de Pollo Superior;28;9;1064.0830911843113
Muslo Entero;28;9;1078.1705288565058
Pechuga Completa;28;9;1381.696214909892
Ala Completa;28;9;758.2340499432152
Media Pechuga;28;9;1925.4957967420794
Blanqueta;28;9;0.0
Alón;28;9;0.0
Punta;28;9;0.0
Jamoncito;28;9;1059.6631917685838
Medio Muslo;28;9;1984.5139832127645
Entero;29;9;381.34363366958314
Medio Pollo;29;9;584.2086347150337
Medio Pollo Superior;29;9;1071.1849272881173
Medio Pollo Inferior;29;9;966.5715089811374
Cuarto de Pollo Superior;29;9;1129.344099378891
Muslo Entero;29;9;651.6731296028138
Pechuga Completa;29;9;925.8942112841902
Ala Completa;29;9;537.2043108852066
Media Pechuga;29;9;1888.6726762975566
Blanqueta;29;9;0.0
Alón;29;9;0.0
Punta;29;9;0.0
Jamoncito;29;9;601.5254757449895
Medio Muslo;29;9;1959.6183578768528
Entero;30;9;468.81620837707254
Medio Pollo;30;9;592.0
Medio Pollo Superior;30;9;468.1606033672326
Medio Pollo Inferior;30;9;1006.0966413769223
Cuarto de Pollo Superior;30;9;993.1980028314249
Muslo Entero;30;9;1238.4215101195175
Pechuga Completa;30;9;1480.0393563254602
Ala Completa;30;9;423.84751438399024
Media Pechuga;30;9;2216.1467606612405
Blanqueta;30;9;0.0
Alón;30;9;0.0
Punta;30;9;0.0
Jamoncito;30;9;704.6630752051076
Medio Muslo;30;9;1346.3185702692822
Entero;31;9;300.3319692325557
Medio Pollo;31;9;445.5525066369538
Medio Pollo Superior;31;9;966.8776423759471
Medio Pollo Inferior;31;9;490.55314174963524
Cuarto de Pollo Superior;31;9;1195.7871480315775
Muslo Entero;31;9;570.2380055121893
Pechuga Completa;31;9;1833.5720938546153
Ala Completa;31;9;838.1872222841637
Media Pechuga;31;9;1209.6792195771566
Blanqueta;31;9;0.0
Alón;31;9;0.0
Punta;31;9;0.0
Jamoncito;31;9;967.4603912740121
Medio Muslo;31;9;1236.4319350703008
Entero;32;9;457.4450326553554
Medio Pollo;32;9;574.1472628103422
Medio Pollo Superior;32;9;491.4313042056564
Medio Pollo Inferior;32;9;914.2811369452967
Cuarto de Pollo Superior;32;9;1007.2440951959677
Muslo Entero;32;9;671.0165846376241
Pechuga Completa;32;9;1596.6716627375838
Ala Completa;32;9;593.5026060767101
Media Pechuga;32;9;1806.7867923444978
Blanqueta;32;9;0.0
Alón;32;9;0.0
Punta;32;9;0.0
Jamoncito;32;9;571.4159121816335
Medio Muslo;32;9;1523.9365895806807
Entero;33;9;366.19058211621723
Medio Pollo;33;9;756.3002305544842
Medio Pollo Superior;33;9;679.9516194527026
Medio Pollo Inferior;33;9;647.6289727244709
Cuarto de Pollo Superior;33;9;969.4514604990615
Muslo Entero;33;9;917.8025395727395
Pechuga Completa;33;9;1864.1738663055407
Ala Completa;33;9;679.8634067869556
Media Pechuga;33;9;1444.204179441373
Blanqueta;33;9;0.0
Alón;33;9;0.0
Punta;33;9;0.0
Jamoncito;33;9;594.1237104502242
Medio Muslo;33;9;1009.0993000284333
Entero;34;9;333.6212923955542
Medio Pollo;34;9;592.0
Medio Pollo Superior;34;9;595.461905532716
Medio Pollo Inferior;34;9;951.9645769335195
Cuarto de Pollo Superior;34;9;811.5676093587851
Muslo Entero;34;9;700.1332538366887
Pechuga Completa;34;9;1377.8876652117226
Ala Completa;34;9;637.6863457690006
Media Pechuga;34;9;1484.82907430009
Blanqueta;34;9;0.0
Alón;34;9;0.0
Punta;34;9;0.0
Jamoncito;34;9;1076.8740419286758
Medio Muslo;34;9;2011.9659175925153
Entero;35;9;419.09264601786543
Medio Pollo;35;9;751.6523042318718
Medio Pollo Superior;35;9;1071.342707208241
Medio Pollo Inferior;35;9;607.7262118944924
Cuarto de Pollo Superior;35;9;636.6261671630309
Muslo Entero;35;9;988.9956194108908
Pechuga Completa;35;9;863.8489736103265
Ala Completa;35;9;428.6879244688945
Media Pechuga;35;9;1292.1892876809259
Blanqueta;35;9;0.0
Alón;35;9;0.0
Punta;35;9;0.0
Jamoncito;35;9;1042.8626704587386
Medio Muslo;35;9;1396.538191439012
Entero;36;9;495.5641711620373
Medio Pollo;36;9;426.83367393973907
Medio Pollo Superior;36;9;823.5763552935683
Medio Pollo Inferior;36;9;588.1711851017617
Cuarto de Pollo Superior;36;9;621.2920346543956
Muslo Entero;36;9;775.894669531696
Pechuga Completa;36;9;1870.45242053411
Ala Completa;36;9;419.6400958628899
Media Pechuga;36;9;1595.004276647966
Blanqueta;36;9;0.0
Alón;36;9;0.0
Punta;36;9;0.0
Jamoncito;36;9;863.9847166712575
Medio Muslo;36;9;1277.1434409825674
Entero;37;9;525.2673743477307
Medio Pollo;37;9;733.4511082456103
Medio Pollo Superior;37;9;595.5834230281748
Medio Pollo Inferior;37;9;972.6744486049729
Cuarto de Pollo Superior;37;9;1143.8214746381843
Muslo Entero;37;9;575.4474002771686
Pechuga Completa;37;9;1104.4642157163955
Ala Completa;37;9;736.6118638299795
Media Pechuga;37;9;2293.5903439200597
Blanqueta;37;9;-3.3072534609924654e-12
Alón;37;9;-1.6235607899417556e-12
Punta;37;9;-4.810550488716313e-13
Jamoncito;37;9;493.131029509135
Medio Muslo;37;9;1084.1108123498848
Entero;38;9;593.7335730855747
Medio Pollo;38;9;510.66080838107916
Medio Pollo Superior;38;9;987.136216008598
Medio Pollo Inferior;38;9;753.0676446504123
Cuarto de Pollo Superior;38;9;1224.5336522147481
Muslo Entero;38;9;1138.9120669164013
Pechuga Completa;38;9;1764.642679969538
Ala Completa;38;9;599.5028228988133
Media Pechuga;38;9;2081.037530509166
Blanqueta;38;9;0.0
Alón;38;9;0.0
Punta;38;9;0.0
Jamoncito;38;9;1091.724785348104
Medio Muslo;38;9;1976.107834549526
Entero;39;9;433.7013025233366
Medio Pollo;39;9;537.4021052016998
Medio Pollo Superior;39;9;606.7896796313697
Medio Pollo Inferior;39;9;974.9537974599499
Cuarto de Pollo Superior;39;9;1228.2862320668773
Muslo Entero;39;9;1120.614680730709
Pechuga Completa;39;9;1203.9144729753837
Ala Completa;39;9;663.7947721319255
Media Pechuga;39;9;1236.1635592279656
Blanqueta;39;9;0.0
Alón;39;9;0.0
Punta;39;9;0.0
Jamoncito;39;9;850.0149519522429
Medio Muslo;39;9;1385.8599643135658
Entero;40;9;625.0128522984598
Medio Pollo;40;9;592.0
Medio Pollo Superior;40;9;1007.6466948143235
Medio Pollo Inferior;40;9;507.0505193942977
Cuarto de Pollo Superior;40;9;814.8816076475374
Muslo Entero;40;9;703.9276387434352
Pechuga Completa;40;9;1309.156669688581
Ala Completa;40;9;470.27731033421776
Media Pechuga;40;9;1699.7961618587399
Blanqueta;40;9;0.0
Alón;40;9;0.0
Punta;40;9;0.0
Jamoncito;40;9;541.6037924538397
Medio Muslo;40;9;1920.0841378066584
Entero;41;9;626.191336217937
Medio Pollo;41;9;518.9669215134094
Medio Pollo Superior;41;9;823.8856094659058
Medio Pollo Inferior;41;9;556.9319080820701
Cuarto de Pollo Superior;41;9;1002.7124824603965
Muslo Entero;41;9;1258.687501784373
Pechuga Completa;41;9;1204.1973906071255
Ala Completa;41;9;730.0006452511758
Media Pechuga;41;9;1953.5182111516267
Blanqueta;41;9;0.0
Alón;41;9;0.0
Punta;41;9;0.0
Jamoncito;41;9;631.3512417598265
Medio Muslo;41;9;996.5181470097962
Entero;42;9;355.9474433028253
Medio Pollo;42;9;613.9559671624985
Medio Pollo Superior;42;9;804.9177858611656
Medio Pollo Inferior;42;9;672.4328155213809
Cuarto de Pollo Superior;42;9;1048.0190432357685
Muslo Entero;42;9;604.8308406463489
Pechuga Completa;42;9;838.4518904265238
Ala Completa;42;9;682.2671271478043
Media Pechuga;42;9;2097.6352480132946
Blanqueta;42;9;0.0
Alón;42;9;0.0
Punta;42;9;0.0
Jamoncito;42;9;771.1256960019388
Medio Muslo;42;9;1179.459080048955
Entero;43;9;517.5625538420758
Medio Pollo;43;9;523.7890645931922
Medio Pollo Superior;43;9;832.3060303937216
Medio Pollo Inferior;43;9;477.9610764072727
Cuarto de Pollo Superior;43;9;1210.6722628264074
Muslo Entero;43;9;878.0657190005021
Pechuga Completa;43;9;1311.764713337402
Ala Completa;43;9;453.39264352636604
Media Pechuga;43;9;1776.0969507544892
Blanqueta;43;9;0.0
Alón;43;9;0.0
Punta;43;9;0.0
Jamoncito;43;9;1083.5407364236532
Medio Muslo;43;9;1974.0643503765482
Entero;44;9;479.13636237437436
Medio Pollo;44;9;435.6239141824139
Medio Pollo Superior;44;9;792.4594223927862
Medio Pollo Inferior;44;9;476.7084394803148
Cuarto de Pollo Superior;44;9;1236.016150943535
Muslo Entero;44;9;1193.7787147016159
Pechuga Completa;44;9;1582.044338373265
Ala Completa;44;9;555.5550475673405
Media Pechuga;44;9;1991.8550974484297
Blanqueta;44;9;0.0
Alón;44;9;0.0
Punta;44;9;0.0
Jamoncito;44;9;681.805687243879
Medio Muslo;44;9;1157.6570419630564
Entero;45;9;545.4128389285448
Medio Pollo;45;9;608.7144504535758
Medio Pollo Superior;45;9;852.8297532664936
Medio Pollo Inferior;45;9;637.491456308065
Cuarto de Pollo Superior;45;9;796.0382659665722
Muslo Entero;45;9;1096.8621364793842
Pechuga Completa;45;9;1082.6074613678347
Ala Completa;45;9;817.5587794157815
Media Pechuga;45;9;1583.410469168089
Blanqueta;45;9;0.0
Alón;45;9;0.0
Punta;45;9;0.0
Jamoncito;45;9;824.1037557101442
Medio Muslo;45;9;1013.6526652216737
Entero;46;9;395.5350247345094
Medio Pollo;46;9;557.2513488622706
Medio Pollo Superior;46;9;707.7465251862725
Medio Pollo Inferior;46;9;905.043083232343
Cuarto de Pollo Superior;46;9;958.5379169713447
Muslo Entero;46;9;1157.3688286392462
Pechuga Completa;46;9;1926.1881039818884
Ala Completa;46;9;495.0452827029235
Media Pechuga;46;9;1380.420731311255
Blanqueta;46;9;0.0
Alón;46;9;0.0
Punta;46;9;0.0
Jamoncito;46;9;924.0102290222422
Medio Muslo;46;9;1404.8530003079586
Entero;47;9;383.86569068632633
Medio Pollo;47;9;423.2670863689148
Medio Pollo Superior;47;9;912.647433569581
Medio Pollo Inferior;47;9;634.0450394832108
Cuarto de Pollo Superior;47;9;836.2278462694214
Muslo Entero;47;9;638.6479760079881
Pechuga Completa;47;9;1317.5411273120433
Ala Completa;47;9;403.85125451279504
Media Pechuga;47;9;1687.1039698474992
Blanqueta;47;9;0.0
Alón;47;9;0.0
Punta;47;9;0.0
Jamoncito;47;9;1022.1257813986343
Medio Muslo;47;9;963.6133438003333
Entero;48;9;319.2261822169451
Medio Pollo;48;9;672.9049243930824
Medio Pollo Superior;48;9;792.4332086777596
Medio Pollo Inferior;48;9;915.3791859887766
Cuarto de Pollo Superior;48;9;657.0808549148636
Muslo Entero;48;9;657.5040204138176
Pechuga Completa;48;9;1373.3650756608788
Ala Completa;48;9;633.0092939429181
Media Pechuga;48;9;1907.747376895776
Blanqueta;48;9;0.0
Alón;48;9;0.0
Punta;48;9;0.0
Jamoncito;48;9;830.3884775659308
Medio Muslo;48;9;1560.8992597300773
Entero;49;9;521.2836779136575
Medio Pollo;49;9;514.7716869463967
Medio Pollo Superior;49;9;677.4433889639329
Medio Pollo Inferior;49;9;536.1084583320829
Cuarto de Pollo Superior;49;9;1086.7008516967483
Muslo Entero;49;9;662.7513720462216
Pechuga Completa;49;9;1563.9542112328904
Ala Completa;49;9;766.5043419968389
Media Pechuga;49;9;1978.2589349757836
Blanqueta;49;9;0.0
Alón;49;9;0.0
Punta;49;9;0.0
Jamoncito;49;9;720.5587858647499
Medio Muslo;49;9;2000.6149455170164
Entero;50;9;423.6266628936925
Medio Pollo;50;9;610.2046123619037
Medio Pollo Superior;50;9;851.5005427770819
Medio Pollo Inferior;50;9;926.8743949132731
Cuarto de Pollo Superior;50;9;1297.1388631045922
Muslo Entero;50;9;843.4096336936707
Pechuga Completa;50;9;1151.852411837244
Ala Completa;50;9;421.39859959176476
Media Pechuga;50;9;1038.698880328814
Blanqueta;50;9;-7.016101985105445e-12
Alón;50;9;-3.444268247233582e-12
Punta;50;9;-1.0205239251062465e-12
Jamoncito;50;9;913.4257192988117
Medio Muslo;50;9;1586.998920047456
Entero;51;9;538.1126413966653
Medio Pollo;51;9;604.4302714673936
Medio Pollo Superior;51;9;561.2642800621425
Medio Pollo Inferior;51;9;444.89456768978937
Cuarto de Pollo Superior;51;9;948.3150819173933
Muslo Entero;51;9;859.6726800185253
Pechuga Completa;51;9;1068.0487720776064
Ala Completa;51;9;699.221506284412
Media Pechuga;51;9;1805.6709047060249
Blanqueta;51;9;0.0
Alón;51;9;0.0
Punta;51;9;0.0
Jamoncito;51;9;936.3374290519655
Medio Muslo;51;9;1020.5973597823615
Entero;52;9;446.74270151173783
Medio Pollo;52;9;525.8135760341617
Medio Pollo Superior;52;9;504.09387483321905
Medio Pollo Inferior;52;9;793.9697087034455
Cuarto de Pollo Superior;52;9;1081.0832092351193
Muslo Entero;52;9;1276.9827973406561
Pechuga Completa;52;9;1796.5733837777248
Ala Completa;52;9;570.0971748008765
Media Pechuga;52;9;1355.1733106417141
Blanqueta;52;9;0.0
Alón;52;9;0.0
Punta;52;9;0.0
Jamoncito;52;9;746.0867039936674
Medio Muslo;52;9;1904.3205887570464
Entero;53;9;595.4641754075702
Medio Pollo;53;9;654.7445208478731
Medio Pollo Superior;53;9;519.6546578166107
Medio Pollo Inferior;53;9;550.6465226231996
Cuarto de Pollo Superior;53;9;1377.685876515776
Muslo Entero;53;9;988.7568590460979
Pechuga Completa;53;9;1014.3406396645912
Ala Completa;53;9;574.3682906675119
Media Pechuga;53;9;1396.979787743138
Blanqueta;53;9;0.0
Alón;53;9;0.0
Punta;53;9;0.0
Jamoncito;53;9;820.7192960179681
Medio Muslo;53;9;1456.024234368557
Entero;54;9;550.1489034404931
Medio Pollo;54;9;624.2307071293105
Medio Pollo Superior;54;9;1039.4303434586602
Medio Pollo Inferior;54;9;585.4642763208752
Cuarto de Pollo Superior;54;9;710.9173256789536
Muslo Entero;54;9;622.7843790154164
Pechuga Completa;54;9;1935.5624601100326
Ala Completa;54;9;605.5736631588262
Media Pechuga;54;9;1437.7775053657115
Blanqueta;54;9;-1.040359178161767e-11
Alón;54;9;-5.10721778370322e-12
Punta;54;9;-1.5132497136898428e-12
Jamoncito;54;9;1001.9296402978327
Medio Muslo;54;9;1747.1173991962905
Entero;55;9;577.5293645334997
Medio Pollo;55;9;440.2924636213931
Medio Pollo Superior;55;9;788.2472427120165
Medio Pollo Inferior;55;9;588.673032380359
Cuarto de Pollo Superior;55;9;1291.935497777369
Muslo Entero;55;9;1127.2827227640296
Pechuga Completa;55;9;1103.9133073341216
Ala Completa;55;9;478.8157325646073
Media Pechuga;55;9;1200.0275830973962
Blanqueta;55;9;0.0
Alón;55;9;0.0
Punta;55;9;0.0
Jamoncito;55;9;715.9070312170618
Medio Muslo;55;9;1194.7496682685603
Entero;56;9;484.0
Medio Pollo;56;9;579.5539507708417
Medio Pollo Superior;56;9;855.4565703616007
Medio Pollo Inferior;56;9;845.107806356845
Cuarto de Pollo Superior;56;9;697.2255452053842
Muslo Entero;56;9;1017.0556664688694
Pechuga Completa;56;9;1631.1499990269645
Ala Completa;56;9;784.1085555276994
Media Pechuga;56;9;2085.2458080343195
Blanqueta;56;9;0.0
Alón;56;9;0.0
Punta;56;9;0.0
Jamoncito;56;9;1092.7094138012683
Medio Muslo;56;9;1300.9380360073465
Entero;57;9;404.93696122485255
Medio Pollo;57;9;471.0376590376629
Medio Pollo Superior;57;9;1077.7397244335175
Medio Pollo Inferior;57;9;939.2375433014851
Cuarto de Pollo Superior;57;9;878.4885731677334
Muslo Entero;57;9;1280.6583386408313
Pechuga Completa;57;9;1647.3887241918226
Ala Completa;57;9;771.3532958694177
Media Pechuga;57;9;2222.587068620112
Blanqueta;57;9;0.0
Alón;57;9;0.0
Punta;57;9;0.0
Jamoncito;57;9;850.5724884577647
Medio Muslo;57;9;1324.1943357390792
Entero;58;9;563.0630387751474
Medio Pollo;58;9;639.3333001303725
Medio Pollo Superior;58;9;1018.2621289950644
Medio Pollo Inferior;58;9;618.2947689546742
Cuarto de Pollo Superior;58;9;628.3894592175803
Muslo Entero;58;9;804.1281545065955
Pechuga Completa;58;9;1839.0053263393106
Ala Completa;58;9;669.2966284320604
Media Pechuga;58;9;1225.3719416994413
Blanqueta;58;9;0.0
Alón;58;9;0.0
Punta;58;9;0.0
Jamoncito;58;9;808.364568573435
Medio Muslo;58;9;1278.5917797162144
Entero;59;9;357.85079544888856
Medio Pollo;59;9;559.5747931356328
Medio Pollo Superior;59;9;1062.4162313205186
Medio Pollo Inferior;59;9;720.2586073493926
Cuarto de Pollo Superior;59;9;863.4139889306413
Muslo Entero;59;9;824.165716334295
Pechuga Completa;59;9;1341.3014113087668
Ala Completa;59;9;760.0734406589711
Media Pechuga;59;9;1715.2548166675886
Blanqueta;59;9;0.0
Alón;59;9;0.0
Punta;59;9;0.0
Jamoncito;59;9;1076.850642587239
Medio Muslo;59;9;1784.7748256288514
Entero;60;9;469.66686609068194
Medio Pollo;60;9;487.30397390519175
Medio Pollo Superior;60;9;841.6728900905033
Medio Pollo Inferior;60;9;777.1082456536354
Cuarto de Pollo Superior;60;9;987.4407089477997
Muslo Entero;60;9;802.3367225736339
Pechuga Completa;60;9;1301.2679610321757
Ala Completa;60;9;794.1135056384567
Media Pechuga;60;9;1888.5562036923377
Blanqueta;60;9;0.0
Alón;60;9;0.0
Punta;60;9;0.0
Jamoncito;60;9;718.759613061237
Medio Muslo;60;9;1569.0164389784884
Entero;61;9;419.7942178280363
Medio Pollo;61;9;653.8152320057466
Medio Pollo Superior;61;9;1002.1199889995835
Medio Pollo Inferior;61;9;506.1845678432699
Cuarto de Pollo Superior;61;9;1162.9533655313987
Muslo Entero;61;9;1217.4264772138279
Pechuga Completa;61;9;1005.8169515652423
Ala Completa;61;9;837.2521661087007
Media Pechuga;61;9;1931.7819011607914
Blanqueta;61;9;0.0
Alón;61;9;0.0
Punta;61;9;0.0
Jamoncito;61;9;822.28971014725
Medio Muslo;61;9;1028.3522523788986
Entero;62;9;495.7588496226714
Medio Pollo;62;9;637.8610845209423
Medio Pollo Superior;62;9;825.6129032258065
Medio Pollo Inferior;62;9;645.0432832126481
Cuarto de Pollo Superior;62;9;772.9977627216721
Muslo Entero;62;9;1133.0482797858128
Pechuga Completa;62;9;1263.296456300494
Ala Completa;62;9;850.4824952313352
Media Pechuga;62;9;1812.4335077680153
Blanqueta;62;9;0.0
Alón;62;9;0.0
Punta;62;9;0.0
Jamoncito;62;9;846.7008431954957
Medio Muslo;62;9;1983.5896256732276
Entero;63;9;336.9326262595812
Medio Pollo;63;9;520.0502355859019
Medio Pollo Superior;63;9;721.1833492520458
Medio Pollo Inferior;63;9;1003.1247527360349
Cuarto de Pollo Superior;63;9;668.5389045509605
Muslo Entero;63;9;799.9829140251982
Pechuga Completa;63;9;1607.2206261806402
Ala Completa;63;9;382.96357998502214
Media Pechuga;63;9;1751.4302796757017
Blanqueta;63;9;0.0
Alón;63;9;0.0
Punta;63;9;0.0
Jamoncito;63;9;854.1278489448655
Medio Muslo;63;9;1592.890671448917
Entero;64;9;468.9966447450074
Medio Pollo;64;9;486.7897136446629
Medio Pollo Superior;64;9;508.58417670655996
Medio Pollo Inferior;64;9;564.8168280763413
Cuarto de Pollo Superior;64;9;762.3872076827432
Muslo Entero;64;9;580.8469624637692
Pechuga Completa;64;9;1131.7746849668806
Ala Completa;64;9;519.9374148212975
Media Pechuga;64;9;1269.6765395810423
Blanqueta;64;9;0.0
Alón;64;9;0.0
Punta;64;9;0.0
Jamoncito;64;9;806.9797762926581
Medio Muslo;64;9;1737.4667590227946
Entero;65;9;401.31487721563553
Medio Pollo;65;9;358.7094844080935
Medio Pollo Superior;65;9;1103.6999315381725
Medio Pollo Inferior;65;9;937.0015958701886
Cuarto de Pollo Superior;65;9;773.1589792273248
Muslo Entero;65;9;1055.2460198589092
Pechuga Completa;65;9;1596.8552865643294
Ala Completa;65;9;598.6062599456138
Media Pechuga;65;9;1579.675960854626
Blanqueta;65;9;0.0
Alón;65;9;0.0
Punta;65;9;0.0
Jamoncito;65;9;863.249735240214
Medio Muslo;65;9;1084.3982466861403
Entero;66;9;625.2195465329967
Medio Pollo;66;9;729.7341591391049
Medio Pollo Superior;66;9;1027.9920894434267
Medio Pollo Inferior;66;9;535.4355774024187
Cuarto de Pollo Superior;66;9;967.356061726116
Muslo Entero;66;9;888.4330265118781
Pechuga Completa;66;9;1506.2940952306353
Ala Completa;66;9;580.5967044699636
Media Pechuga;66;9;2040.097550432782
Blanqueta;66;9;0.0
Alón;66;9;0.0
Punta;66;9;0.0
Jamoncito;66;9;560.2447301487476
Medio Muslo;66;9;1127.4653600583786
Entero;67;9;377.4655762513678
Medio Pollo;67;9;706.7084702055225
Medio Pollo Superior;67;9;660.7979180441151
Medio Pollo Inferior;67;9;955.3207939750394
Cuarto de Pollo Superior;67;9;790.0155158781577
Muslo Entero;67;9;1060.2801721423325
Pechuga Completa;67;9;1315.207340459631
Ala Completa;67;9;624.7535663533765
Media Pechuga;67;9;1807.1886167542552
Blanqueta;67;9;0.0
Alón;67;9;0.0
Punta;67;9;0.0
Jamoncito;67;9;947.2291608160979
Medio Muslo;67;9;1157.5079493011376
Entero;68;9;423.3365269601762
Medio Pollo;68;9;531.5389650878567
Medio Pollo Superior;68;9;762.4522124350351
Medio Pollo Inferior;68;9;481.7202244484081
Cuarto de Pollo Superior;68;9;1062.0769751249788
Muslo Entero;68;9;605.4748722052466
Pechuga Completa;68;9;1634.2397294837137
Ala Completa;68;9;753.4028537601918
Media Pechuga;68;9;2348.9458669777973
Blanqueta;68;9;0.0
Alón;68;9;0.0
Punta;68;9;0.0
Jamoncito;68;9;1008.1073734162703
Medio Muslo;68;9;1795.1417893437704
Entero;69;9;446.3118795440938
Medio Pollo;69;9;526.1822889690961
Medio Pollo Superior;69;9;997.0663646399969
Medio Pollo Inferior;69;9;774.1502355163273
Cuarto de Pollo Superior;69;9;1231.8508131138883
Muslo Entero;69;9;903.1736559967991
Pechuga Completa;69;9;985.434752956861
Ala Completa;69;9;559.9418005440481
Media Pechuga;69;9;2012.2011930659419
Blanqueta;69;9;0.0
Alón;69;9;0.0
Punta;69;9;0.0
Jamoncito;69;9;704.2836660866244
Medio Muslo;69;9;1777.464957028896
Entero;70;9;331.8967206283538
Medio Pollo;70;9;635.4983942019636
Medio Pollo Superior;70;9;1072.948944445216
Medio Pollo Inferior;70;9;599.3620013089192
Cuarto de Pollo Superior;70;9;882.627862643552
Muslo Entero;70;9;1009.0801832762198
Pechuga Completa;70;9;1079.51597643835
Ala Completa;70;9;463.65130416510675
Media Pechuga;70;9;1433.8241655802804
Blanqueta;70;9;0.0
Alón;70;9;0.0
Punta;70;9;0.0
Jamoncito;70;9;980.1888329731202
Medio Muslo;70;9;1539.5336651083296
Entero;71;9;599.1570726749821
Medio Pollo;71;9;619.4953554146939
Medio Pollo Superior;71;9;557.3943466093122
Medio Pollo Inferior;71;9;571.4067482458171
Cuarto de Pollo Superior;71;9;1349.5225763645014
Muslo Entero;71;9;829.7561416589306
Pechuga Completa;71;9;914.4082068825883
Ala Completa;71;9;678.212946925422
Media Pechuga;71;9;1457.7326157845666
Blanqueta;71;9;0.0
Alón;71;9;0.0
Punta;71;9;0.0
Jamoncito;71;9;859.1290322580646
Medio Muslo;71;9;1837.4666732213873
Entero;72;9;524.2028693318588
Medio Pollo;72;9;583.8457995912712
Medio Pollo Superior;72;9;674.9980054608632
Medio Pollo Inferior;72;9;472.0344978575487
Cuarto de Pollo Superior;72;9;1040.8156735316006
Muslo Entero;72;9;949.9496353921968
Pechuga Completa;72;9;1649.984788121804
Ala Completa;72;9;679.9356729388819
Media Pechuga;72;9;1997.935756765057
Blanqueta;72;9;0.0
Alón;72;9;0.0
Punta;72;9;0.0
Jamoncito;72;9;548.298029175251
Medio Muslo;72;9;2085.711528687857
Entero;73;9;475.8462587733539
Medio Pollo;73;9;732.750306977466
Medio Pollo Superior;73;9;1026.543543716327
Medio Pollo Inferior;73;9;711.939685757323
Cuarto de Pollo Superior;73;9;960.6920608683729
Muslo Entero;73;9;647.3866722875922
Pechuga Completa;73;9;1838.0490105023378
Ala Completa;73;9;535.1502401775899
Media Pechuga;73;9;1763.3548387096776
Blanqueta;73;9;0.0
Alón;73;9;0.0
Punta;73;9;0.0
Jamoncito;73;9;624.3629116892967
Medio Muslo;73;9;1995.6280566855985
Entero;74;9;363.41359616172895
Medio Pollo;74;9;422.67674138854323
Medio Pollo Superior;74;9;999.9050307125268
Medio Pollo Inferior;74;9;893.1719428525408
Cuarto de Pollo Superior;74;9;1041.682858562957
Muslo Entero;74;9;838.7632914241286
Pechuga Completa;74;9;1177.1101691656481
Ala Completa;74;9;840.7484447418276
Media Pechuga;74;9;1686.4193548387098
Blanqueta;74;9;0.0
Alón;74;9;0.0
Punta;74;9;0.0
Jamoncito;74;9;789.2582886976687
Medio Muslo;74;9;1501.0948275009105
Entero;75;9;569.0165674942635
Medio Pollo;75;9;678.9662264887407
Medio Pollo Superior;75;9;694.5460231873907
Medio Pollo Inferior;75;9;925.616407835042
Cuarto de Pollo Superior;75;9;647.1727895653415
Muslo Entero;75;9;648.7598649316755
Pechuga Completa;75;9;1022.4209163862391
Ala Completa;75;9;772.9055514465571
Media Pechuga;75;9;1477.5722703137399
Blanqueta;75;9;0.0
Alón;75;9;0.0
Punta;75;9;0.0
Jamoncito;75;9;946.0772319283922
Medio Muslo;75;9;1835.1827956989246
Entero;76;9;475.8185084311889
Medio Pollo;76;9;503.5112755105388
Medio Pollo Superior;76;9;478.7267734864323
Medio Pollo Inferior;76;9;581.9160764427687
Cuarto de Pollo Superior;76;9;1085.4684345538412
Muslo Entero;76;9;767.8580837300058
Pechuga Completa;76;9;909.7334697745631
Ala Completa;76;9;404.62685577004083
Media Pechuga;76;9;1422.8281183079791
Blanqueta;76;9;0.0
Alón;76;9;0.0
Punta;76;9;0.0
Jamoncito;76;9;510.0329697781898
Medio Muslo;76;9;1065.5591397849462
Entero;77;9;468.0
Medio Pollo;77;9;445.8792861998949
Medio Pollo Superior;77;9;885.6430175137964
Medio Pollo Inferior;77;9;818.2530708315597
Cuarto de Pollo Superior;77;9;603.5004353030633
Muslo Entero;77;9;870.7520806105989
Pechuga Completa;77;9;1344.7907271693566
Ala Completa;77;9;480.66286150228285
Media Pechuga;77;9;2133.7519531718185
Blanqueta;77;9;0.0
Alón;77;9;0.0
Punta;77;9;0.0
Jamoncito;77;9;862.5307722725579
Medio Muslo;77;9;1292.0955583192954
Entero;78;9;302.1597843623598
Medio Pollo;78;9;595.053134484223
Medio Pollo Superior;78;9;740.0344018410424
Medio Pollo Inferior;78;9;782.8388304968869
Cuarto de Pollo Superior;78;9;1059.886838579598
Muslo Entero;78;9;982.2984458282535
Pechuga Completa;78;9;1642.6024446610536
Ala Completa;78;9;548.711930549728
Media Pechuga;78;9;2105.8799162710084
Blanqueta;78;9;0.0
Alón;78;9;0.0
Punta;78;9;0.0
Jamoncito;78;9;1008.7272952799427
Medio Muslo;78;9;1665.0979900678012
Entero;79;9;465.32309088612686
Medio Pollo;79;9;559.0938882986294
Medio Pollo Superior;79;9;685.7975958414247
Medio Pollo Inferior;79;9;629.3719185959508
Cuarto de Pollo Superior;79;9;927.3104769242249
Muslo Entero;79;9;1081.376282460258
Pechuga Completa;79;9;1666.9519648985688
Ala Completa;79;9;451.5715531359751
Media Pechuga;79;9;1670.4516129032259
Blanqueta;79;9;0.0
Alón;79;9;0.0
Punta;79;9;0.0
Jamoncito;79;9;825.5209518363145
Medio Muslo;79;9;1781.6881720430106
Entero;80;9;466.8187638945118
Medio Pollo;80;9;470.4203291833218
Medio Pollo Superior;80;9;499.728125295107
Medio Pollo Inferior;80;9;850.2083609887113
Cuarto de Pollo Superior;80;9;837.9010782217914
Muslo Entero;80;9;791.9029312348583
Pechuga Completa;80;9;1804.3391215661054
Ala Completa;80;9;675.3746626646449
Media Pechuga;80;9;2013.032258064516
Blanqueta;80;9;0.0
Alón;80;9;0.0
Punta;80;9;0.0
Jamoncito;80;9;769.4168608275425
Medio Muslo;80;9;1169.8602150537633
Entero;81;9;635.9037757425419
Medio Pollo;81;9;395.7433378997738
Medio Pollo Superior;81;9;659.2333234036222
Medio Pollo Inferior;81;9;656.0798210164488
Cuarto de Pollo Superior;81;9;787.5436725287173
Muslo Entero;81;9;949.0327897617657
Pechuga Completa;81;9;1818.7226340625891
Ala Completa;81;9;476.4326283048592
Media Pechuga;81;9;1528.533248777777
Blanqueta;81;9;0.0
Alón;81;9;0.0
Punta;81;9;0.0
Jamoncito;81;9;744.1870427178549
Medio Muslo;81;9;1009.6224772818675
Entero;82;9;482.9415993748012
Medio Pollo;82;9;434.0486402563907
Medio Pollo Superior;82;9;769.3141274581859
Medio Pollo Inferior;82;9;498.6154803549216
Cuarto de Pollo Superior;82;9;1205.027791193939
Muslo Entero;82;9;1101.8193659929661
Pechuga Completa;82;9;1463.461480379856
Ala Completa;82;9;641.1977560106711
Media Pechuga;82;9;1748.4990092867392
Blanqueta;82;9;0.0
Alón;82;9;0.0
Punta;82;9;0.0
Jamoncito;82;9;1093.7798880638748
Medio Muslo;82;9;958.8132192273843
Entero;83;9;528.8529857395964
Medio Pollo;83;9;488.5186548470873
Medio Pollo Superior;83;9;903.5668421010517
Medio Pollo Inferior;83;9;611.6336550457258
Cuarto de Pollo Superior;83;9;665.8848497414624
Muslo Entero;83;9;616.7986688579493
Pechuga Completa;83;9;1767.3053412013417
Ala Completa;83;9;746.495246445175
Media Pechuga;83;9;1799.1612903225807
Blanqueta;83;9;0.0
Alón;83;9;0.0
Punta;83;9;0.0
Jamoncito;83;9;999.9017133037967
Medio Muslo;83;9;1445.9006230501543
Entero;84;9;392.0
Medio Pollo;84;9;725.8821350218992
Medio Pollo Superior;84;9;795.5762247017293
Medio Pollo Inferior;84;9;464.4591474024669
Cuarto de Pollo Superior;84;9;974.0414651142402
Muslo Entero;84;9;902.285293770155
Pechuga Completa;84;9;1162.6102013584289
Ala Completa;84;9;555.18568013237
Media Pechuga;84;9;1626.5549114457433
Blanqueta;84;9;0.0
Alón;84;9;0.0
Punta;84;9;0.0
Jamoncito;84;9;909.9299824056097
Medio Muslo;84;9;1578.3314645391347
Entero;85;9;462.0000000000309
Medio Pollo;85;9;380.1242766789291
Medio Pollo Superior;85;9;1006.3222553488887
Medio Pollo Inferior;85;9;823.3543061650132
Cuarto de Pollo Superior;85;9;1054.3109983479224
Muslo Entero;85;9;587.888053627764
Pechuga Completa;85;9;1009.5048231243026
Ala Completa;85;9;813.5918813161118
Media Pechuga;85;9;1381.7995321026654
Blanqueta;85;9;-1.8189894035458563e-12
Alón;85;9;-8.929584344679658e-13
Punta;85;9;-2.645802768793972e-13
Jamoncito;85;9;870.9445682924412
Medio Muslo;85;9;1496.9200351865725
Entero;86;9;461.999999997548
Medio Pollo;86;9;596.6636524050645
Medio Pollo Superior;86;9;938.0434472793002
Medio Pollo Inferior;86;9;773.2661458880784
Cuarto de Pollo Superior;86;9;1365.6953047633915
Muslo Entero;86;9;1111.0463950747908
Pechuga Completa;86;9;1334.6772676700862
Ala Completa;86;9;771.8864698854716
Media Pechuga;86;9;1712.8384842570827
Blanqueta;86;9;0.0
Alón;86;9;0.0
Punta;86;9;0.0
Jamoncito;86;9;641.01348329169
Medio Muslo;86;9;1010.0508683028407
Entero;87;9;413.73409600654537
Medio Pollo;87;9;543.9513826394178
Medio Pollo Superior;87;9;451.77289728036817
Medio Pollo Inferior;87;9;814.9633264829558
Cuarto de Pollo Superior;87;9;748.0560730235808
Muslo Entero;87;9;997.9217747322045
Pechuga Completa;87;9;925.6250507983839
Ala Completa;87;9;465.13818980825556
Media Pechuga;87;9;2262.1637645453993
Blanqueta;87;9;0.0
Alón;87;9;0.0
Punta;87;9;0.0
Jamoncito;87;9;737.6189279009371
Medio Muslo;87;9;1157.7150002378742
Entero;88;9;320.15512459090934
Medio Pollo;88;9;501.15928243079014
Medio Pollo Superior;88;9;798.9032258064517
Medio Pollo Inferior;88;9;846.9752889849447
Cuarto de Pollo Superior;88;9;855.706546601872
Muslo Entero;88;9;704.1798550200418
Pechuga Completa;88;9;1301.5516687682098
Ala Completa;88;9;447.89433490521515
Media Pechuga;88;9;1773.9013721652238
Blanqueta;88;9;0.0
Alón;88;9;0.0
Punta;88;9;0.0
Jamoncito;88;9;1026.8226237709555
Medio Muslo;88;9;1800.7356358116974
Entero;89;9;560.2820972553244
Medio Pollo;89;9;712.500526160513
Medio Pollo Superior;89;9;782.8511635885606
Medio Pollo Inferior;89;9;865.3854462517581
Cuarto de Pollo Superior;89;9;1049.9100495334842
Muslo Entero;89;9;547.4365187804574
Pechuga Completa;89;9;1507.925391825083
Ala Completa;89;9;696.4678681088577
Media Pechuga;89;9;1902.3108301491995
Blanqueta;89;9;0.0
Alón;89;9;0.0
Punta;89;9;0.0
Jamoncito;89;9;524.3522292230907
Medio Muslo;89;9;1123.6235182484345
Entero;90;9;442.5392390182212
Medio Pollo;90;9;353.76814430173096
Medio Pollo Superior;90;9;697.9293628597196
Medio Pollo Inferior;90;9;530.9995751199215
Cuarto de Pollo Superior;90;9;1070.4757991242382
Muslo Entero;90;9;1216.959733761192
Pechuga Completa;90;9;1226.8750163269312
Ala Completa;90;9;815.0956466808148
Media Pechuga;90;9;1215.9220961634958
Blanqueta;90;9;0.0
Alón;90;9;0.0
Punta;90;9;0.0
Jamoncito;90;9;890.4547704210652
Medio Muslo;90;9;1064.4742470418882
Entero;91;9;327.61096846684916
Medio Pollo;91;9;605.9550643742456
Medio Pollo Superior;91;9;900.6973455756082
Medio Pollo Inferior;91;9;971.5516084883141
Cuarto de Pollo Superior;91;9;692.0183023164933
Muslo Entero;91;9;1175.8321702089904
Pechuga Completa;91;9;1529.2818817231403
Ala Completa;91;9;889.0135284390107
Media Pechuga;91;9;1553.773921099412
Blanqueta;91;9;0.0
Alón;91;9;0.0
Punta;91;9;0.0
Jamoncito;91;9;1101.9829387246932
Medio Muslo;91;9;1442.6544127175189
Entero;92;9;573.5529948497156
Medio Pollo;92;9;516.9496563137589
Medio Pollo Superior;92;9;680.8976938894539
Medio Pollo Inferior;92;9;817.1907518756354
Cuarto de Pollo Superior;92;9;841.6499418626483
Muslo Entero;92;9;1144.8875542416797
Pechuga Completa;92;9;1408.1534192782158
Ala Completa;92;9;616.4928686614402
Media Pechuga;92;9;1982.414183467595
Blanqueta;92;9;0.0
Alón;92;9;0.0
Punta;92;9;0.0
Jamoncito;92;9;931.7277663354006
Medio Muslo;92;9;1179.285354204104
Entero;93;9;608.766397807177
Medio Pollo;93;9;559.4396153823334
Medio Pollo Superior;93;9;576.5094760894108
Medio Pollo Inferior;93;9;928.6921314667403
Cuarto de Pollo Superior;93;9;709.8417668989588
Muslo Entero;93;9;919.8966576807416
Pechuga Completa;93;9;1796.4150865689405
Ala Completa;93;9;879.0248876399088
Media Pechuga;93;9;1908.8047755719108
Blanqueta;93;9;0.0
Alón;93;9;0.0
Punta;93;9;0.0
Jamoncito;93;9;830.292355819071
Medio Muslo;93;9;1398.8853730710725
Entero;94;9;284.1536270586915
Medio Pollo;94;9;618.7668370705039
Medio Pollo Superior;94;9;989.5301111977263
Medio Pollo Inferior;94;9;332.92077175906627
Cuarto de Pollo Superior;94;9;612.7570164013694
Muslo Entero;94;9;911.72043900829
Pechuga Completa;94;9;1617.3239935415072
Ala Completa;94;9;697.1751678721158
Media Pechuga;94;9;2254.846560143523
Blanqueta;94;9;0.0
Alón;94;9;0.0
Punta;94;9;0.0
Jamoncito;94;9;956.7733988795352
Medio Muslo;94;9;1744.1541546128576
Entero;95;9;321.91904696287264
Medio Pollo;95;9;486.5650092623673
Medio Pollo Superior;95;9;538.967282776161
Medio Pollo Inferior;95;9;433.7096774193549
Cuarto de Pollo Superior;95;9;603.5996399440243
Muslo Entero;95;9;1011.6283787606569
Pechuga Completa;95;9;1794.8638061196532
Ala Completa;95;9;615.6022901849262
Media Pechuga;95;9;1229.2824721145414
Blanqueta;95;9;0.0
Alón;95;9;0.0
Punta;95;9;0.0
Jamoncito;95;9;830.9923365174404
Medio Muslo;95;9;1351.036124813079
Entero;96;9;499.29332439310787
Medio Pollo;96;9;416.1205943970493
Medio Pollo Superior;96;9;570.908895420956
Medio Pollo Inferior;96;9;636.258064516129
Cuarto de Pollo Superior;96;9;805.687395296395
Muslo Entero;96;9;860.3644546885538
Pechuga Completa;96;9;1152.5763438658216
Ala Completa;96;9;709.8309699318611
Media Pechuga;96;9;1998.0087305416378
Blanqueta;96;9;0.0
Alón;96;9;0.0
Punta;96;9;0.0
Jamoncito;96;9;672.3268785341199
Medio Muslo;96;9;904.7896001034097
Entero;97;9;623.9723987063962
Medio Pollo;97;9;768.8753702773615
Medio Pollo Superior;97;9;803.0459922014477
Medio Pollo Inferior;97;9;764.4140293873515
Cuarto de Pollo Superior;97;9;643.4222773424733
Muslo Entero;97;9;1000.962414696163
Pechuga Completa;97;9;913.2849777028931
Ala Completa;97;9;592.4377318031197
Media Pechuga;97;9;1364.1812020828531
Blanqueta;97;9;0.0
Alón;97;9;0.0
Punta;97;9;0.0
Jamoncito;97;9;652.6263513878938
Medio Muslo;97;9;1724.1880878401498
Entero;98;9;494.3697402677204
Medio Pollo;98;9;512.5616975940105
Medio Pollo Superior;98;9;732.0288984270235
Medio Pollo Inferior;98;9;737.9085512578099
Cuarto de Pollo Superior;98;9;735.935224480642
Muslo Entero;98;9;1029.5262321342116
Pechuga Completa;98;9;1753.5587154813481
Ala Completa;98;9;641.3480063254499
Media Pechuga;98;9;1130.168576013674
Blanqueta;98;9;0.0
Alón;98;9;0.0
Punta;98;9;0.0
Jamoncito;98;9;1117.7436595886625
Medio Muslo;98;9;1244.510613408136
Entero;99;9;514.6264206529089
Medio Pollo;99;9;657.6748930057802
Medio Pollo Superior;99;9;702.4754711071529
Medio Pollo Inferior;99;9;934.0
Cuarto de Pollo Superior;99;9;1209.7130801080207
Muslo Entero;99;9;760.2327984891131
Pechuga Completa;99;9;1457.8840260998657
Ala Completa;99;9;791.3813286718874
Media Pechuga;99;9;1194.7911400257453
Blanqueta;99;9;0.0
Alón;99;9;0.0
Punta;99;9;0.0
Jamoncito;99;9;866.514383094646
Medio Muslo;99;9;1471.209520385778
Entero;100;9;470.0245239621107
Medio Pollo;100;9;767.4644791649205
Medio Pollo Superior;100;9;547.9400763367449
Medio Pollo Inferior;100;9;528.483870967742
Cuarto de Pollo Superior;100;9;1247.8412047614406
Muslo Entero;100;9;987.9850211259077
Pechuga Completa;100;9;1430.5090615145746
Ala Completa;100;9;635.979008574027
Media Pechuga;100;9;1118.4078341099585
Blanqueta;100;9;0.0
Alón;100;9;0.0
Punta;100;9;0.0
Jamoncito;100;9;515.8253444618902
Medio Muslo;100;9;1445.8948787607967
Entero;101;9;329.1843542634394
Medio Pollo;101;9;688.8940275337822
Medio Pollo Superior;101;9;551.6570715654763
Medio Pollo Inferior;101;9;617.148711282091
Cuarto de Pollo Superior;101;9;826.4984570743254
Muslo Entero;101;9;1001.8064516129032
Pechuga Completa;101;9;1788.5500895606594
Ala Completa;101;9;624.5602582557456
Media Pechuga;101;9;1619.6868910686856
Blanqueta;101;9;0.0
Alón;101;9;0.0
Punta;101;9;0.0
Jamoncito;101;9;665.340529327935
Medio Muslo;101;9;2051.340240288044
Entero;102;9;279.4628509115391
Medio Pollo;102;9;697.5563485440754
Medio Pollo Superior;102;9;1053.3744694825696
Medio Pollo Inferior;102;9;805.9158048469413
Cuarto de Pollo Superior;102;9;1020.9658974877057
Muslo Entero;102;9;869.2903225806452
Pechuga Completa;102;9;1583.0250427209526
Ala Completa;102;9;649.3107094861899
Media Pechuga;102;9;1220.9881033383915
Blanqueta;102;9;0.0
Alón;102;9;0.0
Punta;102;9;0.0
Jamoncito;102;9;777.6268114471253
Medio Muslo;102;9;1327.070345624357
Entero;103;9;591.8750454718363
Medio Pollo;103;9;404.4170934742797
Medio Pollo Superior;103;9;741.4824899211683
Medio Pollo Inferior;103;9;597.3334837125437
Cuarto de Pollo Superior;103;9;603.9478784545614
Muslo Entero;103;9;1125.0967741935485
Pechuga Completa;103;9;1315.0578543955578
Ala Completa;103;9;636.9354838709678
Media Pechuga;103;9;2055.697134188941
Blanqueta;103;9;0.0
Alón;103;9;0.0
Punta;103;9;0.0
Jamoncito;103;9;739.8482792644182
Medio Muslo;103;9;1074.3065045159217
Entero;104;9;553.581103759271
Medio Pollo;104;9;529.6004064451377
Medio Pollo Superior;104;9;709.5269749199045
Medio Pollo Inferior;104;9;865.569742093908
Cuarto de Pollo Superior;104;9;1034.0735183072197
Muslo Entero;104;9;746.0
Pechuga Completa;104;9;1522.1679520560554
Ala Completa;104;9;636.9354838709678
Media Pechuga;104;9;1902.03365342552
Blanqueta;104;9;0.0
Alón;104;9;0.0
Punta;104;9;0.0
Jamoncito;104;9;590.775092691955
Medio Muslo;104;9;1141.8403251299803
Entero;105;9;549.8966455939316
Medio Pollo;105;9;456.73961483743847
Medio Pollo Superior;105;9;514.4575803236816
Medio Pollo Inferior;105;9;731.8709677419282
Cuarto de Pollo Superior;105;9;596.7643847186674
Muslo Entero;105;9;935.5483870967741
Pechuga Completa;105;9;1322.2920906850534
Ala Completa;105;9;593.7327509636698
Media Pechuga;105;9;1725.8801771007772
Blanqueta;105;9;0.0
Alón;105;9;0.0
Punta;105;9;0.0
Jamoncito;105;9;916.5818407980133
Medio Muslo;105;9;1413.2700677434877
Entero;106;9;481.00000000017644
Medio Pollo;106;9;595.2136954617883
Medio Pollo Superior;106;9;713.5544944216426
Medio Pollo Inferior;106;9;703.3149554577054
Cuarto de Pollo Superior;106;9;992.3728120939854
Muslo Entero;106;9;622.3649786267464
Pechuga Completa;106;9;1459.725422066012
Ala Completa;106;9;775.8704991937382
Media Pechuga;106;9;1510.9125795423097
Blanqueta;106;9;-5.201795890808835e-12
Alón;106;9;-2.55360889185161e-12
Punta;106;9;-7.566248568449214e-13
Jamoncito;106;9;888.2713087765325
Medio Muslo;106;9;1512.9419448245028
Entero;107;9;560.47979534037
Medio Pollo;107;9;508.467898642933
Medio Pollo Superior;107;9;848.8003641872347
Medio Pollo Inferior;107;9;719.0358780687161
Cuarto de Pollo Superior;107;9;838.1253182436485
Muslo Entero;107;9;825.5369226947491
Pechuga Completa;107;9;1280.449555132031
Ala Completa;107;9;660.3291702867612
Media Pechuga;107;9;2170.4175697467385
Blanqueta;107;9;0.0
Alón;107;9;0.0
Punta;107;9;0.0
Jamoncito;107;9;576.5361072480964
Medio Muslo;107;9;1095.4205485491002
Entero;108;9;537.8757846430425
Medio Pollo;108;9;431.00746880601037
Medio Pollo Superior;108;9;510.4796809092682
Medio Pollo Inferior;108;9;729.0877329659376
Cuarto de Pollo Superior;108;9;1020.1648651429691
Muslo Entero;108;9;818.0459445827328
Pechuga Completa;108;9;1065.8624870690967
Ala Completa;108;9;785.1519643958491
Media Pechuga;108;9;1710.6229602405213
Blanqueta;108;9;0.0
Alón;108;9;0.0
Punta;108;9;0.0
Jamoncito;108;9;1027.1301011708802
Medio Muslo;108;9;1585.6975657567107
Entero;109;9;619.3570293991395
Medio Pollo;109;9;369.4382077167441
Medio Pollo Superior;109;9;869.8317704439984
Medio Pollo Inferior;109;9;630.9072038103001
Cuarto de Pollo Superior;109;9;901.1725769539751
Muslo Entero;109;9;923.7379042672512
Pechuga Completa;109;9;1720.2585461070798
Ala Completa;109;9;392.60948304927734
Media Pechuga;109;9;1827.3181482352127
Blanqueta;109;9;0.0
Alón;109;9;0.0
Punta;109;9;0.0
Jamoncito;109;9;1091.9359733730992
Medio Muslo;109;9;1919.548320963001
Entero;110;9;207.28739061744807
Medio Pollo;110;9;764.5738975103195
Medio Pollo Superior;110;9;542.7611301232021
Medio Pollo Inferior;110;9;963.1885444753597
Cuarto de Pollo Superior;110;9;1114.6805241493341
Muslo Entero;110;9;1088.858855889447
Pechuga Completa;110;9;964.7802367646511
Ala Completa;110;9;651.0791879905637
Media Pechuga;110;9;1499.9659932467148
Blanqueta;110;9;0.0
Alón;110;9;0.0
Punta;110;9;0.0
Jamoncito;110;9;725.0040231874982
Medio Muslo;110;9;1925.2269722089911
Entero;111;9;385.5159919911108
Medio Pollo;111;9;495.3275995403951
Medio Pollo Superior;111;9;918.0406991845374
Medio Pollo Inferior;111;9;747.0049910073282
Cuarto de Pollo Superior;111;9;902.3348766850683
Muslo Entero;111;9;1130.348546907411
Pechuga Completa;111;9;934.2995590908348
Ala Completa;111;9;822.7220947838539
Media Pechuga;111;9;1840.8684456642052
Blanqueta;111;9;0.0
Alón;111;9;0.0
Punta;111;9;0.0
Jamoncito;111;9;639.6855302054566
Medio Muslo;111;9;1970.1981601723182
Entero;112;9;560.3957460835454
Medio Pollo;112;9;627.110714924385
Medio Pollo Superior;112;9;1095.4056007231106
Medio Pollo Inferior;112;9;572.1194230271375
Cuarto de Pollo Superior;112;9;1215.6692560258737
Muslo Entero;112;9;1102.3408553942213
Pechuga Completa;112;9;971.7274739229833
Ala Completa;112;9;376.73065578789806
Media Pechuga;112;9;1349.6169513924233
Blanqueta;112;9;0.0
Alón;112;9;0.0
Punta;112;9;0.0
Jamoncito;112;9;961.1531794719629
Medio Muslo;112;9;1558.6283337393568
Entero;113;9;497.0882619253438
Medio Pollo;113;9;632.1328461455903
Medio Pollo Superior;113;9;1061.8883725529397
Medio Pollo Inferior;113;9;485.31999279390124
Cuarto de Pollo Superior;113;9;1287.9302093319286
Muslo Entero;113;9;619.1288814668169
Pechuga Completa;113;9;1592.5749869037254
Ala Completa;113;9;416.1340236976673
Media Pechuga;113;9;1875.293232159302
Blanqueta;113;9;0.0
Alón;113;9;0.0
Punta;113;9;0.0
Jamoncito;113;9;784.4623655913979
Medio Muslo;113;9;2044.3583684910614
Entero;114;9;464.04984558555196
Medio Pollo;114;9;545.0280335138931
Medio Pollo Superior;114;9;883.3158241205268
Medio Pollo Inferior;114;9;886.197256466741
Cuarto de Pollo Superior;114;9;1154.6400275313013
Muslo Entero;114;9;936.6373849739495
Pechuga Completa;114;9;1806.156901216283
Ala Completa;114;9;835.1695630661036
Media Pechuga;114;9;1239.3722985318084
Blanqueta;114;9;0.0
Alón;114;9;0.0
Punta;114;9;0.0
Jamoncito;114;9;622.1518109045346
Medio Muslo;114;9;1228.293401947733
Entero;115;9;395.06637377139634
Medio Pollo;115;9;601.5290769056298
Medio Pollo Superior;115;9;536.5555278719094
Medio Pollo Inferior;115;9;877.3581206715661
Cuarto de Pollo Superior;115;9;621.5051712705085
Muslo Entero;115;9;697.8701075803426
Pechuga Completa;115;9;1556.6318419418067
Ala Completa;115;9;781.0512519459064
Media Pechuga;115;9;2197.380799162338
Blanqueta;115;9;0.0
Alón;115;9;0.0
Punta;115;9;0.0
Jamoncito;115;9;821.9554035292134
Medio Muslo;115;9;935.6491625693674
Entero;116;9;476.4021713760251
Medio Pollo;116;9;425.50954570481593
Medio Pollo Superior;116;9;1022.9504350145789
Medio Pollo Inferior;116;9;644.2559584433118
Cuarto de Pollo Superior;116;9;709.0595787473454
Muslo Entero;116;9;886.1102588263273
Pechuga Completa;116;9;1691.0360971751888
Ala Completa;116;9;590.4877902867993
Media Pechuga;116;9;1222.9448604425438
Blanqueta;116;9;0.0
Alón;116;9;0.0
Punta;116;9;0.0
Jamoncito;116;9;1023.9328126796726
Medio Muslo;116;9;1805.1153913761111
Entero;117;9;505.810667487207
Medio Pollo;117;9;535.9165304393038
Medio Pollo Superior;117;9;632.2298492456249
Medio Pollo Inferior;117;9;950.7155602237707
Cuarto de Pollo Superior;117;9;1254.8598331778435
Muslo Entero;117;9;795.8546119844533
Pechuga Completa;117;9;1604.7537306011118
Ala Completa;117;9;398.79896683913876
Media Pechuga;117;9;1591.5421109543095
Blanqueta;117;9;0.0
Alón;117;9;0.0
Punta;117;9;0.0
Jamoncito;117;9;921.8395165800824
Medio Muslo;117;9;1734.5415784667296
Entero;118;9;566.6709417798196
Medio Pollo;118;9;705.6869050518962
Medio Pollo Superior;118;9;989.9547178811692
Medio Pollo Inferior;118;9;761.1566315937856
Cuarto de Pollo Superior;118;9;688.453030991817
Muslo Entero;118;9;1064.5187006549902
Pechuga Completa;118;9;896.96608774152
Ala Completa;118;9;396.0274569864602
Media Pechuga;118;9;1910.3698095945679
Blanqueta;118;9;0.0
Alón;118;9;0.0
Punta;118;9;0.0
Jamoncito;118;9;802.9484132957448
Medio Muslo;118;9;1385.0168779219823
Entero;119;9;448.6714019318226
Medio Pollo;119;9;369.5188534669566
Medio Pollo Superior;119;9;603.5634968684228
Medio Pollo Inferior;119;9;643.2739690501016
Cuarto de Pollo Superior;119;9;725.4657121064457
Muslo Entero;119;9;594.8241736651826
Pechuga Completa;119;9;1251.0167358541955
Ala Completa;119;9;604.4646730946647
Media Pechuga;119;9;2160.3447128679177
Blanqueta;119;9;0.0
Alón;119;9;0.0
Punta;119;9;0.0
Jamoncito;119;9;649.4301148107978
Medio Muslo;119;9;983.3239626401007
Entero;120;9;442.9658768803797
Medio Pollo;120;9;467.93393522770754
Medio Pollo Superior;120;9;737.5153429089349
Medio Pollo Inferior;120;9;738.7809202859677
Cuarto de Pollo Superior;120;9;1329.850956497444
Muslo Entero;120;9;989.3746371608977
Pechuga Completa;120;9;1530.3071709438177
Ala Completa;120;9;749.1055880066584
Media Pechuga;120;9;1086.8736025905794
Blanqueta;120;9;0.0
Alón;120;9;0.0
Punta;120;9;0.0
Jamoncito;120;9;1024.9805176069565
Medio Muslo;120;9;2124.752103519146
Entero;121;9;552.3627211877977
Medio Pollo;121;9;636.0642429402344
Medio Pollo Superior;121;9;1082.5546841363625
Medio Pollo Inferior;121;9;897.6699584325636
Cuarto de Pollo Superior;121;9;1171.5032412629328
Muslo Entero;121;9;948.4580007358298
Pechuga Completa;121;9;1215.4176093526753
Ala Completa;121;9;560.1741481421402
Media Pechuga;121;9;1542.9228135595447
Blanqueta;121;9;0.0
Alón;121;9;0.0
Punta;121;9;0.0
Jamoncito;121;9;629.8650539411203
Medio Muslo;121;9;1104.169894170487
Entero;122;9;399.47186159745496
Medio Pollo;122;9;777.3111111034619
Medio Pollo Superior;122;9;888.5628525648676
Medio Pollo Inferior;122;9;578.0590680031333
Cuarto de Pollo Superior;122;9;1118.6874685978655
Muslo Entero;122;9;578.6721124403736
Pechuga Completa;122;9;1527.1195321653677
Ala Completa;122;9;590.0253964982252
Media Pechuga;122;9;1842.6875021389042
Blanqueta;122;9;0.0
Alón;122;9;0.0
Punta;122;9;0.0
Jamoncito;122;9;738.8799706439784
Medio Muslo;122;9;1810.4103234544814
Entero;123;9;517.1920861469254
Medio Pollo;123;9;504.23155406321536
Medio Pollo Superior;123;9;873.7548011589051
Medio Pollo Inferior;123;9;534.9775811447186
Cuarto de Pollo Superior;123;9;1223.787549115668
Muslo Entero;123;9;910.2310842365963
Pechuga Completa;123;9;1818.3798046683862
Ala Completa;123;9;640.7245984960475
Media Pechuga;123;9;2246.1960414845043
Blanqueta;123;9;0.0
Alón;123;9;0.0
Punta;123;9;0.0
Jamoncito;123;9;612.2687760013554
Medio Muslo;123;9;1687.0091282650685
Entero;124;9;527.3360522556196
Medio Pollo;124;9;467.92693013541714
Medio Pollo Superior;124;9;822.7096774193549
Medio Pollo Inferior;124;9;866.951795609129
Cuarto de Pollo Superior;124;9;921.7420536336099
Muslo Entero;124;9;1106.3523646429228
Pechuga Completa;124;9;1280.4970227113242
Ala Completa;124;9;795.7938669948518
Media Pechuga;124;9;1478.5885967740692
Blanqueta;124;9;0.0
Alón;124;9;0.0
Punta;124;9;0.0
Jamoncito;124;9;1075.3888837642526
Medio Muslo;124;9;993.9674488609414
Entero;125;9;416.6573308807491
Medio Pollo;125;9;359.00358087095145
Medio Pollo Superior;125;9;550.7393562181504
Medio Pollo Inferior;125;9;795.175787432438
Cuarto de Pollo Superior;125;9;1124.0338208755836
Muslo Entero;125;9;802.1674641283158
Pechuga Completa;125;9;1503.7177295372426
Ala Completa;125;9;540.2706427724519
Media Pechuga;125;9;2222.853561485151
Blanqueta;125;9;0.0
Alón;125;9;0.0
Punta;125;9;0.0
Jamoncito;125;9;546.2870753206334
Medio Muslo;125;9;1541.3926284134093
Entero;126;9;546.3426691194874
Medio Pollo;126;9;602.6666048609484
Medio Pollo Superior;126;9;1094.6799986205592
Medio Pollo Inferior;126;9;899.2873807138072
Cuarto de Pollo Superior;126;9;1190.411575735426
Muslo Entero;126;9;1264.755206350417
Pechuga Completa;126;9;1411.03270682757
Ala Completa;126;9;787.3336105471625
Media Pechuga;126;9;2067.370741047098
Blanqueta;126;9;-7.016101985105445e-12
Alón;126;9;-3.444268247233582e-12
Punta;126;9;-1.0205239251062455e-12
Jamoncito;126;9;978.0517731782201
Medio Muslo;126;9;1899.7582022955414
Entero;127;9;448.0
Medio Pollo;127;9;621.4280770734142
Medio Pollo Superior;127;9;792.5161290322582
Medio Pollo Inferior;127;9;495.1423381947042
Cuarto de Pollo Superior;127;9;1018.091620890737
Muslo Entero;127;9;1110.1863732044724
Pechuga Completa;127;9;1783.860715904022
Ala Completa;127;9;437.70380054794003
Media Pechuga;127;9;1336.2091177450002
Blanqueta;127;9;0.0
Alón;127;9;0.0
Punta;127;9;0.0
Jamoncito;127;9;1047.3715890284282
Medio Muslo;127;9;1035.557669232245
Entero;128;9;278.6257925808151
Medio Pollo;128;9;744.0521777820587
Medio Pollo Superior;128;9;774.0003575539193
Medio Pollo Inferior;128;9;872.1367855085853
Cuarto de Pollo Superior;128;9;1018.1935483870968
Muslo Entero;128;9;1050.7019309461955
Pechuga Completa;128;9;1378.6705333789762
Ala Completa;128;9;652.9522892893614
Media Pechuga;128;9;1620.093466447716
Blanqueta;128;9;0.0
Alón;128;9;0.0
Punta;128;9;0.0
Jamoncito;128;9;986.372208733644
Medio Muslo;128;9;1367.8590030141715
Entero;129;9;569.4104508772031
Medio Pollo;129;9;321.6342075735992
Medio Pollo Superior;129;9;758.1160207565309
Medio Pollo Inferior;129;9;462.03566444578206
Cuarto de Pollo Superior;129;9;1141.121745469439
Muslo Entero;129;9;876.3602293272978
Pechuga Completa;129;9;1430.9905755013822
Ala Completa;129;9;450.58844490449684
Media Pechuga;129;9;1952.5290243518625
Blanqueta;129;9;0.0
Alón;129;9;0.0
Punta;129;9;0.0
Jamoncito;129;9;850.3676925476774
Medio Muslo;129;9;1038.4571594393217
Entero;130;9;433.72131616317733
Medio Pollo;130;9;491.5244641255956
Medio Pollo Superior;130;9;677.8790942258922
Medio Pollo Inferior;130;9;606.9772267710812
Cuarto de Pollo Superior;130;9;738.5347690799805
Muslo Entero;130;9;775.3205338281024
Pechuga Completa;130;9;1016.0261900153351
Ala Completa;130;9;478.8511818539333
Media Pechuga;130;9;2009.178326019866
Blanqueta;130;9;0.0
Alón;130;9;0.0
Punta;130;9;0.0
Jamoncito;130;9;731.0955731079085
Medio Muslo;130;9;1817.7447133842845
Entero;131;9;285.82928057677117
Medio Pollo;131;9;525.1029528391254
Medio Pollo Superior;131;9;533.8525810480376
Medio Pollo Inferior;131;9;738.5810581666564
Cuarto de Pollo Superior;131;9;909.6426308803595
Muslo Entero;131;9;1022.5248659721104
Pechuga Completa;131;9;1504.609947044909
Ala Completa;131;9;432.3462256132187
Media Pechuga;131;9;1468.216208128531
Blanqueta;131;9;0.0
Alón;131;9;0.0
Punta;131;9;0.0
Jamoncito;131;9;1105.7805562612643
Medio Muslo;131;9;1925.5326084394724
Entero;132;9;538.7098349977049
Medio Pollo;132;9;451.80501801602963
Medio Pollo Superior;132;9;990.8991801851832
Medio Pollo Inferior;132;9;602.7146846227029
Cuarto de Pollo Superior;132;9;1115.2874050972819
Muslo Entero;132;9;801.1848114472444
Pechuga Completa;132;9;905.3051796049315
Ala Completa;132;9;448.04275249837224
Media Pechuga;132;9;1732.6284407253265
Blanqueta;132;9;0.0
Alón;132;9;0.0
Punta;132;9;0.0
Jamoncito;132;9;609.6579467467761
Medio Muslo;132;9;1392.3537022123207
Entero;133;9;580.7033248043358
Medio Pollo;133;9;531.4302123191586
Medio Pollo Superior;133;9;1021.5108307465662
Medio Pollo Inferior;133;9;904.3455344267842
Cuarto de Pollo Superior;133;9;1153.4689389474927
Muslo Entero;133;9;763.8225806451613
Pechuga Completa;133;9;1552.7327516854564
Ala Completa;133;9;704.0703286907068
Media Pechuga;133;9;2303.9961502981064
Blanqueta;133;9;0.0
Alón;133;9;0.0
Punta;133;9;0.0
Jamoncito;133;9;1013.3415430562447
Medio Muslo;133;9;1980.1705913578514
Entero;134;9;272.1758357176231
Medio Pollo;134;9;569.4765481053424
Medio Pollo Superior;134;9;721.1625823806276
Medio Pollo Inferior;134;9;528.6717914959457
Cuarto de Pollo Superior;134;9;1049.944510525445
Muslo Entero;134;9;954.7730196579713
Pechuga Completa;134;9;1802.1516837298511
Ala Completa;134;9;583.1607663653929
Media Pechuga;134;9;1389.7175343926015
Blanqueta;134;9;0.0
Alón;134;9;0.0
Punta;134;9;0.0
Jamoncito;134;9;546.7371251574357
Medio Muslo;134;9;1427.0127249633429
Entero;135;9;543.7243088545792
Medio Pollo;135;9;636.7813301045554
Medio Pollo Superior;135;9;677.6101180743714
Medio Pollo Inferior;135;9;614.537467750653
Cuarto de Pollo Superior;135;9;1089.6404150569026
Muslo Entero;135;9;758.8661878996841
Pechuga Completa;135;9;852.19405691461
Ala Completa;135;9;820.0872756847115
Media Pechuga;135;9;1347.1718304473873
Blanqueta;135;9;0.0
Alón;135;9;0.0
Punta;135;9;0.0
Jamoncito;135;9;988.39872524533
Medio Muslo;135;9;1546.4731182795697
Entero;136;9;473.2615679126375
Medio Pollo;136;9;508.6912673932898
Medio Pollo Superior;136;9;769.725909528987
Medio Pollo Inferior;136;9;839.9571196276428
Cuarto de Pollo Superior;136;9;996.6821655891853
Muslo Entero;136;9;1029.6833730881751
Pechuga Completa;136;9;1464.90503356207
Ala Completa;136;9;698.8649669059826
Media Pechuga;136;9;1538.8884838805266
Blanqueta;136;9;0.0
Alón;136;9;0.0
Punta;136;9;0.0
Jamoncito;136;9;604.5572490494375
Medio Muslo;136;9;1446.2043010752686
Entero;137;9;499.8382875119697
Medio Pollo;137;9;415.7957950528406
Medio Pollo Superior;137;9;923.3494190426602
Medio Pollo Inferior;137;9;680.7112207318565
Cuarto de Pollo Superior;137;9;1018.1935483870968
Muslo Entero;137;9;914.5806451612904
Pechuga Completa;137;9;1496.0561926427508
Ala Completa;137;9;701.412369286011
Media Pechuga;137;9;1104.2531754276904
Blanqueta;137;9;0.0
Alón;137;9;0.0
Punta;137;9;0.0
Jamoncito;137;9;862.7645146291692
Medio Muslo;137;9;1545.3978494623657
Entero;138;9;337.6334696171597
Medio Pollo;138;9;606.2114496804963
Medio Pollo Superior;138;9;672.9009370087497
Medio Pollo Inferior;138;9;585.5840931529733
Cuarto de Pollo Superior;138;9;1170.5852147761073
Muslo Entero;138;9;591.4491102808801
Pechuga Completa;138;9;1130.190599604516
Ala Completa;138;9;360.95303635230704
Media Pechuga;138;9;2337.623714765031
Blanqueta;138;9;0.0
Alón;138;9;0.0
Punta;138;9;0.0
Jamoncito;138;9;933.1194758238989
Medio Muslo;138;9;1333.8870050298365
Entero;139;9;525.6837891696891
Medio Pollo;139;9;751.4634110298318
Medio Pollo Superior;139;9;740.7141592402764
Medio Pollo Inferior;139;9;491.2217462710592
Cuarto de Pollo Superior;139;9;822.634598831568
Muslo Entero;139;9;1128.4689001997717
Pechuga Completa;139;9;1615.3185245157367
Ala Completa;139;9;610.0778589890193
Media Pechuga;139;9;2059.5134608287567
Blanqueta;139;9;0.0
Alón;139;9;0.0
Punta;139;9;0.0
Jamoncito;139;9;1130.0339533478245
Medio Muslo;139;9;1697.500091744357
Entero;140;9;389.19477276243504
Medio Pollo;140;9;734.210043557498
Medio Pollo Superior;140;9;989.8798399793586
Medio Pollo Inferior;140;9;796.6737192177286
Cuarto de Pollo Superior;140;9;677.3737673391952
Muslo Entero;140;9;831.2070158552702
Pechuga Completa;140;9;934.280385505274
Ala Completa;140;9;648.7541349583781
Media Pechuga;140;9;1312.4582880279268
Blanqueta;140;9;0.0
Alón;140;9;0.0
Punta;140;9;0.0
Jamoncito;140;9;532.6582893750576
Medio Muslo;140;9;1317.7963446635795
Entero;141;9;390.7149727116152
Medio Pollo;141;9;428.05906411175573
Medio Pollo Superior;141;9;475.25202303652253
Medio Pollo Inferior;141;9;510.1557228582057
Cuarto de Pollo Superior;141;9;679.9960731331628
Muslo Entero;141;9;587.598471155307
Pechuga Completa;141;9;963.258739782998
Ala Completa;141;9;737.4656702825306
Media Pechuga;141;9;2247.7092540713993
Blanqueta;141;9;0.0
Alón;141;9;0.0
Punta;141;9;0.0
Jamoncito;141;9;813.1925433022451
Medio Muslo;141;9;979.1041736293835
Entero;142;9;471.6301394162217
Medio Pollo;142;9;576.1770447994279
Medio Pollo Superior;142;9;832.1464857807348
Medio Pollo Inferior;142;9;816.66378616441
Cuarto de Pollo Superior;142;9;811.8096408764637
Muslo Entero;142;9;671.3327424485742
Pechuga Completa;142;9;857.2678784041296
Ala Completa;142;9;508.92307785608386
Media Pechuga;142;9;2006.6769074939907
Blanqueta;142;9;0.0
Alón;142;9;0.0
Punta;142;9;0.0
Jamoncito;142;9;870.7503887536117
Medio Muslo;142;9;1861.647295380257
Entero;143;9;524.0253233605779
Medio Pollo;143;9;645.7713988666449
Medio Pollo Superior;143;9;884.203110271894
Medio Pollo Inferior;143;9;862.4850799368137
Cuarto de Pollo Superior;143;9;1047.5578011634152
Muslo Entero;143;9;1010.153266232849
Pechuga Completa;143;9;1641.2400527681107
Ala Completa;143;9;535.774726200904
Media Pechuga;143;9;1991.4750054815497
Blanqueta;143;9;0.0
Alón;143;9;0.0
Punta;143;9;0.0
Jamoncito;143;9;969.0123506851955
Medio Muslo;143;9;1738.6349820257042
Entero;144;9;495.11753296230137
Medio Pollo;144;9;562.5
Medio Pollo Superior;144;9;528.0501408135588
Medio Pollo Inferior;144;9;660.061746408492
Cuarto de Pollo Superior;144;9;1186.0545551864327
Muslo Entero;144;9;1059.0974870810057
Pechuga Completa;144;9;1551.1439568593564
Ala Completa;144;9;591.9367218782521
Media Pechuga;144;9;1112.5756348122593
Blanqueta;144;9;0.0
Alón;144;9;0.0
Punta;144;9;0.0
Jamoncito;144;9;1012.4625752391446
Medio Muslo;144;9;1632.2258064516127
Entero;145;9;447.0
Medio Pollo;145;9;731.8231457625774
Medio Pollo Superior;145;9;462.3935861592444
Medio Pollo Inferior;145;9;686.4338249526626
Cuarto de Pollo Superior;145;9;1191.807056277435
Muslo Entero;145;9;588.9909828354347
Pechuga Completa;145;9;1508.428186208339
Ala Completa;145;9;446.6035023858745
Media Pechuga;145;9;1841.798801428758
Blanqueta;145;9;0.0
Alón;145;9;0.0
Punta;145;9;0.0
Jamoncito;145;9;917.1197712015327
Medio Muslo;145;9;1360.1827956989246
Entero;146;9;319.92108349498017
Medio Pollo;146;9;393.1768542374226
Medio Pollo Superior;146;9;590.9974821701154
Medio Pollo Inferior;146;9;451.57224595998264
Cuarto de Pollo Superior;146;9;1221.861553221582
Muslo Entero;146;9;636.1025466970106
Pechuga Completa;146;9;1468.292639440202
Ala Completa;146;9;659.3672684926464
Media Pechuga;146;9;1432.438302251873
Blanqueta;146;9;0.0
Alón;146;9;0.0
Punta;146;9;0.0
Jamoncito;146;9;842.4193548387098
Medio Muslo;146;9;1488.6774193548385
Entero;147;9;575.0789165050198
Medio Pollo;147;9;562.5
Medio Pollo Superior;147;9;799.5755095212925
Medio Pollo Inferior;147;9;879.2557627985498
Cuarto de Pollo Superior;147;9;1098.3688969278153
Muslo Entero;147;9;571.206108054707
Pechuga Completa;147;9;1093.0868632163144
Ala Completa;147;9;534.2908947458634
Media Pechuga;147;9;2284.8660010191825
Blanqueta;147;9;0.0
Alón;147;9;0.0
Punta;147;9;0.0
Jamoncito;147;9;553.473387098311
Medio Muslo;147;9;1407.4231092497737
Entero;148;9;375.561205740751
Medio Pollo;148;9;467.757855926451
Medio Pollo Superior;148;9;603.7736466073048
Medio Pollo Inferior;148;9;531.561058710312
Cuarto de Pollo Superior;148;9;737.5705170390384
Muslo Entero;148;9;1097.6750699814909
Pechuga Completa;148;9;1842.3202732445275
Ala Completa;148;9;741.7969304105811
Media Pechuga;148;9;1207.302631481789
Blanqueta;148;9;-2.080718356323534e-12
Alón;148;9;-1.0214435567406439e-12
Punta;148;9;-3.0264994273796784e-13
Jamoncito;148;9;919.6020658057205
Medio Muslo;148;9;1265.3534433846546
Entero;149;9;432.8652182344431
Medio Pollo;149;9;584.9143141590083
Medio Pollo Superior;149;9;483.2950801368267
Medio Pollo Inferior;149;9;673.7597258166683
Cuarto de Pollo Superior;149;9;928.072376465876
Muslo Entero;149;9;774.0639333294445
Pechuga Completa;149;9;1791.9182735805173
Ala Completa;149;9;542.3960848783652
Media Pechuga;149;9;1446.7338834656387
Blanqueta;149;9;0.0
Alón;149;9;0.0
Punta;149;9;0.0
Jamoncito;149;9;580.3060016675935
Medio Muslo;149;9;1246.7209382517378
Entero;150;9;419.7141524955232
Medio Pollo;150;9;650.3278299145408
Medio Pollo Superior;150;9;966.9280614622132
Medio Pollo Inferior;150;9;516.4262321126382
Cuarto de Pollo Superior;150;9;871.4688569441589
Muslo Entero;150;9;915.6396908339109
Pechuga Completa;150;9;1553.3452321542782
Ala Completa;150;9;532.4709260770379
Media Pechuga;150;9;1358.897070966774
Blanqueta;150;9;0.0
Alón;150;9;0.0
Punta;150;9;0.0
Jamoncito;150;9;954.6639503142209
Medio Muslo;150;9;1530.8623872853793
Entero;151;9;583.8594235293145
Medio Pollo;151;9;567.4999999999959
Medio Pollo Superior;151;9;537.6018872573554
Medio Pollo Inferior;151;9;939.0737778683904
Cuarto de Pollo Superior;151;9;916.8446444888691
Muslo Entero;151;9;559.8024051765211
Pechuga Completa;151;9;486.40220625345034
Ala Completa;151;9;560.6496109174815
Media Pechuga;151;9;1809.7656205998298
Blanqueta;151;9;0.0
Alón;151;9;0.0
Punta;151;9;0.0
Jamoncito;151;9;725.4661160129767
Medio Muslo;151;9;1051.2737094677652
Entero;152;9;497.23286387824635
Medio Pollo;152;9;434.4182402649455
Medio Pollo Superior;152;9;534.1462770094167
Medio Pollo Inferior;152;9;921.5186505448492
Cuarto de Pollo Superior;152;9;1332.0906824245276
Muslo Entero;152;9;824.9149475128045
Pechuga Completa;152;9;1418.6129032247732
Ala Completa;152;9;489.5468506205913
Media Pechuga;152;9;2213.894844187407
Blanqueta;152;9;0.0
Alón;152;9;0.0
Punta;152;9;0.0
Jamoncito;152;9;792.2639254227172
Medio Muslo;152;9;1912.9228199394486
Entero;153;9;408.76713612388914
Medio Pollo;153;9;508.0260237035709
Medio Pollo Superior;153;9;916.85109102002
Medio Pollo Inferior;153;9;591.4520192745108
Cuarto de Pollo Superior;153;9;779.5243966394278
Muslo Entero;153;9;713.0315005314358
Pechuga Completa;153;9;1393.8340070085876
Ala Completa;153;9;646.711351692371
Media Pechuga;153;9;1550.5979190542814
Blanqueta;153;9;0.0
Alón;153;9;0.0
Punta;153;9;0.0
Jamoncito;153;9;600.8165109728886
Medio Muslo;153;9;952.4396894300227
Entero;154;9;452.99999999789725
Medio Pollo;154;9;533.6188573895644
Medio Pollo Superior;154;9;494.02861764942895
Medio Pollo Inferior;154;9;834.4672430946237
Cuarto de Pollo Superior;154;9;952.8461268235691
Muslo Entero;154;9;1160.4928260729778
Pechuga Completa;154;9;1813.884931739809
Ala Completa;154;9;448.4773994591932
Media Pechuga;154;9;1124.6404671254747
Blanqueta;154;9;0.0
Alón;154;9;0.0
Punta;154;9;0.0
Jamoncito;154;9;865.7105655683383
Medio Muslo;154;9;1207.646080694726
Entero;155;9;453.0
Medio Pollo;155;9;549.4789395742183
Medio Pollo Superior;155;9;1040.7177419005654
Medio Pollo Inferior;155;9;681.2718070643058
Cuarto de Pollo Superior;155;9;1329.0194244606564
Muslo Entero;155;9;949.1726782168795
Pechuga Completa;155;9;1262.777230857666
Ala Completa;155;9;384.4672344864465
Media Pechuga;155;9;2193.972103702536
Blanqueta;155;9;0.0
Alón;155;9;0.0
Punta;155;9;0.0
Jamoncito;155;9;984.3488698470011
Medio Muslo;155;9;1757.5591853383899
Entero;156;9;454.0
Medio Pollo;156;9;591.4571822907787
Medio Pollo Superior;156;9;762.4611067414668
Medio Pollo Inferior;156;9;674.686773289864
Cuarto de Pollo Superior;156;9;916.3444255924537
Muslo Entero;156;9;928.9635556267492
Pechuga Completa;156;9;1146.3704151296517
Ala Completa;156;9;421.6910094119406
Media Pechuga;156;9;1438.501761507218
Blanqueta;156;9;0.0
Alón;156;9;0.0
Punta;156;9;0.0
Jamoncito;156;9;564.3730460202102
Medio Muslo;156;9;1994.9383948278123
Entero;157;9;348.05119511623104
Medio Pollo;157;9;764.5651087568523
Medio Pollo Superior;157;9;729.749834159591
Medio Pollo Inferior;157;9;810.0805933326208
Cuarto de Pollo Superior;157;9;927.4593872934773
Muslo Entero;157;9;1108.080258750523
Pechuga Completa;157;9;1417.9600770262007
Ala Completa;157;9;800.9483034537759
Media Pechuga;157;9;2224.1619510633464
Blanqueta;157;9;0.0
Alón;157;9;0.0
Punta;157;9;0.0
Jamoncito;157;9;894.9508955239074
Medio Muslo;157;9;1212.425376542166
Entero;158;9;552.3885098185207
Medio Pollo;158;9;480.9827824358018
Medio Pollo Superior;158;9;672.5180531461694
Medio Pollo Inferior;158;9;676.8437507980501
Cuarto de Pollo Superior;158;9;875.8535383728208
Muslo Entero;158;9;685.4951492923389
Pechuga Completa;158;9;1476.850757592924
Ala Completa;158;9;487.67248661657834
Media Pechuga;158;9;2156.266913200364
Blanqueta;158;9;0.0
Alón;158;9;0.0
Punta;158;9;0.0
Jamoncito;158;9;805.5516939491388
Medio Muslo;158;9;980.3165201832066
Entero;159;9;438.8175724821204
Medio Pollo;159;9;383.07620446116294
Medio Pollo Superior;159;9;835.0036121914802
Medio Pollo Inferior;159;9;715.0594365544154
Cuarto de Pollo Superior;159;9;849.3222871555714
Muslo Entero;159;9;1064.8891714455078
Pechuga Completa;159;9;1525.8885223131992
Ala Completa;159;9;802.9736173417939
Media Pechuga;159;9;2034.196013492716
Blanqueta;159;9;0.0
Alón;159;9;0.0
Punta;159;9;0.0
Jamoncito;159;9;601.4552438389652
Medio Muslo;159;9;1709.3374316122263
Entero;160;9;292.23405539406406
Medio Pollo;160;9;348.22772514693605
Medio Pollo Superior;160;9;973.8472629618757
Medio Pollo Inferior;160;9;566.3635380454365
Cuarto de Pollo Superior;160;9;727.7913466418568
Muslo Entero;160;9;667.2317617072715
Pechuga Completa;160;9;1615.9907643003662
Ala Completa;160;9;647.5273121672836
Media Pechuga;160;9;1282.9736393674143
Blanqueta;160;9;0.0
Alón;160;9;0.0
Punta;160;9;0.0
Jamoncito;160;9;866.88629665853
Medio Muslo;160;9;1623.8091239397259
Entero;161;9;620.5623707860015
Medio Pollo;161;9;580.8979148434333
Medio Pollo Superior;161;9;1032.4231026690386
Medio Pollo Inferior;161;9;581.408739108035
Cuarto de Pollo Superior;161;9;618.6609855690876
Muslo Entero;161;9;1226.453986743885
Pechuga Completa;161;9;1143.7928127956902
Ala Completa;161;9;599.8663728216421
Media Pechuga;161;9;2237.406795479983
Blanqueta;161;9;0.0
Alón;161;9;0.0
Punta;161;9;0.0
Jamoncito;161;9;555.4719878639287
Medio Muslo;161;9;1485.0903846802419
Entero;162;9;300.01508147991046
Medio Pollo;162;9;680.6781211163561
Medio Pollo Superior;162;9;546.6991541804003
Medio Pollo Inferior;162;9;852.4801710764068
Cuarto de Pollo Superior;162;9;1050.7385745474926
Muslo Entero;162;9;677.6976631725393
Pechuga Completa;162;9;1275.3027848735228
Ala Completa;162;9;764.3455466228279
Media Pechuga;162;9;1471.1047091965543
Blanqueta;162;9;0.0
Alón;162;9;0.0
Punta;162;9;0.0
Jamoncito;162;9;871.5592316792587
Medio Muslo;162;9;981.0094787529381
Entero;163;9;535.7577654401384
Medio Pollo;163;9;415.98734373737653
Medio Pollo Superior;163;9;468.13340255554687
Medio Pollo Inferior;163;9;630.9603567397552
Cuarto de Pollo Superior;163;9;852.0832162726998
Muslo Entero;163;9;843.5020260030526
Pechuga Completa;163;9;829.5224790547159
Ala Completa;163;9;687.2813920596781
Media Pechuga;163;9;2046.1452272594602
Blanqueta;163;9;0.0
Alón;163;9;0.0
Punta;163;9;0.0
Jamoncito;163;9;1140.512056453318
Medio Muslo;163;9;902.2978695602558
Entero;164;9;532.3865063454401
Medio Pollo;164;9;760.5317095700191
Medio Pollo Superior;164;9;869.7483941510493
Medio Pollo Inferior;164;9;763.2567953526093
Cuarto de Pollo Superior;164;9;1248.0270091302136
Muslo Entero;164;9;813.4003734607325
Pechuga Completa;164;9;1005.0064435812266
Ala Completa;164;9;530.0206748155678
Media Pechuga;164;9;1901.727451272608
Blanqueta;164;9;0.0
Alón;164;9;0.0
Punta;164;9;0.0
Jamoncito;164;9;652.3570469777998
Medio Muslo;164;9;1619.6422749772482
Entero;165;9;291.00654179570563
Medio Pollo;165;9;445.2153812379217
Medio Pollo Superior;165;9;816.0858060628568
Medio Pollo Inferior;165;9;882.9143626026513
Cuarto de Pollo Superior;165;9;911.7363672426728
Muslo Entero;165;9;907.4943643447352
Pechuga Completa;165;9;1765.8760058493954
Ala Completa;165;9;555.0649918680929
Media Pechuga;165;9;1659.3225806451615
Blanqueta;165;9;0.0
Alón;165;9;0.0
Punta;165;9;0.0
Jamoncito;165;9;707.2805519486861
Medio Muslo;165;9;1681.6425500522334
Entero;166;9;274.52491990574856
Medio Pollo;166;9;416.2839074717965
Medio Pollo Superior;166;9;944.967074320886
Medio Pollo Inferior;166;9;768.1415104409093
Cuarto de Pollo Superior;166;9;1217.1949389473887
Muslo Entero;166;9;932.8063918380045
Pechuga Completa;166;9;1435.47986376046
Ala Completa;166;9;753.0547147349951
Media Pechuga;166;9;1783.6774193548388
Blanqueta;166;9;0.0
Alón;166;9;0.0
Punta;166;9;0.0
Jamoncito;166;9;588.779096126051
Medio Muslo;166;9;1995.7654606493088
Entero;167;9;594.0459828532405
Medio Pollo;167;9;470.7095245423589
Medio Pollo Superior;167;9;851.0218276856982
Medio Pollo Inferior;167;9;615.2852029823035
Cuarto de Pollo Superior;167;9;742.7287865459921
Muslo Entero;167;9;602.9383352063275
Pechuga Completa;167;9;914.1071781549645
Ala Completa;167;9;678.0783834774022
Media Pechuga;167;9;1853.8387096774195
Blanqueta;167;9;0.0
Alón;167;9;0.0
Punta;167;9;0.0
Jamoncito;167;9;559.9009495453299
Medio Muslo;167;9;1560.8112196300915
Entero;168;9;369.9877279627873
Medio Pollo;168;9;609.6894550815542
Medio Pollo Superior;168;9;813.4159242924887
Medio Pollo Inferior;168;9;549.6592633401393
Cuarto de Pollo Superior;168;9;1087.1947141480666
Muslo Entero;168;9;962.1521868421149
Pechuga Completa;168;9;1034.8215144621038
Ala Completa;168;9;775.6666424887864
Media Pechuga;168;9;1589.1612903225807
Blanqueta;168;9;0.0
Alón;168;9;0.0
Punta;168;9;0.0
Jamoncito;168;9;817.345915927929
Medio Muslo;168;9;1391.2118442900817
Entero;1;10;355.74383741939994
Medio Pollo;1;10;520.5
Medio Pollo Superior;1;10;639.6180749362308
Medio Pollo Inferior;1;10;666.7741935483817
Cuarto de Pollo Superior;1;10;954.1290322580646
Muslo Entero;1;10;864.9193548390596
Pechuga Completa;1;10;805.3635266714068
Ala Completa;1;10;595.3548387097569
Media Pechuga;1;10;1648.0967741935422
Blanqueta;1;10;0.0
Alón;1;10;0.0
Punta;1;10;0.0
Jamoncito;1;10;627.8164510784585
Medio Muslo;1;10;1455.1075268817203
Entero;2;10;334.1510252608367
Medio Pollo;2;10;535.5
Medio Pollo Superior;2;10;746.1966538284637
Medio Pollo Inferior;2;10;686.9843356022649
Cuarto de Pollo Superior;2;10;987.1290322580646
Muslo Entero;2;10;895.919354838941
Pechuga Completa;2;10;1784.5228538836025
Ala Completa;2;10;588.7797270616151
Media Pechuga;2;10;1711.0967741936793
Blanqueta;2;10;0.0
Alón;2;10;0.0
Punta;2;10;0.0
Jamoncito;2;10;650.7570749592993
Medio Muslo;2;10;1317.7535723276899
Entero;3;10;511.5846676265865
Medio Pollo;3;10;535.5000000004222
Medio Pollo Superior;3;10;688.4171602370418
Medio Pollo Inferior;3;10;603.6331377554404
Cuarto de Pollo Superior;3;10;987.1290322580646
Muslo Entero;3;10;550.3685997866829
Pechuga Completa;3;10;1516.1458775103085
Ala Completa;3;10;659.6971993483447
Media Pechuga;3;10;1611.0525085057652
Blanqueta;3;10;2.3846649118614724e-12
Alón;3;10;5.023110201572433e-12
Punta;3;10;3.631799312855623e-12
Jamoncito;3;10;911.9080658684942
Medio Muslo;3;10;1280.6589269991193
Entero;4;10;387.1823151397504
Medio Pollo;4;10;535.500000000141
Medio Pollo Superior;4;10;617.8622983711979
Medio Pollo Inferior;4;10;781.705107287439
Cuarto de Pollo Superior;4;10;573.0582365019013
Muslo Entero;4;10;590.8491082249907
Pechuga Completa;4;10;1386.6774193547471
Ala Completa;4;10;624.5875897192022
Media Pechuga;4;10;1070.4341010335913
Blanqueta;4;10;1.44875442569748e-12
Alón;4;10;3.4481666945758685e-12
Punta;4;10;0.0
Jamoncito;4;10;574.4572302839339
Medio Muslo;4;10;1723.484037898601
Entero;5;10;299.3432470408247
Medio Pollo;5;10;535.500000000141
Medio Pollo Superior;5;10;1029.2985402264233
Medio Pollo Inferior;5;10;556.8962371392664
Cuarto de Pollo Superior;5;10;685.7520305019523
Muslo Entero;5;10;847.8786861781759
Pechuga Completa;5;10;1183.99685062814
Ala Completa;5;10;624.3548387097295
Media Pechuga;5;10;2228.2075073857427
Blanqueta;5;10;2.2407241310353623e-12
Alón;5;10;3.786045784739428e-12
Punta;5;10;0.0
Jamoncito;5;10;682.5132401983716
Medio Muslo;5;10;1337.1945814689298
Entero;6;10;417.50651885829615
Medio Pollo;6;10;535.5
Medio Pollo Superior;6;10;820.0911433683848
Medio Pollo Inferior;6;10;792.563790319586
Cuarto de Pollo Superior;6;10;1174.9610418933923
Muslo Entero;6;10;881.0752972852587
Pechuga Completa;6;10;1589.3579880820712
Ala Completa;6;10;478.6699784228831
Media Pechuga;6;10;1934.6929798496346
Blanqueta;6;10;1.723908433049304e-12
Alón;6;10;0.0
Punta;6;10;0.0
Jamoncito;6;10;700.8740585193138
Medio Muslo;6;10;888.637382029048
Entero;7;10;424.25269299562234
Medio Pollo;7;10;535.5000000001327
Medio Pollo Superior;7;10;445.6962837382124
Medio Pollo Inferior;7;10;722.8625531862928
Cuarto de Pollo Superior;7;10;784.2432449468323
Muslo Entero;7;10;1186.4750857714466
Pechuga Completa;7;10;1386.677419355045
Ala Completa;7;10;416.27651744031175
Media Pechuga;7;10;1413.3536029186212
Blanqueta;7;10;1.626166805725448e-12
Alón;7;10;0.0
Punta;7;10;0.0
Jamoncito;7;10;902.9253292810373
Medio Muslo;7;10;1620.8668077493257
Entero;8;10;280.8735338430198
Medio Pollo;8;10;338.2662890102295
Medio Pollo Superior;8;10;1021.719462735855
Medio Pollo Inferior;8;10;690.7741935483817
Cuarto de Pollo Superior;8;10;1047.9526421606947
Muslo Entero;8;10;697.8196175959722
Pechuga Completa;8;10;1038.1433915236619
Ala Completa;8;10;742.737727123012
Media Pechuga;8;10;1670.0661194657696
Blanqueta;8;10;1.2128090611964112e-12
Alón;8;10;0.0
Punta;8;10;0.0
Jamoncito;8;10;516.8518848547299
Medio Muslo;8;10;1000.8623013165425
Entero;9;10;300.58033052887885
Medio Pollo;9;10;644.5137651785732
Medio Pollo Superior;9;10;814.326189009805
Medio Pollo Inferior;9;10;512.1670626355576
Cuarto de Pollo Superior;9;10;617.8831074587339
Muslo Entero;9;10;1038.1699563138093
Pechuga Completa;9;10;1735.2114471864302
Ala Completa;9;10;798.3157464271062
Media Pechuga;9;10;1248.7794499390845
Blanqueta;9;10;1.2671187804168593e-12
Alón;9;10;0.0
Punta;9;10;0.0
Jamoncito;9;10;1028.7354398848183
Medio Muslo;9;10;928.8130217173714
Entero;10;10;469.7754216732698
Medio Pollo;10;10;623.7199458117685
Medio Pollo Superior;10;10;498.33690459579435
Medio Pollo Inferior;10;10;628.7406976115914
Cuarto de Pollo Superior;10;10;693.6009269082043
Muslo Entero;10;10;989.1148267920655
Pechuga Completa;10;10;1013.0808788961309
Ala Completa;10;10;459.5432111460469
Media Pechuga;10;10;1085.8728623181212
Blanqueta;10;10;0.0
Alón;10;10;0.0
Punta;10;10;0.0
Jamoncito;10;10;848.8235706137864
Medio Muslo;10;10;1981.90510249429
Entero;11;10;544.1504384617535
Medio Pollo;11;10;535.500000000141
Medio Pollo Superior;11;10;522.78912751278
Medio Pollo Inferior;11;10;702.9487635946955
Cuarto de Pollo Superior;11;10;927.6477613964383
Muslo Entero;11;10;1190.7039023058585
Pechuga Completa;11;10;963.1071455493646
Ala Completa;11;10;726.6843996959585
Media Pechuga;11;10;1225.307867542244
Blanqueta;11;10;0.0
Alón;11;10;0.0
Punta;11;10;0.0
Jamoncito;11;10;916.8509347036418
Medio Muslo;11;10;995.3857264648234
Entero;12;10;550.9074774951964
Medio Pollo;12;10;412.3445483672816
Medio Pollo Superior;12;10;928.1016534785917
Medio Pollo Inferior;12;10;751.1382816797704
Cuarto de Pollo Superior;12;10;1111.2366754070206
Muslo Entero;12;10;656.5197378637195
Pechuga Completa;12;10;827.7671330532628
Ala Completa;12;10;748.2562907127699
Media Pechuga;12;10;2095.2116897111105
Blanqueta;12;10;0.0
Alón;12;10;0.0
Punta;12;10;0.0
Jamoncito;12;10;546.0477051153451
Medio Muslo;12;10;1073.519704733155
Entero;13;10;315.9666119680395
Medio Pollo;13;10;362.00765960958273
Medio Pollo Superior;13;10;963.9942244498205
Medio Pollo Inferior;13;10;524.9014416267146
Cuarto de Pollo Superior;13;10;687.3066050778273
Muslo Entero;13;10;716.1571277541177
Pechuga Completa;13;10;1644.105225038154
Ala Completa;13;10;472.32133421521837
Media Pechuga;13;10;1593.0615259656147
Blanqueta;13;10;0.0
Alón;13;10;0.0
Punta;13;10;0.0
Jamoncito;13;10;852.8666613146014
Medio Muslo;13;10;1687.1767717089417
Entero;14;10;378.6940012977711
Medio Pollo;14;10;697.1529285184727
Medio Pollo Superior;14;10;713.5152959419759
Medio Pollo Inferior;14;10;692.5940622214641
Cuarto de Pollo Superior;14;10;904.263517334581
Muslo Entero;14;10;881.9124303894762
Pechuga Completa;14;10;1113.804313033295
Ala Completa;14;10;516.2249889549951
Media Pechuga;14;10;2056.91060685075
Blanqueta;14;10;0.0
Alón;14;10;0.0
Punta;14;10;0.0
Jamoncito;14;10;929.7308113128456
Medio Muslo;14;10;1616.1940239721532
Entero;15;10;275.38377998741805
Medio Pollo;15;10;578.8797817104632
Medio Pollo Superior;15;10;936.7466649887823
Medio Pollo Inferior;15;10;516.8924927384137
Cuarto de Pollo Superior;15;10;1035.7409451438991
Muslo Entero;15;10;1186.164054826186
Pechuga Completa;15;10;1858.274892920122
Ala Completa;15;10;760.0354470960656
Media Pechuga;15;10;1122.0889649174426
Blanqueta;15;10;0.0
Alón;15;10;0.0
Punta;15;10;0.0
Jamoncito;15;10;634.7379614582852
Medio Muslo;15;10;1308.1188622035218
Entero;16;10;529.1865905855531
Medio Pollo;16;10;394.59442249571003
Medio Pollo Superior;16;10;760.5806451612908
Medio Pollo Inferior;16;10;691.606455152865
Cuarto de Pollo Superior;16;10;1317.6178275565694
Muslo Entero;16;10;1129.6625366582484
Pechuga Completa;16;10;1258.0460001239178
Ala Completa;16;10;390.85336798781765
Media Pechuga;16;10;1153.2426805924745
Blanqueta;16;10;0.0
Alón;16;10;0.0
Punta;16;10;0.0
Jamoncito;16;10;1084.2657010092782
Medio Muslo;16;10;1599.084792492522
Entero;17;10;436.0887818280508
Medio Pollo;17;10;548.116969644111
Medio Pollo Superior;17;10;449.1702860366736
Medio Pollo Inferior;17;10;669.9427754165262
Cuarto de Pollo Superior;17;10;800.6437863117632
Muslo Entero;17;10;895.9193548390003
Pechuga Completa;17;10;1215.5694041810025
Ala Completa;17;10;487.4857793623443
Media Pechuga;17;10;2118.791665238241
Blanqueta;17;10;0.0
Alón;17;10;0.0
Punta;17;10;0.0
Jamoncito;17;10;765.8883698116292
Medio Muslo;17;10;1815.3215369917955
Entero;18;10;556.6721382726597
Medio Pollo;18;10;568.2329665896742
Medio Pollo Superior;18;10;924.9185715177247
Medio Pollo Inferior;18;10;410.5235402255604
Cuarto de Pollo Superior;18;10;734.7576654469697
Muslo Entero;18;10;615.6683442998681
Pechuga Completa;18;10;1783.3393956805005
Ala Completa;18;10;595.3492086542883
Media Pechuga;18;10;2113.338839913035
Blanqueta;18;10;0.0
Alón;18;10;0.0
Punta;18;10;0.0
Jamoncito;18;10;619.01473900336
Medio Muslo;18;10;960.2143850877948
Entero;19;10;539.853653959926
Medio Pollo;19;10;562.5942540149703
Medio Pollo Superior;19;10;510.6034849622825
Medio Pollo Inferior;19;10;590.4253247381037
Cuarto de Pollo Superior;19;10;1205.9495524583772
Muslo Entero;19;10;1176.1703653781324
Pechuga Completa;19;10;1115.3144710351567
Ala Completa;19;10;779.5231619609312
Media Pechuga;19;10;1332.4321276244905
Blanqueta;19;10;0.0
Alón;19;10;0.0
Punta;19;10;0.0
Jamoncito;19;10;996.3600590204918
Medio Muslo;19;10;1466.3620272303936
Entero;20;10;438.39702373078825
Medio Pollo;20;10;462.5295322615017
Medio Pollo Superior;20;10;532.0441420678959
Medio Pollo Inferior;20;10;612.544489840017
Cuarto de Pollo Superior;20;10;1302.8026684197534
Muslo Entero;20;10;600.3664602141412
Pechuga Completa;20;10;1601.4261099449263
Ala Completa;20;10;576.7321954815292
Media Pechuga;20;10;1039.6721348570632
Blanqueta;20;10;0.0
Alón;20;10;0.0
Punta;20;10;0.0
Jamoncito;20;10;927.9908301110568
Medio Muslo;20;10;2021.5362102488232
Entero;21;10;354.85951570889745
Medio Pollo;21;10;599.5745688456742
Medio Pollo Superior;21;10;682.6763084242851
Medio Pollo Inferior;21;10;729.0934615421878
Cuarto de Pollo Superior;21;10;999.8141764402321
Muslo Entero;21;10;676.3169641257653
Pechuga Completa;21;10;997.0848595844818
Ala Completa;21;10;486.60099507632333
Media Pechuga;21;10;2060.3020687794087
Blanqueta;21;10;0.0
Alón;21;10;0.0
Punta;21;10;0.0
Jamoncito;21;10;648.2216269133993
Medio Muslo;21;10;1122.293804640108
Entero;22;10;317.1282954980375
Medio Pollo;22;10;587.9723679439671
Medio Pollo Superior;22;10;1077.8087456033288
Medio Pollo Inferior;22;10;973.6772654434553
Cuarto de Pollo Superior;22;10;1141.5768852110325
Muslo Entero;22;10;712.6177791165335
Pechuga Completa;22;10;1616.3748145192558
Ala Completa;22;10;827.5937738992399
Media Pechuga;22;10;1346.1610984785575
Blanqueta;22;10;0.0
Alón;22;10;0.0
Punta;22;10;0.0
Jamoncito;22;10;803.7275511550658
Medio Muslo;22;10;1341.2249053718094
Entero;23;10;295.9596593627421
Medio Pollo;23;10;588.0
Medio Pollo Superior;23;10;550.5203968716829
Medio Pollo Inferior;23;10;997.6731209357332
Cuarto de Pollo Superior;23;10;937.6180924587177
Muslo Entero;23;10;636.1242274559078
Pechuga Completa;23;10;1732.6396281622383
Ala Completa;23;10;767.3076016637762
Media Pechuga;23;10;1362.0709607379579
Blanqueta;23;10;0.0
Alón;23;10;0.0
Punta;23;10;0.0
Jamoncito;23;10;682.3161477294107
Medio Muslo;23;10;1426.8393662371743
Entero;24;10;441.4501772430432
Medio Pollo;24;10;713.182617498299
Medio Pollo Superior;24;10;825.6457793432949
Medio Pollo Inferior;24;10;530.7228593378803
Cuarto de Pollo Superior;24;10;977.5755130884164
Muslo Entero;24;10;845.3507001342997
Pechuga Completa;24;10;918.2461860529586
Ala Completa;24;10;373.0378267816088
Media Pechuga;24;10;1922.1104860674327
Blanqueta;24;10;0.0
Alón;24;10;0.0
Punta;24;10;0.0
Jamoncito;24;10;1128.1682556559358
Medio Muslo;24;10;1484.4832226175936
Entero;25;10;395.3285476766723
Medio Pollo;25;10;651.8012810161113
Medio Pollo Superior;25;10;732.0422423207443
Medio Pollo Inferior;25;10;835.7932418062305
Cuarto de Pollo Superior;25;10;1135.9648398136585
Muslo Entero;25;10;618.8357620999183
Pechuga Completa;25;10;1239.0771952653263
Ala Completa;25;10;463.5277235559376
Media Pechuga;25;10;2361.805923867949
Blanqueta;25;10;0.0
Alón;25;10;0.0
Punta;25;10;0.0
Jamoncito;25;10;555.4829969852624
Medio Muslo;25;10;1797.7508158270637
Entero;26;10;550.8686370502498
Medio Pollo;26;10;398.51610148558973
Medio Pollo Superior;26;10;884.8926234972512
Medio Pollo Inferior;26;10;358.8727279693194
Cuarto de Pollo Superior;26;10;1140.242791165971
Muslo Entero;26;10;909.8001810433395
Pechuga Completa;26;10;1688.766092720712
Ala Completa;26;10;762.7783327101383
Media Pechuga;26;10;2001.9157030541062
Blanqueta;26;10;0.0
Alón;26;10;0.0
Punta;26;10;0.0
Jamoncito;26;10;972.233088293809
Medio Muslo;26;10;1043.884030981476
Entero;27;10;597.92903327358
Medio Pollo;27;10;419.38190811771665
Medio Pollo Superior;27;10;672.5248296057525
Medio Pollo Inferior;27;10;469.7533185605509
Cuarto de Pollo Superior;27;10;1025.9827837447367
Muslo Entero;27;10;946.4163052273856
Pechuga Completa;27;10;1335.8824650662502
Ala Completa;27;10;582.9748470401514
Media Pechuga;27;10;1374.910550831152
Blanqueta;27;10;0.0
Alón;27;10;0.0
Punta;27;10;0.0
Jamoncito;27;10;1082.7697143178111
Medio Muslo;27;10;1032.2514865740723
Entero;28;10;426.7056809821177
Medio Pollo;28;10;372.7861390377205
Medio Pollo Superior;28;10;703.9769277660795
Medio Pollo Inferior;28;10;831.6376816655629
Cuarto de Pollo Superior;28;10;769.3950920311052
Muslo Entero;28;10;1122.7439081509972
Pechuga Completa;28;10;1266.1614907546132
Ala Completa;28;10;636.8983734230392
Media Pechuga;28;10;1356.6150275297512
Blanqueta;28;10;0.0
Alón;28;10;0.0
Punta;28;10;0.0
Jamoncito;28;10;650.9213736056367
Medio Muslo;28;10;1617.3383514461261
Entero;29;10;600.8821317188623
Medio Pollo;29;10;651.1757138225054
Medio Pollo Superior;29;10;639.3885989518362
Medio Pollo Inferior;29;10;559.0092765002355
Cuarto de Pollo Superior;29;10;1317.9022858882029
Muslo Entero;29;10;1224.5432045795349
Pechuga Completa;29;10;1408.3145605388643
Ala Completa;29;10;445.62914745096714
Media Pechuga;29;10;1730.6567979304666
Blanqueta;29;10;0.0
Alón;29;10;0.0
Punta;29;10;0.0
Jamoncito;29;10;971.5632233057371
Medio Muslo;29;10;1006.1863640340132
Entero;30;10;412.54092954313705
Medio Pollo;30;10;505.02732262696395
Medio Pollo Superior;30;10;523.433113141197
Medio Pollo Inferior;30;10;764.6763417013192
Cuarto de Pollo Superior;30;10;1117.4962755367014
Muslo Entero;30;10;1240.2923419644974
Pechuga Completa;30;10;1561.0696298107098
Ala Completa;30;10;621.636219855024
Media Pechuga;30;10;1662.6632240281356
Blanqueta;30;10;0.0
Alón;30;10;0.0
Punta;30;10;0.0
Jamoncito;30;10;568.9244946208873
Medio Muslo;30;10;1071.9890830411214
Entero;31;10;619.7095301890636
Medio Pollo;31;10;611.4319272556487
Medio Pollo Superior;31;10;926.7217302011179
Medio Pollo Inferior;31;10;524.9532520758435
Cuarto de Pollo Superior;31;10;1044.7227071176603
Muslo Entero;31;10;1168.5482819523486
Pechuga Completa;31;10;1112.230606755811
Ala Completa;31;10;515.5314171605179
Media Pechuga;31;10;1351.1075420189911
Blanqueta;31;10;1.4605550907269208e-12
Alón;31;10;0.0
Punta;31;10;2.0735474856436334e-12
Jamoncito;31;10;809.8908789858742
Medio Muslo;31;10;931.7075892218537
Entero;32;10;554.3437737626875
Medio Pollo;32;10;633.8621405313909
Medio Pollo Superior;32;10;903.540089587284
Medio Pollo Inferior;32;10;673.2479853939775
Cuarto de Pollo Superior;32;10;829.9979493891813
Muslo Entero;32;10;654.4578816200082
Pechuga Completa;32;10;1574.0508469513425
Ala Completa;32;10;645.1294117577131
Media Pechuga;32;10;2332.1491000989
Blanqueta;32;10;1.2119596575017678e-12
Alón;32;10;0.0
Punta;32;10;1.1023695289744344e-12
Jamoncito;32;10;1000.6555955121745
Medio Muslo;32;10;1936.106670178117
Entero;33;10;475.0
Medio Pollo;33;10;618.397570335148
Medio Pollo Superior;33;10;590.9498289271869
Medio Pollo Inferior;33;10;745.0608430236484
Cuarto de Pollo Superior;33;10;1057.3864253314414
Muslo Entero;33;10;649.1988065529285
Pechuga Completa;33;10;880.453589730017
Ala Completa;33;10;714.2090536019155
Media Pechuga;33;10;1720.9862521694445
Blanqueta;33;10;2.1319089794692025e-12
Alón;33;10;0.0
Punta;33;10;0.0
Jamoncito;33;10;1161.309087434472
Medio Muslo;33;10;1593.5847826395097
Entero;34;10;282.7271855162036
Medio Pollo;34;10;471.0131350790739
Medio Pollo Superior;34;10;665.8428490418454
Medio Pollo Inferior;34;10;892.9491542944357
Cuarto de Pollo Superior;34;10;1291.1640123761517
Muslo Entero;34;10;823.3866925715616
Pechuga Completa;34;10;1657.737703904649
Ala Completa;34;10;388.4238199470632
Media Pechuga;34;10;2377.3173922244164
Blanqueta;34;10;1.3286125278682924e-12
Alón;34;10;0.0
Punta;34;10;0.0
Jamoncito;34;10;881.7623742905447
Medio Muslo;34;10;1942.1742386228593
Entero;35;10;283.2565574259383
Medio Pollo;35;10;507.4759620005692
Medio Pollo Superior;35;10;559.715859339561
Medio Pollo Inferior;35;10;710.6627396513516
Cuarto de Pollo Superior;35;10;758.6451612903227
Muslo Entero;35;10;636.8016387754775
Pechuga Completa;35;10;1352.2542916393993
Ala Completa;35;10;449.4780925919986
Media Pechuga;35;10;1503.4022667205295
Blanqueta;35;10;2.485411473835434e-12
Alón;35;10;0.0
Punta;35;10;0.0
Jamoncito;35;10;745.0818485508743
Medio Muslo;35;10;1187.318151681404
Entero;36;10;383.858103329353
Medio Pollo;36;10;469.62189085771564
Medio Pollo Superior;36;10;713.6513611524385
Medio Pollo Inferior;36;10;792.3864646820804
Cuarto de Pollo Superior;36;10;1266.5495534795364
Muslo Entero;36;10;1158.9804236623468
Pechuga Completa;36;10;1135.8970287269608
Ala Completa;36;10;838.8661449739075
Media Pechuga;36;10;2032.077948430125
Blanqueta;36;10;1.3891474576444514e-12
Alón;36;10;0.0
Punta;36;10;0.0
Jamoncito;36;10;775.1066771155153
Medio Muslo;36;10;1584.116723548877
Entero;37;10;540.1691168756579
Medio Pollo;37;10;759.7012049956379
Medio Pollo Superior;37;10;1037.998114048905
Medio Pollo Inferior;37;10;964.1196117581846
Cuarto de Pollo Superior;37;10;810.1142631906514
Muslo Entero;37;10;831.113025378136
Pechuga Completa;37;10;1668.5985474239992
Ala Completa;37;10;846.0414065724099
Media Pechuga;37;10;1253.9157764649083
Blanqueta;37;10;2.2579664888805975e-12
Alón;37;10;0.0
Punta;37;10;0.0
Jamoncito;37;10;1001.5925713970067
Medio Muslo;37;10;1114.508922871785
Entero;38;10;502.6970218121384
Medio Pollo;38;10;581.3763967370589
Medio Pollo Superior;38;10;518.9918047465487
Medio Pollo Inferior;38;10;619.9625130769026
Cuarto de Pollo Superior;38;10;1167.996694856099
Muslo Entero;38;10;1239.7146537054682
Pechuga Completa;38;10;1781.2508213261071
Ala Completa;38;10;778.180744413676
Media Pechuga;38;10;1769.337802958578
Blanqueta;38;10;0.0
Alón;38;10;0.0
Punta;38;10;0.0
Jamoncito;38;10;1050.9092811247667
Medio Muslo;38;10;1949.3849706033945
Entero;39;10;360.925447396825
Medio Pollo;39;10;516.0366630544144
Medio Pollo Superior;39;10;682.378156050286
Medio Pollo Inferior;39;10;794.7505802913887
Cuarto de Pollo Superior;39;10;911.1459400884428
Muslo Entero;39;10;632.2399893854215
Pechuga Completa;39;10;1539.2341348792404
Ala Completa;39;10;406.6755793169239
Media Pechuga;39;10;1489.391348317258
Blanqueta;39;10;0.0
Alón;39;10;0.0
Punta;39;10;0.0
Jamoncito;39;10;1026.7858042804496
Medio Muslo;39;10;1212.7018081314523
Entero;40;10;416.054353290106
Medio Pollo;40;10;391.472282282189
Medio Pollo Superior;40;10;588.6818618777711
Medio Pollo Inferior;40;10;650.6707447615063
Cuarto de Pollo Superior;40;10;902.9596240237598
Muslo Entero;40;10;1184.092077480767
Pechuga Completa;40;10;1593.556060169837
Ala Completa;40;10;784.231829900374
Media Pechuga;40;10;1432.7353057712924
Blanqueta;40;10;0.0
Alón;40;10;0.0
Punta;40;10;0.0
Jamoncito;40;10;707.8701750710417
Medio Muslo;40;10;1154.1756711313287
Entero;41;10;431.35879463267446
Medio Pollo;41;10;748.1789565856445
Medio Pollo Superior;41;10;583.7524847854276
Medio Pollo Inferior;41;10;937.976875424637
Cuarto de Pollo Superior;41;10;731.7202957007647
Muslo Entero;41;10;1068.752923894372
Pechuga Completa;41;10;1540.070264298672
Ala Completa;41;10;827.5686577410517
Media Pechuga;41;10;1274.7866906545014
Blanqueta;41;10;0.0
Alón;41;10;0.0
Punta;41;10;0.0
Jamoncito;41;10;992.4739109504637
Medio Muslo;41;10;2097.4626932139095
Entero;42;10;324.8942937839084
Medio Pollo;42;10;487.458430641976
Medio Pollo Superior;42;10;856.7645962537437
Medio Pollo Inferior;42;10;879.2394408750165
Cuarto de Pollo Superior;42;10;1235.7878667161638
Muslo Entero;42;10;1238.478388469986
Pechuga Completa;42;10;1508.8547752862955
Ala Completa;42;10;747.4760974984617
Media Pechuga;42;10;1644.2318320882052
Blanqueta;42;10;0.0
Alón;42;10;0.0
Punta;42;10;0.0
Jamoncito;42;10;555.1969943326145
Medio Muslo;42;10;1496.0899727041324
Entero;43;10;598.1272638144615
Medio Pollo;43;10;475.1881062911139
Medio Pollo Superior;43;10;730.6172994185364
Medio Pollo Inferior;43;10;728.0399504558665
Cuarto de Pollo Superior;43;10;740.5923155772052
Muslo Entero;43;10;1019.8435114735372
Pechuga Completa;43;10;1294.7721283567016
Ala Completa;43;10;381.80882743098505
Media Pechuga;43;10;1050.5272507156085
Blanqueta;43;10;0.0
Alón;43;10;0.0
Punta;43;10;0.0
Jamoncito;43;10;847.6993911903982
Medio Muslo;43;10;2002.428535977454
Entero;44;10;522.9318621164562
Medio Pollo;44;10;724.5489061380765
Medio Pollo Superior;44;10;1034.92118608968
Medio Pollo Inferior;44;10;458.14279247596
Cuarto de Pollo Superior;44;10;698.8820360311547
Muslo Entero;44;10;593.7031206534764
Pechuga Completa;44;10;1329.0669118210776
Ala Completa;44;10;506.95114386658355
Media Pechuga;44;10;1831.0107271250783
Blanqueta;44;10;0.0
Alón;44;10;0.0
Punta;44;10;0.0
Jamoncito;44;10;1008.5982381329014
Medio Muslo;44;10;2120.595125139074
Entero;45;10;332.2473364935014
Medio Pollo;45;10;729.9241097187155
Medio Pollo Superior;45;10;496.2511259056248
Medio Pollo Inferior;45;10;607.0608727097571
Cuarto de Pollo Superior;45;10;787.7172167394491
Muslo Entero;45;10;663.7231125776746
Pechuga Completa;45;10;1199.1219065428536
Ala Completa;45;10;591.3502387188114
Media Pechuga;45;10;2201.9539868709403
Blanqueta;45;10;0.0
Alón;45;10;0.0
Punta;45;10;0.0
Jamoncito;45;10;524.65057861865
Medio Muslo;45;10;1285.679198220258
Entero;46;10;344.6466713944752
Medio Pollo;46;10;380.4412338951071
Medio Pollo Superior;46;10;733.8857370729445
Medio Pollo Inferior;46;10;661.1485489277087
Cuarto de Pollo Superior;46;10;1352.1521483572112
Muslo Entero;46;10;767.4676705801616
Pechuga Completa;46;10;1717.9341143510803
Ala Completa;46;10;557.4560132507779
Media Pechuga;46;10;2341.4431599754994
Blanqueta;46;10;0.0
Alón;46;10;0.0
Punta;46;10;0.0
Jamoncito;46;10;618.370991886712
Medio Muslo;46;10;2055.453470764315
Entero;47;10;393.34779549308956
Medio Pollo;47;10;628.6593985391706
Medio Pollo Superior;47;10;481.7991407155568
Medio Pollo Inferior;47;10;814.7006985412928
Cuarto de Pollo Superior;47;10;1173.4311994949358
Muslo Entero;47;10;593.3775529614095
Pechuga Completa;47;10;842.8410146575009
Ala Completa;47;10;577.5880837804954
Media Pechuga;47;10;1366.9249540713151
Blanqueta;47;10;0.0
Alón;47;10;0.0
Punta;47;10;0.0
Jamoncito;47;10;633.5938218587249
Medio Muslo;47;10;1901.0297318104479
Entero;48;10;434.1988052313965
Medio Pollo;48;10;559.3421828050191
Medio Pollo Superior;48;10;766.4997201428631
Medio Pollo Inferior;48;10;757.0150992312633
Cuarto de Pollo Superior;48;10;1217.3290696136137
Muslo Entero;48;10;877.3444794007705
Pechuga Completa;48;10;857.9027380040754
Ala Completa;48;10;746.4569462903673
Media Pechuga;48;10;1468.2942221626981
Blanqueta;48;10;0.0
Alón;48;10;0.0
Punta;48;10;0.0
Jamoncito;48;10;789.4962089466329
Medio Muslo;48;10;915.6130260475538
Entero;49;10;278.67911798383517
Medio Pollo;49;10;640.3640497513369
Medio Pollo Superior;49;10;634.8451822697
Medio Pollo Inferior;49;10;915.0274639654479
Cuarto de Pollo Superior;49;10;1293.7990232984346
Muslo Entero;49;10;1208.3663371095492
Pechuga Completa;49;10;1178.247665710246
Ala Completa;49;10;361.66835978246036
Media Pechuga;49;10;1196.6200069406964
Blanqueta;49;10;0.0
Alón;49;10;0.0
Punta;49;10;0.0
Jamoncito;49;10;560.2529696419717
Medio Muslo;49;10;978.7420836301969
Entero;50;10;502.5650592571586
Medio Pollo;50;10;620.6225549115626
Medio Pollo Superior;50;10;757.2102245161004
Medio Pollo Inferior;50;10;884.4206531808288
Cuarto de Pollo Superior;50;10;1237.8597673351455
Muslo Entero;50;10;1032.876071514782
Pechuga Completa;50;10;1189.9007630899432
Ala Completa;50;10;745.9331953288623
Media Pechuga;50;10;1842.5527934398017
Blanqueta;50;10;0.0
Alón;50;10;0.0
Punta;50;10;0.0
Jamoncito;50;10;896.2088923194331
Medio Muslo;50;10;1212.360539809527
Entero;51;10;489.18297462557985
Medio Pollo;51;10;438.5118139929109
Medio Pollo Superior;51;10;727.2077869966247
Medio Pollo Inferior;51;10;573.2067439213731
Cuarto de Pollo Superior;51;10;714.1328373142054
Muslo Entero;51;10;731.7315838114465
Pechuga Completa;51;10;1859.5579013326096
Ala Completa;51;10;578.6396080554716
Media Pechuga;51;10;2096.3564004086807
Blanqueta;51;10;0.0
Alón;51;10;0.0
Punta;51;10;0.0
Jamoncito;51;10;759.5450809181239
Medio Muslo;51;10;1010.7255751096873
Entero;52;10;319.9679083207018
Medio Pollo;52;10;636.5380118567862
Medio Pollo Superior;52;10;644.2255563138881
Medio Pollo Inferior;52;10;700.5148800550068
Cuarto de Pollo Superior;52;10;871.7800418197295
Muslo Entero;52;10;1228.6730589075612
Pechuga Completa;52;10;1603.4160190101138
Ala Completa;52;10;727.8018503080463
Media Pechuga;52;10;1172.5004815139025
Blanqueta;52;10;0.0
Alón;52;10;0.0
Punta;52;10;0.0
Jamoncito;52;10;1026.289895332415
Medio Muslo;52;10;1255.5211443633848
Entero;53;10;508.67893610153885
Medio Pollo;53;10;518.4619881432138
Medio Pollo Superior;53;10;652.8438459472654
Medio Pollo Inferior;53;10;724.2569591660937
Cuarto de Pollo Superior;53;10;1204.9438920899206
Muslo Entero;53;10;1108.7410376482292
Pechuga Completa;53;10;1348.9635382129898
Ala Completa;53;10;381.8413238461364
Media Pechuga;53;10;1192.7200936519996
Blanqueta;53;10;0.0
Alón;53;10;0.0
Punta;53;10;0.0
Jamoncito;53;10;592.0377749832486
Medio Muslo;53;10;1988.2891697464784
Entero;54;10;615.4581648210348
Medio Pollo;54;10;577.5
Medio Pollo Superior;54;10;674.8753753803755
Medio Pollo Inferior;54;10;866.2608391649338
Cuarto de Pollo Superior;54;10;736.0379441060322
Muslo Entero;54;10;1140.0895945255575
Pechuga Completa;54;10;1428.9194165750446
Ala Completa;54;10;453.05743597850915
Media Pechuga;54;10;1887.0867165401664
Blanqueta;54;10;0.0
Alón;54;10;0.0
Punta;54;10;0.0
Jamoncito;54;10;1093.5920077956364
Medio Muslo;54;10;1773.4910521818786
Entero;55;10;345.05351252686916
Medio Pollo;55;10;636.3319240637819
Medio Pollo Superior;55;10;1039.7125568860486
Medio Pollo Inferior;55;10;656.4126667657675
Cuarto de Pollo Superior;55;10;1260.211461629391
Muslo Entero;55;10;581.6545131937366
Pechuga Completa;55;10;1890.4047503073891
Ala Completa;55;10;508.58907879063713
Media Pechuga;55;10;1814.9123534016228
Blanqueta;55;10;0.0
Alón;55;10;0.0
Punta;55;10;0.0
Jamoncito;55;10;483.8616256789893
Medio Muslo;55;10;1250.9986853853811
Entero;56;10;564.0546761807534
Medio Pollo;56;10;394.9687978217869
Medio Pollo Superior;56;10;917.9744616489262
Medio Pollo Inferior;56;10;848.3479109268253
Cuarto de Pollo Superior;56;10;688.9179407108869
Muslo Entero;56;10;1258.31894350888
Pechuga Completa;56;10;1335.8192199799996
Ala Completa;56;10;408.64741305222884
Media Pechuga;56;10;1263.5393356045179
Blanqueta;56;10;0.0
Alón;56;10;0.0
Punta;56;10;0.0
Jamoncito;56;10;883.3523684336036
Medio Muslo;56;10;1263.948299214478
Entero;57;10;519.3174699463281
Medio Pollo;57;10;372.3101825101482
Medio Pollo Superior;57;10;660.0322977688586
Medio Pollo Inferior;57;10;514.0069378205255
Cuarto de Pollo Superior;57;10;815.723343580939
Muslo Entero;57;10;1183.2877623164559
Pechuga Completa;57;10;1222.6209221083204
Ala Completa;57;10;424.6672531934263
Media Pechuga;57;10;1927.4501148663048
Blanqueta;57;10;0.0
Alón;57;10;0.0
Punta;57;10;0.0
Jamoncito;57;10;689.3791446084578
Medio Muslo;57;10;1014.9438514152931
Entero;58;10;381.66872484834806
Medio Pollo;58;10;723.6072613398553
Medio Pollo Superior;58;10;567.5951170267871
Medio Pollo Inferior;58;10;710.7661455237891
Cuarto de Pollo Superior;58;10;1362.9817767311351
Muslo Entero;58;10;903.3737271347702
Pechuga Completa;58;10;1075.1931999162748
Ala Completa;58;10;568.7506196731074
Media Pechuga;58;10;2341.4994739861195
Blanqueta;58;10;0.0
Alón;58;10;0.0
Punta;58;10;0.0
Jamoncito;58;10;687.7786798857773
Medio Muslo;58;10;1094.1189751388981
Entero;59;10;513.8883944213169
Medio Pollo;59;10;702.6799072566906
Medio Pollo Superior;59;10;737.7063616181192
Medio Pollo Inferior;59;10;878.7001536084833
Cuarto de Pollo Superior;59;10;1048.2349949256543
Muslo Entero;59;10;542.4282339798224
Pechuga Completa;59;10;893.040555858895
Ala Completa;59;10;591.3391952336838
Media Pechuga;59;10;2038.9426632311138
Blanqueta;59;10;0.0
Alón;59;10;0.0
Punta;59;10;0.0
Jamoncito;59;10;993.1816627332804
Medio Muslo;59;10;1569.1858513336333
Entero;60;10;372.97287906434855
Medio Pollo;60;10;642.9273690207608
Medio Pollo Superior;60;10;605.5583031955417
Medio Pollo Inferior;60;10;452.9625232497912
Cuarto de Pollo Superior;60;10;1018.6900112527534
Muslo Entero;60;10;688.6501809535375
Pechuga Completa;60;10;1092.051055403995
Ala Completa;60;10;433.0691201963058
Media Pechuga;60;10;1278.8428617880368
Blanqueta;60;10;0.0
Alón;60;10;0.0
Punta;60;10;0.0
Jamoncito;60;10;859.7805130527867
Medio Muslo;60;10;1791.6364785831113
Entero;61;10;575.6872474447819
Medio Pollo;61;10;569.6745579869761
Medio Pollo Superior;61;10;487.6959435958733
Medio Pollo Inferior;61;10;627.1490607769714
Cuarto de Pollo Superior;61;10;670.4535025409124
Muslo Entero;61;10;1242.8408451871433
Pechuga Completa;61;10;1630.5551440214313
Ala Completa;61;10;730.5379086026779
Media Pechuga;61;10;1045.0862552111157
Blanqueta;61;10;0.0
Alón;61;10;8.929584344679648e-13
Punta;61;10;0.0
Jamoncito;61;10;906.6463369591194
Medio Muslo;61;10;1633.0234410729308
Entero;62;10;556.9758586696819
Medio Pollo;62;10;577.5
Medio Pollo Superior;62;10;815.7283819176484
Medio Pollo Inferior;62;10;984.8719202454514
Cuarto de Pollo Superior;62;10;1157.3011062933363
Muslo Entero;62;10;1109.3209043204467
Pechuga Completa;62;10;1477.4984542726163
Ala Completa;62;10;832.6402171877987
Media Pechuga;62;10;1892.3728766807287
Blanqueta;62;10;0.0
Alón;62;10;0.0
Punta;62;10;0.0
Jamoncito;62;10;989.2204696702393
Medio Muslo;62;10;2098.143313080165
Entero;63;10;567.4084671752296
Medio Pollo;63;10;578.0
Medio Pollo Superior;63;10;769.1820551310238
Medio Pollo Inferior;63;10;705.6668346266774
Cuarto de Pollo Superior;63;10;940.3638834181594
Muslo Entero;63;10;1104.0966191506855
Pechuga Completa;63;10;1243.5847793024072
Ala Completa;63;10;371.7718913432341
Media Pechuga;63;10;1602.0892573589997
Blanqueta;63;10;0.0
Alón;63;10;0.0
Punta;63;10;0.0
Jamoncito;63;10;905.0311173164524
Medio Muslo;63;10;1146.286234359734
Entero;64;10;559.9205555718127
Medio Pollo;64;10;352.3492241753267
Medio Pollo Superior;64;10;1036.9375473752461
Medio Pollo Inferior;64;10;804.5385325902361
Cuarto de Pollo Superior;64;10;1061.2547652152373
Muslo Entero;64;10;924.5918302944552
Pechuga Completa;64;10;1176.7270948379382
Ala Completa;64;10;410.48020654315224
Media Pechuga;64;10;2078.9229754089665
Blanqueta;64;10;0.0
Alón;64;10;0.0
Punta;64;10;0.0
Jamoncito;64;10;755.4389011492797
Medio Muslo;64;10;1304.8722041514468
Entero;65;10;598.4103946852804
Medio Pollo;65;10;366.0370235164273
Medio Pollo Superior;65;10;1053.1320562964754
Medio Pollo Inferior;65;10;622.8737171237376
Cuarto de Pollo Superior;65;10;737.1394103504254
Muslo Entero;65;10;742.3924456331408
Pechuga Completa;65;10;1844.7407515188427
Ala Completa;65;10;839.9231710775853
Media Pechuga;65;10;1608.7633461791083
Blanqueta;65;10;0.0
Alón;65;10;0.0
Punta;65;10;0.0
Jamoncito;65;10;524.0591863765744
Medio Muslo;65;10;1671.4869687362088
Entero;66;10;257.66904974290696
Medio Pollo;66;10;472.04226519150524
Medio Pollo Superior;66;10;986.5081060796133
Medio Pollo Inferior;66;10;721.9653965121623
Cuarto de Pollo Superior;66;10;817.7621341835031
Muslo Entero;66;10;981.9564303243427
Pechuga Completa;66;10;1554.876621352417
Ala Completa;66;10;462.44858550670125
Media Pechuga;66;10;1491.332980323329
Blanqueta;66;10;0.0
Alón;66;10;0.0
Punta;66;10;0.0
Jamoncito;66;10;703.4216592720734
Medio Muslo;66;10;1289.4218681660961
Entero;67;10;472.0
Medio Pollo;67;10;428.1352968276025
Medio Pollo Superior;67;10;538.641050915595
Medio Pollo Inferior;67;10;668.1116811479811
Cuarto de Pollo Superior;67;10;737.8300452648127
Muslo Entero;67;10;1167.5536702848938
Pechuga Completa;67;10;1647.8938028382772
Ala Completa;67;10;717.8890508842142
Media Pechuga;67;10;1927.7692197581441
Blanqueta;67;10;0.0
Alón;67;10;0.0
Punta;67;10;0.0
Jamoncito;67;10;498.4126620334724
Medio Muslo;67;10;1684.0007040144696
Entero;68;10;341.19961014865015
Medio Pollo;68;10;764.6269627873585
Medio Pollo Superior;68;10;622.1254707338672
Medio Pollo Inferior;68;10;419.21819711165637
Cuarto de Pollo Superior;68;10;753.6389512779574
Muslo Entero;68;10;945.2628546722465
Pechuga Completa;68;10;1077.967032112005
Ala Completa;68;10;526.3324354529586
Media Pechuga;68;10;2032.6409875953227
Blanqueta;68;10;-7.503331289626658e-11
Alón;68;10;-3.6834535421803594e-11
Punta;68;10;-1.0913936421275139e-11
Jamoncito;68;10;584.9883544593665
Medio Muslo;68;10;1587.2765621100345
Entero;69;10;291.36325000649634
Medio Pollo;69;10;653.321595461566
Medio Pollo Superior;69;10;758.086829237777
Medio Pollo Inferior;69;10;440.7703297375352
Cuarto de Pollo Superior;69;10;968.1816966720282
Muslo Entero;69;10;846.7338386562323
Pechuga Completa;69;10;1810.1859458806334
Ala Completa;69;10;777.6539393735005
Media Pechuga;69;10;1112.784768492565
Blanqueta;69;10;0.0
Alón;69;10;0.0
Punta;69;10;0.0
Jamoncito;69;10;1019.9573591885578
Medio Muslo;69;10;1905.3224018147735
Entero;70;10;488.0271109379619
Medio Pollo;70;10;457.2704139317265
Medio Pollo Superior;70;10;509.8272646368731
Medio Pollo Inferior;70;10;630.4659833303199
Cuarto de Pollo Superior;70;10;762.1963659372333
Muslo Entero;70;10;595.4566727160317
Pechuga Completa;70;10;1362.1278368920107
Ala Completa;70;10;908.5943156498448
Media Pechuga;70;10;2229.2180435250766
Blanqueta;70;10;0.0
Alón;70;10;0.0
Punta;70;10;0.0
Jamoncito;70;10;1071.2871471315104
Medio Muslo;70;10;1440.763613545389
Entero;71;10;539.3757350498723
Medio Pollo;71;10;441.3489904152781
Medio Pollo Superior;71;10;826.1125424267
Medio Pollo Inferior;71;10;539.2645022051578
Cuarto de Pollo Superior;71;10;1259.8940480393585
Muslo Entero;71;10;1140.3094886277363
Pechuga Completa;71;10;1107.0924269471245
Ala Completa;71;10;503.6236069805464
Media Pechuga;71;10;1972.9553777887616
Blanqueta;71;10;0.0
Alón;71;10;0.0
Punta;71;10;0.0
Jamoncito;71;10;549.5019821551847
Medio Muslo;71;10;1107.7634408602148
Entero;72;10;502.72126722300806
Medio Pollo;72;10;449.4576530706115
Medio Pollo Superior;72;10;847.8381954978107
Medio Pollo Inferior;72;10;791.1484569173697
Cuarto de Pollo Superior;72;10;991.3175807614618
Muslo Entero;72;10;671.4382757860642
Pechuga Completa;72;10;1369.15495511527
Ala Completa;72;10;702.7504117803176
Media Pechuga;72;10;1084.868029730943
Blanqueta;72;10;0.0
Alón;72;10;0.0
Punta;72;10;0.0
Jamoncito;72;10;1072.6879947521118
Medio Muslo;72;10;1146.2521003567886
Entero;73;10;393.22500458748095
Medio Pollo;73;10;575.1348789643133
Medio Pollo Superior;73;10;605.1793379344912
Medio Pollo Inferior;73;10;743.0728174027986
Cuarto de Pollo Superior;73;10;1114.5984577407169
Muslo Entero;73;10;844.8173961112388
Pechuga Completa;73;10;1080.8894928696218
Ala Completa;73;10;427.8846480921168
Media Pechuga;73;10;1383.7826252778682
Blanqueta;73;10;0.0
Alón;73;10;0.0
Punta;73;10;0.0
Jamoncito;73;10;774.2130639637204
Medio Muslo;73;10;1607.4683365168721
Entero;74;10;373.136943142125
Medio Pollo;74;10;545.6514539285517
Medio Pollo Superior;74;10;1012.1584412323795
Medio Pollo Inferior;74;10;697.7373317622992
Cuarto de Pollo Superior;74;10;923.523809580469
Muslo Entero;74;10;850.0877362359593
Pechuga Completa;74;10;1022.3359340173843
Ala Completa;74;10;531.9752286722559
Media Pechuga;74;10;1626.1611723637952
Blanqueta;74;10;0.0
Alón;74;10;0.0
Punta;74;10;0.0
Jamoncito;74;10;1018.3719719281262
Medio Muslo;74;10;1324.8702270452143
Entero;75;10;477.58378257415984
Medio Pollo;75;10;350.70724343855653
Medio Pollo Superior;75;10;522.5963677561103
Medio Pollo Inferior;75;10;835.6734559421742
Cuarto de Pollo Superior;75;10;761.4780707443741
Muslo Entero;75;10;845.050458477588
Pechuga Completa;75;10;1453.6219784647428
Ala Completa;75;10;862.6378555399023
Media Pechuga;75;10;1409.657201028488
Blanqueta;75;10;0.0
Alón;75;10;0.0
Punta;75;10;0.0
Jamoncito;75;10;1066.2997897598427
Medio Muslo;75;10;1963.7534221026297
Entero;76;10;488.3331669440986
Medio Pollo;76;10;445.8958918154525
Medio Pollo Superior;76;10;875.898125108053
Medio Pollo Inferior;76;10;617.4533146231252
Cuarto de Pollo Superior;76;10;1416.4381059823504
Muslo Entero;76;10;809.4386080454725
Pechuga Completa;76;10;1895.943312748327
Ala Completa;76;10;700.0134972252918
Media Pechuga;76;10;1188.8516342141795
Blanqueta;76;10;0.0
Alón;76;10;0.0
Punta;76;10;0.0
Jamoncito;76;10;1140.996298809493
Medio Muslo;76;10;1452.1182795698924
Entero;77;10;426.8284014606902
Medio Pollo;77;10;629.275032823842
Medio Pollo Superior;77;10;713.8640733203292
Medio Pollo Inferior;77;10;650.6737358034393
Cuarto de Pollo Superior;77;10;1026.4657286567654
Muslo Entero;77;10;1024.0045685801358
Pechuga Completa;77;10;1011.2575458462272
Ala Completa;77;10;580.925663213466
Media Pechuga;77;10;1855.4292684064583
Blanqueta;77;10;0.0
Alón;77;10;0.0
Punta;77;10;0.0
Jamoncito;77;10;1061.855263276474
Medio Muslo;77;10;1592.978494623656
Entero;78;10;339.5078206522016
Medio Pollo;78;10;742.100167777898
Medio Pollo Superior;78;10;682.8885949517205
Medio Pollo Inferior;78;10;802.0133441702031
Cuarto de Pollo Superior;78;10;1403.125357207718
Muslo Entero;78;10;593.8899329137896
Pechuga Completa;78;10;1142.4249620030319
Ala Completa;78;10;448.8281685406663
Media Pechuga;78;10;1727.9510211640136
Blanqueta;78;10;0.0
Alón;78;10;0.0
Punta;78;10;0.0
Jamoncito;78;10;692.1506072444223
Medio Muslo;78;10;1012.7521266708501
Entero;79;10;402.83332783683574
Medio Pollo;79;10;368.54150403897734
Medio Pollo Superior;79;10;1048.7299490250546
Medio Pollo Inferior;79;10;581.9296586321659
Cuarto de Pollo Superior;79;10;1136.929566311157
Muslo Entero;79;10;786.4972816914163
Pechuga Completa;79;10;1556.6789165924793
Ala Completa;79;10;881.5280853658252
Media Pechuga;79;10;2179.644946755974
Blanqueta;79;10;0.0
Alón;79;10;0.0
Punta;79;10;0.0
Jamoncito;79;10;1045.667427883627
Medio Muslo;79;10;1890.4091636517303
Entero;80;10;446.44353308616246
Medio Pollo;80;10;533.4280508616091
Medio Pollo Superior;80;10;886.0438835791073
Medio Pollo Inferior;80;10;428.53202492393336
Cuarto de Pollo Superior;80;10;954.7682195402439
Muslo Entero;80;10;675.2144668024725
Pechuga Completa;80;10;875.8366449860199
Ala Completa;80;10;518.5091551415502
Media Pechuga;80;10;1116.7879184832445
Blanqueta;80;10;0.0
Alón;80;10;0.0
Punta;80;10;0.0
Jamoncito;80;10;918.8718028791358
Medio Muslo;80;10;1590.021505376344
Entero;81;10;343.3994723513844
Medio Pollo;81;10;778.0703510705296
Medio Pollo Superior;81;10;666.4222472663591
Medio Pollo Inferior;81;10;929.3962419911204
Cuarto de Pollo Superior;81;10;1238.4307164424442
Muslo Entero;81;10;1216.0494907966172
Pechuga Completa;81;10;1500.6139344405776
Ala Completa;81;10;660.0866942275572
Media Pechuga;81;10;2151.4544655932023
Blanqueta;81;10;0.0
Alón;81;10;0.0
Punta;81;10;0.0
Jamoncito;81;10;838.6919020156795
Medio Muslo;81;10;1020.0330937165188
Entero;82;10;401.29860439584706
Medio Pollo;82;10;793.9531764781664
Medio Pollo Superior;82;10;704.283725611398
Medio Pollo Inferior;82;10;690.450860806239
Cuarto de Pollo Superior;82;10;829.144052289502
Muslo Entero;82;10;528.1547890519331
Pechuga Completa;82;10;1138.1744002225794
Ala Completa;82;10;528.8441550250133
Media Pechuga;82;10;2309.1953916238026
Blanqueta;82;10;0.0
Alón;82;10;0.0
Punta;82;10;0.0
Jamoncito;82;10;666.9464136938489
Medio Muslo;82;10;1244.9048287177852
Entero;83;10;348.66664452664736
Medio Pollo;83;10;372.4907565008075
Medio Pollo Superior;83;10;709.2210755093195
Medio Pollo Inferior;83;10;838.4539282989724
Cuarto de Pollo Superior;83;10;1102.2488513436072
Muslo Entero;83;10;1008.2623936116777
Pechuga Completa;83;10;1170.2378999056757
Ala Completa;83;10;628.1850250508212
Media Pechuga;83;10;2087.307702237359
Blanqueta;83;10;0.0
Alón;83;10;0.0
Punta;83;10;0.0
Jamoncito;83;10;543.0171091210068
Medio Muslo;83;10;1984.8598855132725
Entero;84;10;595.358767066696
Medio Pollo;84;10;392.1222929953186
Medio Pollo Superior;84;10;506.92142819134256
Medio Pollo Inferior;84;10;888.9624661574213
Cuarto de Pollo Superior;84;10;797.8766950921171
Muslo Entero;84;10;1103.3512583306197
Pechuga Completa;84;10;1380.415870941234
Ala Completa;84;10;539.0684967237321
Media Pechuga;84;10;1351.8741507183784
Blanqueta;84;10;0.0
Alón;84;10;0.0
Punta;84;10;0.0
Jamoncito;84;10;710.2032348436353
Medio Muslo;84;10;1023.5719376907798
Entero;85;10;492.31660483841245
Medio Pollo;85;10;772.3839403600805
Medio Pollo Superior;85;10;701.1956176512305
Medio Pollo Inferior;85;10;719.1704469582634
Cuarto de Pollo Superior;85;10;630.8003707013945
Muslo Entero;85;10;743.18383888725
Pechuga Completa;85;10;1310.0054828278396
Ala Completa;85;10;548.1671907764764
Media Pechuga;85;10;1789.273963518679
Blanqueta;85;10;0.0
Alón;85;10;0.0
Punta;85;10;0.0
Jamoncito;85;10;771.9524286733953
Medio Muslo;85;10;1979.038996370384
Entero;86;10;650.3647189772421
Medio Pollo;86;10;373.3396649589889
Medio Pollo Superior;86;10;1021.5913286873215
Medio Pollo Inferior;86;10;704.1425179665382
Cuarto de Pollo Superior;86;10;727.9108971995622
Muslo Entero;86;10;1055.4196869897999
Pechuga Completa;86;10;1942.1959690529486
Ala Completa;86;10;751.6494895972215
Media Pechuga;86;10;1829.6400164507147
Blanqueta;86;10;0.0
Alón;86;10;0.0
Punta;86;10;0.0
Jamoncito;86;10;694.9736751975145
Medio Muslo;86;10;1228.175277286719
Entero;87;10;493.8276331812209
Medio Pollo;87;10;789.3110331249698
Medio Pollo Superior;87;10;692.3122861230763
Medio Pollo Inferior;87;10;683.0966901896339
Cuarto de Pollo Superior;87;10;1052.6478200109489
Muslo Entero;87;10;630.7277823805568
Pechuga Completa;87;10;1292.2382655649087
Ala Completa;87;10;551.4349204299485
Media Pechuga;87;10;1851.2336495510342
Blanqueta;87;10;0.0
Alón;87;10;0.0
Punta;87;10;0.0
Jamoncito;87;10;1154.2487740932197
Medio Muslo;87;10;1326.7170559733568
Entero;88;10;397.06666251885014
Medio Pollo;88;10;571.8252525094251
Medio Pollo Superior;88;10;683.8119689113431
Medio Pollo Inferior;88;10;511.0708020059248
Cuarto de Pollo Superior;88;10;776.3117178982288
Muslo Entero;88;10;717.5249735528355
Pechuga Completa;88;10;1658.4740549363153
Ala Completa;88;10;740.973578511588
Media Pechuga;88;10;2210.096250394644
Blanqueta;88;10;0.0
Alón;88;10;0.0
Punta;88;10;0.0
Jamoncito;88;10;614.7629994996983
Medio Muslo;88;10;1585.5999819059118
Entero;89;10;618.8828826818509
Medio Pollo;89;10;476.67988297511056
Medio Pollo Superior;89;10;514.8998595983364
Medio Pollo Inferior;89;10;470.9057786581646
Cuarto de Pollo Superior;89;10;766.2439113223662
Muslo Entero;89;10;721.107492667581
Pechuga Completa;89;10;1553.8626791291586
Ala Completa;89;10;818.596770018589
Media Pechuga;89;10;1721.7425532796435
Blanqueta;89;10;0.0
Alón;89;10;0.0
Punta;89;10;0.0
Jamoncito;89;10;565.5426104943703
Medio Muslo;89;10;1436.916147126346
Entero;90;10;549.2279940559653
Medio Pollo;90;10;456.65837150151845
Medio Pollo Superior;90;10;1004.315644601227
Medio Pollo Inferior;90;10;727.08739386855
Cuarto de Pollo Superior;90;10;969.4143217825867
Muslo Entero;90;10;1114.253898601582
Pechuga Completa;90;10;980.2017345289406
Ala Completa;90;10;648.5041324566591
Media Pechuga;90;10;2096.4993674653
Blanqueta;90;10;0.0
Alón;90;10;0.0
Punta;90;10;0.0
Jamoncito;90;10;1084.4627289564473
Medio Muslo;90;10;1590.514087849982
Entero;91;10;381.4494874025481
Medio Pollo;91;10;720.5734003256001
Medio Pollo Superior;91;10;1091.5985373808173
Medio Pollo Inferior;91;10;496.9359441345474
Cuarto de Pollo Superior;91;10;1441.40225049001
Muslo Entero;91;10;1248.525139967072
Pechuga Completa;91;10;1071.3875773415477
Ala Completa;91;10;468.57563382209787
Media Pechuga;91;10;1753.3962501772326
Blanqueta;91;10;0.0
Alón;91;10;0.0
Punta;91;10;0.0
Jamoncito;91;10;1122.485416541824
Medio Muslo;91;10;1646.7005999389003
Entero;92;10;538.5051629093955
Medio Pollo;92;10;374.1225642633376
Medio Pollo Superior;92;10;995.2793938055937
Medio Pollo Inferior;92;10;893.2653066017376
Cuarto de Pollo Superior;92;10;865.0364071449575
Muslo Entero;92;10;881.9810316350881
Pechuga Completa;92;10;1335.2181921871877
Ala Completa;92;10;673.3630788298868
Media Pechuga;92;10;1102.044405790087
Blanqueta;92;10;0.0
Alón;92;10;0.0
Punta;92;10;0.0
Jamoncito;92;10;655.4729552747842
Medio Muslo;92;10;1503.2799358670316
Entero;93;10;226.0564114441965
Medio Pollo;93;10;582.868658725905
Medio Pollo Superior;93;10;590.9162192420705
Medio Pollo Inferior;93;10;614.0667952131183
Cuarto de Pollo Superior;93;10;1016.7988507218715
Muslo Entero;93;10;1130.0125151621035
Pechuga Completa;93;10;863.4716591717199
Ala Completa;93;10;660.2665038625938
Media Pechuga;93;10;1393.1103179273941
Blanqueta;93;10;0.0
Alón;93;10;0.0
Punta;93;10;0.0
Jamoncito;93;10;621.7922266269313
Medio Muslo;93;10;1119.9978458219018
Entero;94;10;482.0
Medio Pollo;94;10;547.5811563897743
Medio Pollo Superior;94;10;569.6035724653672
Medio Pollo Inferior;94;10;723.9322911783293
Cuarto de Pollo Superior;94;10;1077.8559832269357
Muslo Entero;94;10;688.5139425885187
Pechuga Completa;94;10;1435.487156814954
Ala Completa;94;10;803.283277347484
Media Pechuga;94;10;1665.1295052181506
Blanqueta;94;10;0.0
Alón;94;10;0.0
Punta;94;10;0.0
Jamoncito;94;10;908.1978533673728
Medio Muslo;94;10;1531.3428487663962
Entero;95;10;435.65227257021405
Medio Pollo;95;10;617.4458643595259
Medio Pollo Superior;95;10;1005.5560996280623
Medio Pollo Inferior;95;10;501.8020526137921
Cuarto de Pollo Superior;95;10;1396.5564689950247
Muslo Entero;95;10;816.8812966839464
Pechuga Completa;95;10;928.6216261117303
Ala Completa;95;10;599.0304330320081
Media Pechuga;95;10;1393.0310455562915
Blanqueta;95;10;0.0
Alón;95;10;0.0
Punta;95;10;0.0
Jamoncito;95;10;1144.4612076914277
Medio Muslo;95;10;1144.7950615665598
Entero;96;10;529.347727429786
Medio Pollo;96;10;520.312579233785
Medio Pollo Superior;96;10;1017.1566965592709
Medio Pollo Inferior;96;10;418.7283716058021
Cuarto de Pollo Superior;96;10;1299.425432453519
Muslo Entero;96;10;572.830292871513
Pechuga Completa;96;10;1301.125660378671
Ala Completa;96;10;637.5701879905187
Media Pechuga;96;10;1873.739042537706
Blanqueta;96;10;0.0
Alón;96;10;0.0
Punta;96;10;0.0
Jamoncito;96;10;878.7207546947018
Medio Muslo;96;10;2070.290430281092
Entero;97;10;483.0
Medio Pollo;97;10;680.727227070877
Medio Pollo Superior;97;10;1019.4862061852207
Medio Pollo Inferior;97;10;970.4577662808598
Cuarto de Pollo Superior;97;10;1370.7518664800934
Muslo Entero;97;10;844.4539154204305
Pechuga Completa;97;10;1558.0205813285809
Ala Completa;97;10;672.8290298030751
Media Pechuga;97;10;1222.449568435445
Blanqueta;97;10;0.0
Alón;97;10;0.0
Punta;97;10;0.0
Jamoncito;97;10;1120.258117735341
Medio Muslo;97;10;1568.8279282513154
Entero;98;10;482.0
Medio Pollo;98;10;715.3257357263523
Medio Pollo Superior;98;10;763.9756971180709
Medio Pollo Inferior;98;10;831.0531965715458
Cuarto de Pollo Superior;98;10;1374.2463435321934
Muslo Entero;98;10;1234.9585388156847
Pechuga Completa;98;10;1842.8158004061856
Ala Completa;98;10;594.8412041042592
Media Pechuga;98;10;1467.8835492308385
Blanqueta;98;10;0.0
Alón;98;10;0.0
Punta;98;10;0.0
Jamoncito;98;10;855.5920461331093
Medio Muslo;98;10;1471.8104014417663
Entero;99;10;482.9999999999691
Medio Pollo;99;10;350.5979875550045
Medio Pollo Superior;99;10;985.1724362578801
Medio Pollo Inferior;99;10;672.8125264288655
Cuarto de Pollo Superior;99;10;1166.3942888660256
Muslo Entero;99;10;828.4729296504648
Pechuga Completa;99;10;965.4375106726989
Ala Completa;99;10;672.1636287341726
Media Pechuga;99;10;1840.001521153739
Blanqueta;99;10;0.0
Alón;99;10;0.0
Punta;99;10;2.645802768793972e-13
Jamoncito;99;10;895.8196958833273
Medio Muslo;99;10;1524.6989247311826
Entero;100;10;441.5110208719541
Medio Pollo;100;10;721.3585256962986
Medio Pollo Superior;100;10;843.6129032258065
Medio Pollo Inferior;100;10;816.3730498168384
Cuarto de Pollo Superior;100;10;857.30510373888
Muslo Entero;100;10;1163.0954047761165
Pechuga Completa;100;10;1430.8927515600503
Ala Completa;100;10;426.1295804810216
Media Pechuga;100;10;1083.514473361633
Blanqueta;100;10;0.0
Alón;100;10;0.0
Punta;100;10;0.0
Jamoncito;100;10;829.6236559139785
Medio Muslo;100;10;1465.8279569892475
Entero;101;10;480.6404368377303
Medio Pollo;101;10;703.8607985756461
Medio Pollo Superior;101;10;843.6129032258065
Medio Pollo Inferior;101;10;968.489437182365
Cuarto de Pollo Superior;101;10;905.1934931022777
Muslo Entero;101;10;1175.8626901763948
Pechuga Completa;101;10;1348.8374682237486
Ala Completa;101;10;524.1170304384207
Media Pechuga;101;10;1462.3164040303773
Blanqueta;101;10;0.0
Alón;101;10;0.0
Punta;101;10;0.0
Jamoncito;101;10;888.6344086021506
Medio Muslo;101;10;1004.6197884213822
Entero;102;10;470.23359200278736
Medio Pollo;102;10;683.5988084815606
Medio Pollo Superior;102;10;843.6129032258065
Medio Pollo Inferior;102;10;969.035201479655
Cuarto de Pollo Superior;102;10;636.4969802733308
Muslo Entero;102;10;1195.5872125857843
Pechuga Completa;102;10;976.5372463030149
Ala Completa;102;10;646.957367039968
Media Pechuga;102;10;1294.9364417153895
Blanqueta;102;10;0.0
Alón;102;10;0.0
Punta;102;10;0.0
Jamoncito;102;10;835.9462365591398
Medio Muslo;102;10;1571.0238987150692
Entero;103;10;540.6149502875282
Medio Pollo;103;10;447.4124531500642
Medio Pollo Superior;103;10;798.4378361090104
Medio Pollo Inferior;103;10;537.6218285304731
Cuarto de Pollo Superior;103;10;638.2449750954904
Muslo Entero;103;10;790.415276281339
Pechuga Completa;103;10;1052.2355017500252
Ala Completa;103;10;408.0665816755108
Media Pechuga;103;10;2310.529207049064
Blanqueta;103;10;0.0
Alón;103;10;0.0
Punta;103;10;0.0
Jamoncito;103;10;672.2614067452215
Medio Muslo;103;10;1208.2330171312408
Entero;104;10;483.0
Medio Pollo;104;10;659.1716282319279
Medio Pollo Superior;104;10;514.2995140200496
Medio Pollo Inferior;104;10;762.4851885245724
Cuarto de Pollo Superior;104;10;650.2711071354847
Muslo Entero;104;10;617.1529601065686
Pechuga Completa;104;10;1429.9059684856245
Ala Completa;104;10;774.5769627208979
Media Pechuga;104;10;1233.631713076476
Blanqueta;104;10;0.0
Alón;104;10;0.0
Punta;104;10;0.0
Jamoncito;104;10;671.4029331050957
Medio Muslo;104;10;1921.715523097589
Entero;105;10;484.0
Medio Pollo;105;10;657.9651490220704
Medio Pollo Superior;105;10;1122.4139474641113
Medio Pollo Inferior;105;10;919.2939981397277
Cuarto de Pollo Superior;105;10;1369.846474918379
Muslo Entero;105;10;844.0507875347006
Pechuga Completa;105;10;1035.9565933475164
Ala Completa;105;10;653.1955805292897
Media Pechuga;105;10;1069.5455915315179
Blanqueta;105;10;0.0
Alón;105;10;0.0
Punta;105;10;0.0
Jamoncito;105;10;1045.2201060102489
Medio Muslo;105;10;929.7822391219551
Entero;106;10;481.00000000001
Medio Pollo;106;10;435.69423935025003
Medio Pollo Superior;106;10;1070.0881174232957
Medio Pollo Inferior;106;10;882.4162522059887
Cuarto de Pollo Superior;106;10;1443.8742082206704
Muslo Entero;106;10;703.7532813666877
Pechuga Completa;106;10;1599.9327566698782
Ala Completa;106;10;762.0810610842163
Media Pechuga;106;10;1980.7571391961058
Blanqueta;106;10;0.0
Alón;106;10;0.0
Punta;106;10;0.0
Jamoncito;106;10;833.1155541394342
Medio Muslo;106;10;1956.9835507264643
Entero;107;10;481.99999999915417
Medio Pollo;107;10;692.2129492011913
Medio Pollo Superior;107;10;686.4158360765769
Medio Pollo Inferior;107;10;517.8308366094186
Cuarto de Pollo Superior;107;10;1330.8528735108353
Muslo Entero;107;10;1092.5435739434859
Pechuga Completa;107;10;1672.3406041890366
Ala Completa;107;10;499.399091289217
Media Pechuga;107;10;1734.5701025595502
Blanqueta;107;10;1.6211113093004988e-12
Alón;107;10;0.0
Punta;107;10;1.1186207308740647e-12
Jamoncito;107;10;1028.1222826108844
Medio Muslo;107;10;1604.2599841486838
Entero;108;10;481.0
Medio Pollo;108;10;497.42445049093635
Medio Pollo Superior;108;10;928.0866843908275
Medio Pollo Inferior;108;10;469.93655099365435
Cuarto de Pollo Superior;108;10;1216.9945074977982
Muslo Entero;108;10;812.3120718373344
Pechuga Completa;108;10;1157.952972286311
Ala Completa;108;10;616.6660445713368
Media Pechuga;108;10;1886.5219316751104
Blanqueta;108;10;1.4597135426787988e-12
Alón;108;10;0.0
Punta;108;10;2.16593531028864e-12
Jamoncito;108;10;638.0497603998682
Medio Muslo;108;10;1486.7260846591207
Entero;109;10;365.4892064786641
Medio Pollo;109;10;591.9459747168668
Medio Pollo Superior;109;10;616.5314418427888
Medio Pollo Inferior;109;10;869.7563014873012
Cuarto de Pollo Superior;109;10;1191.6145298565275
Muslo Entero;109;10;997.7395922283852
Pechuga Completa;109;10;887.6562762510096
Ala Completa;109;10;645.4292324389022
Media Pechuga;109;10;1685.073275340018
Blanqueta;109;10;1.937389028450442e-12
Alón;109;10;0.0
Punta;109;10;3.5342276592900806e-13
Jamoncito;109;10;832.9354838709677
Medio Muslo;109;10;1451.5303332270362
Entero;110;10;356.94789583002193
Medio Pollo;110;10;586.2422746452304
Medio Pollo Superior;110;10;578.2366662769296
Medio Pollo Inferior;110;10;746.559544583323
Cuarto de Pollo Superior;110;10;1247.2632358688363
Muslo Entero;110;10;919.560636208822
Pechuga Completa;110;10;1689.1080470094093
Ala Completa;110;10;608.5617265312886
Media Pechuga;110;10;1487.1915238239876
Blanqueta;110;10;2.400624830905667e-12
Alón;110;10;0.0
Punta;110;10;0.0
Jamoncito;110;10;857.1720430107528
Medio Muslo;110;10;978.2021151373845
Entero;111;10;301.0770336536908
Medio Pollo;111;10;378.66893214773506
Medio Pollo Superior;111;10;764.0307796733738
Medio Pollo Inferior;111;10;484.03151854692806
Cuarto de Pollo Superior;111;10;1366.606275943383
Muslo Entero;111;10;905.3548387096774
Pechuga Completa;111;10;1170.733587584056
Ala Completa;111;10;541.6841007564268
Media Pechuga;111;10;2053.5231289108738
Blanqueta;111;10;2.401001953375155e-12
Alón;111;10;0.0
Punta;111;10;0.0
Jamoncito;111;10;488.82684732248424
Medio Muslo;111;10;1489.3174127516377
Entero;112;10;523.7622348259556
Medio Pollo;112;10;478.23538216936646
Medio Pollo Superior;112;10;951.5659494838761
Medio Pollo Inferior;112;10;907.6470541162721
Cuarto de Pollo Superior;112;10;826.1007560857099
Muslo Entero;112;10;926.1194445466734
Pechuga Completa;112;10;1781.222973481646
Ala Completa;112;10;771.7265562840014
Media Pechuga;112;10;1643.9908777125531
Blanqueta;112;10;1.6025608847462379e-12
Alón;112;10;0.0
Punta;112;10;0.0
Jamoncito;112;10;627.1755447101165
Medio Muslo;112;10;1288.6669468019927
Entero;113;10;618.4058104703837
Medio Pollo;113;10;569.8321997632141
Medio Pollo Superior;113;10;971.1543463587054
Medio Pollo Inferior;113;10;414.4704364972572
Cuarto de Pollo Superior;113;10;170.06681354143166
Muslo Entero;113;10;884.1708780339718
Pechuga Completa;113;10;1473.0982428690293
Ala Completa;113;10;523.8456938054351
Media Pechuga;113;10;1284.0856926590097
Blanqueta;113;10;1.1680943387198073e-12
Alón;113;10;0.0
Punta;113;10;0.0
Jamoncito;113;10;507.6273535528577
Medio Muslo;113;10;1682.7075905725535
Entero;114;10;489.57360547077747
Medio Pollo;114;10;692.0978016033432
Medio Pollo Superior;114;10;699.6217872673406
Medio Pollo Inferior;114;10;768.317607951052
Cuarto de Pollo Superior;114;10;1187.2288943898418
Muslo Entero;114;10;1040.1774193548388
Pechuga Completa;114;10;1911.3748468174308
Ala Completa;114;10;623.0948462147486
Media Pechuga;114;10;1080.470832899083
Blanqueta;114;10;0.0
Alón;114;10;0.0
Punta;114;10;0.0
Jamoncito;114;10;655.3759622545501
Medio Muslo;114;10;1715.162507600409
Entero;115;10;557.963809206757
Medio Pollo;115;10;695.1547852075723
Medio Pollo Superior;115;10;945.523577147131
Medio Pollo Inferior;115;10;783.0065770066897
Cuarto de Pollo Superior;115;10;1301.4807830295133
Muslo Entero;115;10;770.1129032258065
Pechuga Completa;115;10;1259.7767826871352
Ala Completa;115;10;456.8318596233066
Media Pechuga;115;10;1929.0309972779999
Blanqueta;115;10;0.0
Alón;115;10;0.0
Punta;115;10;0.0
Jamoncito;115;10;863.0004129759201
Medio Muslo;115;10;967.4593528560939
Entero;116;10;533.3988417114391
Medio Pollo;116;10;386.5042382238368
Medio Pollo Superior;116;10;908.8643270025277
Medio Pollo Inferior;116;10;856.6937636562322
Cuarto de Pollo Superior;116;10;1280.3548387096776
Muslo Entero;116;10;931.1451612903227
Pechuga Completa;116;10;1352.334222094273
Ala Completa;116;10;668.5853938121993
Media Pechuga;116;10;1700.8573143771616
Blanqueta;116;10;0.0
Alón;116;10;0.0
Punta;116;10;0.0
Jamoncito;116;10;871.6242996487027
Medio Muslo;116;10;1282.295966606348
Entero;117;10;465.34144300489976
Medio Pollo;117;10;737.6704917111241
Medio Pollo Superior;117;10;708.6404193748173
Medio Pollo Inferior;117;10;700.0
Cuarto de Pollo Superior;117;10;744.4193548387098
Muslo Entero;117;10;564.4261998201405
Pechuga Completa;117;10;920.0370098465295
Ala Completa;117;10;576.8590230117237
Media Pechuga;117;10;1507.105011659294
Blanqueta;117;10;0.0
Alón;117;10;0.0
Punta;117;10;0.0
Jamoncito;117;10;665.7897166742217
Medio Muslo;117;10;926.0972124587059
Entero;118;10;402.36144586802305
Medio Pollo;118;10;627.6991883458086
Medio Pollo Superior;118;10;1161.0164453015739
Medio Pollo Inferior;118;10;700.0
Cuarto de Pollo Superior;118;10;771.5656318208299
Muslo Entero;118;10;938.7984768027072
Pechuga Completa;118;10;1188.5760675514218
Ala Completa;118;10;760.8145824271511
Media Pechuga;118;10;2415.8088271968236
Blanqueta;118;10;0.0
Alón;118;10;0.0
Punta;118;10;0.0
Jamoncito;118;10;838.1132375177415
Medio Muslo;118;10;1585.606815908769
Entero;119;10;609.8097298091983
Medio Pollo;119;10;597.4492147728212
Medio Pollo Superior;119;10;539.0137214542425
Medio Pollo Inferior;119;10;494.41110083265767
Cuarto de Pollo Superior;119;10;1028.6852268520877
Muslo Entero;119;10;986.1253192238937
Pechuga Completa;119;10;1233.5313982845873
Ala Completa;119;10;527.2402998997652
Media Pechuga;119;10;1692.1398000047104
Blanqueta;119;10;0.0
Alón;119;10;0.0
Punta;119;10;0.0
Jamoncito;119;10;956.6607177528539
Medio Muslo;119;10;1961.5787366589884
Entero;120;10;357.7101173605768
Medio Pollo;120;10;591.6943594357847
Medio Pollo Superior;120;10;1142.0036940662876
Medio Pollo Inferior;120;10;537.3049119803308
Cuarto de Pollo Superior;120;10;1039.7658442177312
Muslo Entero;120;10;871.4045002756
Pechuga Completa;120;10;1711.4107421294239
Ala Completa;120;10;770.3898917702015
Media Pechuga;120;10;1652.9361379337158
Blanqueta;120;10;0.0
Alón;120;10;0.0
Punta;120;10;0.0
Jamoncito;120;10;758.835268328077
Medio Muslo;120;10;2019.6527132412068
Entero;121;10;406.4221237678536
Medio Pollo;121;10;586.6446502193589
Medio Pollo Superior;121;10;950.2145663926207
Medio Pollo Inferior;121;10;806.0069826379188
Cuarto de Pollo Superior;121;10;1306.9304943845057
Muslo Entero;121;10;903.3711792309176
Pechuga Completa;121;10;1972.4995151957075
Ala Completa;121;10;496.46036922769395
Media Pechuga;121;10;1215.9082135376245
Blanqueta;121;10;0.0
Alón;121;10;0.0
Punta;121;10;0.0
Jamoncito;121;10;942.4269327497938
Medio Muslo;121;10;1786.7868123079056
Entero;122;10;527.6699555528388
Medio Pollo;122;10;459.7626032430727
Medio Pollo Superior;122;10;929.3242138416568
Medio Pollo Inferior;122;10;517.6911902099421
Cuarto de Pollo Superior;122;10;928.8876305911034
Muslo Entero;122;10;991.2860522412044
Pechuga Completa;122;10;1168.9448438289182
Ala Completa;122;10;436.82331025849095
Media Pechuga;122;10;1861.4663712488236
Blanqueta;122;10;0.0
Alón;122;10;0.0
Punta;122;10;0.0
Jamoncito;122;10;542.7154245428443
Medio Muslo;122;10;1472.010752688172
Entero;123;10;310.37527850039953
Medio Pollo;123;10;719.2484323962539
Medio Pollo Superior;123;10;855.8064516129033
Medio Pollo Inferior;123;10;849.5251024090587
Cuarto de Pollo Superior;123;10;990.5927054401053
Muslo Entero;123;10;557.1028942096882
Pechuga Completa;123;10;1256.1527088583064
Ala Completa;123;10;417.9186630548073
Media Pechuga;123;10;2272.353297952209
Blanqueta;123;10;0.0
Alón;123;10;0.0
Punta;123;10;0.0
Jamoncito;123;10;715.7499119718276
Medio Muslo;123;10;1568.516129032258
Entero;124;10;343.01148595475934
Medio Pollo;124;10;799.6294419156485
Medio Pollo Superior;124;10;741.3033797394586
Medio Pollo Inferior;124;10;750.7531031566419
Cuarto de Pollo Superior;124;10;667.2303270543129
Muslo Entero;124;10;819.5492089889491
Pechuga Completa;124;10;1046.4270227466777
Ala Completa;124;10;623.4711509769921
Media Pechuga;124;10;1797.9366936661233
Blanqueta;124;10;0.0
Alón;124;10;0.0
Punta;124;10;0.0
Jamoncito;124;10;764.8637717738044
Medio Muslo;124;10;1140.5393256340735
Entero;125;10;424.1375268088954
Medio Pollo;125;10;566.5522897999533
Medio Pollo Superior;125;10;621.5564429116879
Medio Pollo Inferior;125;10;911.442071577005
Cuarto de Pollo Superior;125;10;867.0207323386054
Muslo Entero;125;10;652.2722516711335
Pechuga Completa;125;10;1122.8857163597065
Ala Completa;125;10;592.6901454669193
Media Pechuga;125;10;1271.567844835996
Blanqueta;125;10;0.0
Alón;125;10;0.0
Punta;125;10;0.0
Jamoncito;125;10;978.2765542036931
Medio Muslo;125;10;1275.2373519527252
Entero;126;10;335.9477252532398
Medio Pollo;126;10;649.6154059306359
Medio Pollo Superior;126;10;1073.705368260892
Medio Pollo Inferior;126;10;732.8655371964451
Cuarto de Pollo Superior;126;10;640.9690589172851
Muslo Entero;126;10;1000.5182569667795
Pechuga Completa;126;10;1624.8422328824556
Ala Completa;126;10;464.13847275078587
Media Pechuga;126;10;2275.91968410455
Blanqueta;126;10;0.0
Alón;126;10;0.0
Punta;126;10;0.0
Jamoncito;126;10;817.0654193281136
Medio Muslo;126;10;1849.4050234602846
Entero;127;10;618.619057143442
Medio Pollo;127;10;670.6989096616983
Medio Pollo Superior;127;10;1041.837462804118
Medio Pollo Inferior;127;10;538.676094985589
Cuarto de Pollo Superior;127;10;1089.1415338895524
Muslo Entero;127;10;873.5820756863944
Pechuga Completa;127;10;1593.0728764076907
Ala Completa;127;10;584.2944223292349
Media Pechuga;127;10;1520.7051801798102
Blanqueta;127;10;0.0
Alón;127;10;0.0
Punta;127;10;0.0
Jamoncito;127;10;635.1759996669529
Medio Muslo;127;10;1491.153310302603
Entero;128;10;306.9756733199257
Medio Pollo;128;10;483.24087674360163
Medio Pollo Superior;128;10;832.6447608634226
Medio Pollo Inferior;128;10;838.2845019588494
Cuarto de Pollo Superior;128;10;625.4692208645407
Muslo Entero;128;10;619.483152755783
Pechuga Completa;128;10;1295.1992740375722
Ala Completa;128;10;850.0220890827896
Media Pechuga;128;10;1240.3841209503566
Blanqueta;128;10;0.0
Alón;128;10;0.0
Punta;128;10;0.0
Jamoncito;128;10;1157.8741278385955
Medio Muslo;128;10;1655.0628381126792
Entero;129;10;295.67963728514997
Medio Pollo;129;10;657.1128636414037
Medio Pollo Superior;129;10;1010.7343935855804
Medio Pollo Inferior;129;10;613.5331271405062
Cuarto de Pollo Superior;129;10;1254.5002235742782
Muslo Entero;129;10;698.003680067516
Pechuga Completa;129;10;1047.790705837295
Ala Completa;129;10;632.0075413800388
Media Pechuga;129;10;1633.8149774094695
Blanqueta;129;10;0.0
Alón;129;10;0.0
Punta;129;10;0.0
Jamoncito;129;10;1058.5062444813589
Medio Muslo;129;10;1594.3225806451612
Entero;130;10;630.32036271485
Medio Pollo;130;10;443.6217046657211
Medio Pollo Superior;130;10;903.3228443925099
Medio Pollo Inferior;130;10;819.4507353213542
Cuarto de Pollo Superior;130;10;681.5098969532468
Muslo Entero;130;10;739.5160370107332
Pechuga Completa;130;10;1776.992086141631
Ala Completa;130;10;448.39316263776857
Media Pechuga;130;10;2187.5834461780078
Blanqueta;130;10;0.0
Alón;130;10;0.0
Punta;130;10;0.0
Jamoncito;130;10;1092.5642957948353
Medio Muslo;130;10;1228.1935483870966
Entero;131;10;434.5135672307793
Medio Pollo;131;10;630.1573431315535
Medio Pollo Superior;131;10;622.7760954356462
Medio Pollo Inferior;131;10;740.0706131979598
Cuarto de Pollo Superior;131;10;1099.7634125359607
Muslo Entero;131;10;988.2484840126303
Pechuga Completa;131;10;892.3004348666911
Ala Completa;131;10;692.7463700480042
Media Pechuga;131;10;1706.7872527621066
Blanqueta;131;10;0.0
Alón;131;10;0.0
Punta;131;10;0.0
Jamoncito;131;10;538.3814013524138
Medio Muslo;131;10;1415.8279569892472
Entero;132;10;480.4625816602456
Medio Pollo;132;10;549.7678829627873
Medio Pollo Superior;132;10;693.9608175928068
Medio Pollo Inferior;132;10;696.9526693312255
Cuarto de Pollo Superior;132;10;1313.0516504375178
Muslo Entero;132;10;1122.6027098865857
Pechuga Completa;132;10;1578.9779047329005
Ala Completa;132;10;401.39702837631296
Media Pechuga;132;10;1505.0183771406803
Blanqueta;132;10;0.0
Alón;132;10;0.0
Punta;132;10;0.0
Jamoncito;132;10;1097.2458264231268
Medio Muslo;132;10;1302.602411950729
Entero;133;10;455.369382020131
Medio Pollo;133;10;429.017583492946
Medio Pollo Superior;133;10;993.0289478792549
Medio Pollo Inferior;133;10;609.3822459850809
Cuarto de Pollo Superior;133;10;783.6476586554923
Muslo Entero;133;10;1070.0118543859526
Pechuga Completa;133;10;1102.2013225041899
Ala Completa;133;10;486.6118150083575
Media Pechuga;133;10;1270.2431066290428
Blanqueta;133;10;0.0
Alón;133;10;0.0
Punta;133;10;0.0
Jamoncito;133;10;714.4941239374901
Medio Muslo;133;10;1705.7515760650524
Entero;134;10;410.7331351164505
Medio Pollo;134;10;424.61115400817647
Medio Pollo Superior;134;10;451.064970405591
Medio Pollo Inferior;134;10;803.1125470222892
Cuarto de Pollo Superior;134;10;788.4732499891852
Muslo Entero;134;10;695.0773415023554
Pechuga Completa;134;10;1765.7162683004253
Ala Completa;134;10;873.8016930220903
Media Pechuga;134;10;2042.6921208760255
Blanqueta;134;10;0.0
Alón;134;10;0.0
Punta;134;10;0.0
Jamoncito;134;10;1041.1980468407971
Medio Muslo;134;10;1422.1943990809925
Entero;135;10;510.53025037646984
Medio Pollo;135;10;761.8241936799442
Medio Pollo Superior;135;10;818.6451612903227
Medio Pollo Inferior;135;10;547.255144653789
Cuarto de Pollo Superior;135;10;1406.9148408460524
Muslo Entero;135;10;671.3324029292667
Pechuga Completa;135;10;1516.1734305173552
Ala Completa;135;10;729.6920775030923
Media Pechuga;135;10;1222.0503356091826
Blanqueta;135;10;0.0
Alón;135;10;0.0
Punta;135;10;0.0
Jamoncito;135;10;775.2907510564143
Medio Muslo;135;10;986.5824669874982
Entero;136;10;483.39108359188015
Medio Pollo;136;10;491.8516137885933
Medio Pollo Superior;136;10;818.6451612903227
Medio Pollo Inferior;136;10;753.6015313617149
Cuarto de Pollo Superior;136;10;1115.52307518421
Muslo Entero;136;10;572.6103107009577
Pechuga Completa;136;10;1614.0047701088663
Ala Completa;136;10;793.1140090090408
Media Pechuga;136;10;1620.2935828536476
Blanqueta;136;10;-1.3982714061659718e-10
Alón;136;10;-6.864241448451134e-11
Punta;136;10;-2.0338493180595952e-11
Jamoncito;136;10;990.9498539739697
Medio Muslo;136;10;1303.6879926065258
Entero;137;10;462.0
Medio Pollo;137;10;524.8638596920521
Medio Pollo Superior;137;10;632.9061512384521
Medio Pollo Inferior;137;10;826.4872406545455
Cuarto de Pollo Superior;137;10;761.8624533777831
Muslo Entero;137;10;1016.8932632655266
Pechuga Completa;137;10;1727.2362360223722
Ala Completa;137;10;808.4854226240626
Media Pechuga;137;10;1650.3785131788043
Blanqueta;137;10;0.0
Alón;137;10;0.0
Punta;137;10;0.0
Jamoncito;137;10;1072.889991769752
Medio Muslo;137;10;1995.688585519585
Entero;138;10;377.21476320198997
Medio Pollo;138;10;351.275657949557
Medio Pollo Superior;138;10;519.1456966879066
Medio Pollo Inferior;138;10;441.2098959474714
Cuarto de Pollo Superior;138;10;917.1512824100262
Muslo Entero;138;10;772.2078558448189
Pechuga Completa;138;10;1420.2197441940798
Ala Completa;138;10;884.6888538266695
Media Pechuga;138;10;1767.072325550192
Blanqueta;138;10;0.0
Alón;138;10;0.0
Punta;138;10;0.0
Jamoncito;138;10;855.1173752673049
Medio Muslo;138;10;1374.9667919043472
Entero;139;10;373.4384439035395
Medio Pollo;139;10;565.5367522275925
Medio Pollo Superior;139;10;883.9803825854226
Medio Pollo Inferior;139;10;910.144880723218
Cuarto de Pollo Superior;139;10;1080.6389135362379
Muslo Entero;139;10;1050.4235269838448
Pechuga Completa;139;10;1812.3904853733104
Ala Completa;139;10;483.4906701231799
Media Pechuga;139;10;1380.32637773657
Blanqueta;139;10;0.0
Alón;139;10;0.0
Punta;139;10;0.0
Jamoncito;139;10;1135.0770594076669
Medio Muslo;139;10;1586.5522551286856
Entero;140;10;397.0542860870874
Medio Pollo;140;10;626.8900028850413
Medio Pollo Superior;140;10;688.770905916896
Medio Pollo Inferior;140;10;772.5484491357622
Cuarto de Pollo Superior;140;10;1316.2757579191364
Muslo Entero;140;10;749.7825256615537
Pechuga Completa;140;10;963.1971567988885
Ala Completa;140;10;843.7723626995227
Media Pechuga;140;10;1990.6592908744906
Blanqueta;140;10;0.0
Alón;140;10;0.0
Punta;140;10;0.0
Jamoncito;140;10;876.741935483871
Medio Muslo;140;10;1720.6079293587334
Entero;141;10;491.5650021474649
Medio Pollo;141;10;669.7648054832312
Medio Pollo Superior;141;10;1007.0214631899897
Medio Pollo Inferior;141;10;707.9677419354839
Cuarto de Pollo Superior;141;10;980.1203614351941
Muslo Entero;141;10;997.149374793219
Pechuga Completa;141;10;1483.8231396147573
Ala Completa;141;10;460.76206304653243
Media Pechuga;141;10;1973.041647151439
Blanqueta;141;10;0.0
Alón;141;10;0.0
Punta;141;10;0.0
Jamoncito;141;10;899.7741935483871
Medio Muslo;141;10;1591.0967741935483
Entero;142;10;532.285181285285
Medio Pollo;142;10;718.6240901609873
Medio Pollo Superior;142;10;1017.7554859838506
Medio Pollo Inferior;142;10;707.9677419354839
Cuarto de Pollo Superior;142;10;991.3780568363344
Muslo Entero;142;10;597.5195564509468
Pechuga Completa;142;10;1429.4757919408955
Ala Completa;142;10;474.19794849783426
Media Pechuga;142;10;1085.5803094331752
Blanqueta;142;10;0.0
Alón;142;10;0.0
Punta;142;10;0.0
Jamoncito;142;10;711.9032258064517
Medio Muslo;142;10;1255.6129032258063
Entero;143;10;574.475898976797
Medio Pollo;143;10;614.7998522215191
Medio Pollo Superior;143;10;730.6893691456828
Medio Pollo Inferior;143;10;623.6650268390803
Cuarto de Pollo Superior;143;10;971.7862523678676
Muslo Entero;143;10;802.7550420382775
Pechuga Completa;143;10;987.0941480249176
Ala Completa;143;10;457.25165374820045
Media Pechuga;143;10;1641.5897224838052
Blanqueta;143;10;0.0
Alón;143;10;0.0
Punta;143;10;0.0
Jamoncito;143;10;899.7741935483871
Medio Muslo;143;10;1591.0967741935483
Entero;144;10;339.9035842602376
Medio Pollo;144;10;608.6953099913038
Medio Pollo Superior;144;10;578.3655580021828
Medio Pollo Inferior;144;10;423.5277342774692
Cuarto de Pollo Superior;144;10;932.8784378132688
Muslo Entero;144;10;592.4712228348967
Pechuga Completa;144;10;1528.1226853117962
Ala Completa;144;10;540.8556486783438
Media Pechuga;144;10;1904.7335105044774
Blanqueta;144;10;0.0
Alón;144;10;0.0
Punta;144;10;0.0
Jamoncito;144;10;588.3481038464666
Medio Muslo;144;10;1392.982503355997
Entero;145;10;365.59802037262904
Medio Pollo;145;10;594.3218090823103
Medio Pollo Superior;145;10;716.5695542012553
Medio Pollo Inferior;145;10;677.9397457029854
Cuarto de Pollo Superior;145;10;776.3253299164186
Muslo Entero;145;10;965.3082733593195
Pechuga Completa;145;10;961.5786455719464
Ala Completa;145;10;428.96450922298686
Media Pechuga;145;10;1950.812960911974
Blanqueta;145;10;0.0
Alón;145;10;0.0
Punta;145;10;0.0
Jamoncito;145;10;1019.4153370137484
Medio Muslo;145;10;1326.3791671735855
Entero;146;10;313.8237300266224
Medio Pollo;146;10;517.1756855184885
Medio Pollo Superior;146;10;484.975670768515
Medio Pollo Inferior;146;10;447.388576030062
Cuarto de Pollo Superior;146;10;1183.2384760018583
Muslo Entero;146;10;938.4320513430473
Pechuga Completa;146;10;1563.6338144460647
Ala Completa;146;10;611.8997676845634
Media Pechuga;146;10;1761.8529647383875
Blanqueta;146;10;0.0
Alón;146;10;0.0
Punta;146;10;0.0
Jamoncito;146;10;773.2964840003432
Medio Muslo;146;10;1597.2082219435354
Entero;147;10;322.95710447821847
Medio Pollo;147;10;453.61964037338913
Medio Pollo Superior;147;10;1076.3644730965295
Medio Pollo Inferior;147;10;946.7402290109131
Cuarto de Pollo Superior;147;10;894.9663020221274
Muslo Entero;147;10;844.044829417332
Pechuga Completa;147;10;1644.885095331787
Ala Completa;147;10;611.8967718050314
Media Pechuga;147;10;1335.254036755328
Blanqueta;147;10;0.0
Alón;147;10;0.0
Punta;147;10;0.0
Jamoncito;147;10;855.0826240678349
Medio Muslo;147;10;1476.8494623655874
Entero;148;10;413.54930594368903
Medio Pollo;148;10;577.9681950454244
Medio Pollo Superior;148;10;711.164834255725
Medio Pollo Inferior;148;10;501.8484646615523
Cuarto de Pollo Superior;148;10;1095.4244252121705
Muslo Entero;148;10;548.5535202274847
Pechuga Completa;148;10;936.4317947940316
Ala Completa;148;10;540.2834802874225
Media Pechuga;148;10;1159.4180827903344
Blanqueta;148;10;0.0
Alón;148;10;0.0
Punta;148;10;0.0
Jamoncito;148;10;624.3252293838718
Medio Muslo;148;10;1384.1907379180263
Entero;149;10;421.7824538346939
Medio Pollo;149;10;372.47503112232687
Medio Pollo Superior;149;10;505.4927331382237
Medio Pollo Inferior;149;10;456.858930373758
Cuarto de Pollo Superior;149;10;1006.263213580167
Muslo Entero;149;10;937.7113463628594
Pechuga Completa;149;10;1478.9342441631763
Ala Completa;149;10;400.042459118395
Media Pechuga;149;10;1971.3143649430058
Blanqueta;149;10;0.0
Alón;149;10;0.0
Punta;149;10;0.0
Jamoncito;149;10;720.9518388780509
Medio Muslo;149;10;1635.0995846626183
Entero;150;10;556.3522254817603
Medio Pollo;150;10;701.7187133305674
Medio Pollo Superior;150;10;495.82274479901787
Medio Pollo Inferior;150;10;426.7318243073109
Cuarto de Pollo Superior;150;10;696.9841377369575
Muslo Entero;150;10;1040.9743348004174
Pechuga Completa;150;10;1557.1938260767834
Ala Completa;150;10;749.1227802166613
Media Pechuga;150;10;1921.2026006045999
Blanqueta;150;10;0.0
Alón;150;10;0.0
Punta;150;10;0.0
Jamoncito;150;10;878.9916675605227
Medio Muslo;150;10;998.6908715671258
Entero;151;10;480.1670239948847
Medio Pollo;151;10;417.02310778492387
Medio Pollo Superior;151;10;1089.1689724953515
Medio Pollo Inferior;151;10;832.8268442163185
Cuarto de Pollo Superior;151;10;1303.018465722543
Muslo Entero;151;10;705.3960869976821
Pechuga Completa;151;10;917.6997877840456
Ala Completa;151;10;747.5102948869193
Media Pechuga;151;10;1709.7730777183415
Blanqueta;151;10;0.0
Alón;151;10;0.0
Punta;151;10;0.0
Jamoncito;151;10;1053.5824023267437
Medio Muslo;151;10;1939.0621458635678
Entero;152;10;448.83297600273426
Medio Pollo;152;10;725.7456262391057
Medio Pollo Superior;152;10;589.006393975901
Medio Pollo Inferior;152;10;562.4579474167381
Cuarto de Pollo Superior;152;10;1385.5107205268719
Muslo Entero;152;10;976.784708654808
Pechuga Completa;152;10;1048.0873259169703
Ala Completa;152;10;627.9582176983814
Media Pechuga;152;10;1353.835558367278
Blanqueta;152;10;0.0
Alón;152;10;0.0
Punta;152;10;0.0
Jamoncito;152;10;578.5375596429607
Medio Muslo;152;10;1559.2072550403357
Entero;153;10;396.94061457662355
Medio Pollo;153;10;382.5756752281628
Medio Pollo Superior;153;10;763.517498192702
Medio Pollo Inferior;153;10;696.261111326123
Cuarto de Pollo Superior;153;10;676.8963396360493
Muslo Entero;153;10;800.1126263943564
Pechuga Completa;153;10;1246.5538478799078
Ala Completa;153;10;530.3052265311981
Media Pechuga;153;10;1635.0362017100317
Blanqueta;153;10;0.0
Alón;153;10;0.0
Punta;153;10;0.0
Jamoncito;153;10;636.5769491538646
Medio Muslo;153;10;1428.0181755168778
Entero;154;10;465.5800000371904
Medio Pollo;154;10;550.9451442694357
Medio Pollo Superior;154;10;702.9959249334408
Medio Pollo Inferior;154;10;711.9214038415274
Cuarto de Pollo Superior;154;10;814.9866749888174
Muslo Entero;154;10;617.6103600881974
Pechuga Completa;154;10;1036.364753987323
Ala Completa;154;10;774.4746721501831
Media Pechuga;154;10;1830.0445286956935
Blanqueta;154;10;0.0
Alón;154;10;0.0
Punta;154;10;0.0
Jamoncito;154;10;951.5613698493296
Medio Muslo;154;10;1251.8126198258042
Entero;155;10;568.3362368752946
Medio Pollo;155;10;726.1601456031357
Medio Pollo Superior;155;10;985.4303333547193
Medio Pollo Inferior;155;10;648.1470931025978
Cuarto de Pollo Superior;155;10;938.6115244829784
Muslo Entero;155;10;1147.1964232298171
Pechuga Completa;155;10;1343.4511861658898
Ala Completa;155;10;457.40414508061764
Media Pechuga;155;10;1130.0746129610259
Blanqueta;155;10;0.0
Alón;155;10;0.0
Punta;155;10;0.0
Jamoncito;155;10;735.2956141265283
Medio Muslo;155;10;1976.7788246594064
Entero;156;10;307.2773479814711
Medio Pollo;156;10;596.4379198855723
Medio Pollo Superior;156;10;794.1794477840588
Medio Pollo Inferior;156;10;497.85286628982817
Cuarto de Pollo Superior;156;10;789.3053378959389
Muslo Entero;156;10;1068.575946956515
Pechuga Completa;156;10;1771.7850180635014
Ala Completa;156;10;823.5885682577599
Media Pechuga;156;10;1921.740125231706
Blanqueta;156;10;0.0
Alón;156;10;0.0
Punta;156;10;0.0
Jamoncito;156;10;814.1261397030227
Medio Muslo;156;10;1413.9462365591396
Entero;157;10;440.4473492089823
Medio Pollo;157;10;569.0952671339844
Medio Pollo Superior;157;10;552.1572344008258
Medio Pollo Inferior;157;10;726.9314895572871
Cuarto de Pollo Superior;157;10;1272.2220698997296
Muslo Entero;157;10;1157.3069634777114
Pechuga Completa;157;10;1044.56148049462
Ala Completa;157;10;604.704205037421
Media Pechuga;157;10;1126.8655979876555
Blanqueta;157;10;0.0
Alón;157;10;0.0
Punta;157;10;0.0
Jamoncito;157;10;863.8802842074714
Medio Muslo;157;10;1692.1488239430332
Entero;158;10;366.24501370910593
Medio Pollo;158;10;565.3436182219609
Medio Pollo Superior;158;10;1086.0208734325997
Medio Pollo Inferior;158;10;420.77748805321676
Cuarto de Pollo Superior;158;10;1151.2903133269745
Muslo Entero;158;10;859.9046963792771
Pechuga Completa;158;10;1396.8790659061501
Ala Completa;158;10;531.8282814139902
Media Pechuga;158;10;1571.0905344359737
Blanqueta;158;10;0.0
Alón;158;10;0.0
Punta;158;10;0.0
Jamoncito;158;10;774.3137634046147
Medio Muslo;158;10;1681.173756702128
Entero;159;10;588.076003934912
Medio Pollo;159;10;504.82344009071096
Medio Pollo Superior;159;10;1011.262908825517
Medio Pollo Inferior;159;10;438.6005675021067
Cuarto de Pollo Superior;159;10;1328.1856879305153
Muslo Entero;159;10;1065.2159569279297
Pechuga Completa;159;10;1701.3297877686527
Ala Completa;159;10;516.1201082696907
Media Pechuga;159;10;1064.6779133222853
Blanqueta;159;10;0.0
Alón;159;10;0.0
Punta;159;10;0.0
Jamoncito;159;10;1049.420103340717
Medio Muslo;159;10;1408.5698924731182
Entero;160;10;444.5595655850383
Medio Pollo;160;10;577.7538010800716
Medio Pollo Superior;160;10;597.3183129475133
Medio Pollo Inferior;160;10;596.9633557136463
Cuarto de Pollo Superior;160;10;1164.56490072856
Muslo Entero;160;10;620.5923224723507
Pechuga Completa;160;10;1627.1623550405088
Ala Completa;160;10;833.3439441108292
Media Pechuga;160;10;2233.9049059418053
Blanqueta;160;10;0.0
Alón;160;10;0.0
Punta;160;10;0.0
Jamoncito;160;10;1037.9740695812488
Medio Muslo;160;10;1159.5526937326836
Entero;161;10;353.73749261887315
Medio Pollo;161;10;687.2257465416716
Medio Pollo Superior;161;10;625.7031162981253
Medio Pollo Inferior;161;10;722.1985936212171
Cuarto de Pollo Superior;161;10;964.4398920917236
Muslo Entero;161;10;739.1954087974891
Pechuga Completa;161;10;897.3705195794126
Ala Completa;161;10;686.2368881051519
Media Pechuga;161;10;1761.0740166055139
Blanqueta;161;10;0.0
Alón;161;10;0.0
Punta;161;10;0.0
Jamoncito;161;10;840.7064116374675
Medio Muslo;161;10;1322.929375979481
Entero;162;10;375.8469167318882
Medio Pollo;162;10;749.3352539735429
Medio Pollo Superior;162;10;487.8819193517539
Medio Pollo Inferior;162;10;717.4336142716971
Cuarto de Pollo Superior;162;10;689.4611475683254
Muslo Entero;162;10;838.9913870460807
Pechuga Completa;162;10;964.1377393610355
Ala Completa;162;10;675.7657346398796
Media Pechuga;162;10;1852.3855378777664
Blanqueta;162;10;0.0
Alón;162;10;0.0
Punta;162;10;0.0
Jamoncito;162;10;558.8167844275861
Medio Muslo;162;10;1568.579190083225
Entero;163;10;499.65832550402234
Medio Pollo;163;10;769.1624208398844
Medio Pollo Superior;163;10;1043.5782151807646
Medio Pollo Inferior;163;10;718.9229147352364
Cuarto de Pollo Superior;163;10;620.8699841675319
Muslo Entero;163;10;838.9592245789396
Pechuga Completa;163;10;1106.154606068233
Ala Completa;163;10;536.4095745568176
Media Pechuga;163;10;1883.9159359495795
Blanqueta;163;10;0.0
Alón;163;10;0.0
Punta;163;10;0.0
Jamoncito;163;10;869.2055131965153
Medio Muslo;163;10;1194.7949863319022
Entero;164;10;452.5798084983718
Medio Pollo;164;10;353.17908865911204
Medio Pollo Superior;164;10;1022.6622997511691
Medio Pollo Inferior;164;10;822.748641363237
Cuarto de Pollo Superior;164;10;1383.2135026493772
Muslo Entero;164;10;757.4002814268343
Pechuga Completa;164;10;1646.513430320106
Ala Completa;164;10;526.3305764047749
Media Pechuga;164;10;1814.4944577381768
Blanqueta;164;10;0.0
Alón;164;10;0.0
Punta;164;10;0.0
Jamoncito;164;10;1008.2912479840394
Medio Muslo;164;10;1863.74356758017
Entero;165;10;412.29238305073034
Medio Pollo;165;10;431.7750588154443
Medio Pollo Superior;165;10;1016.1038973781853
Medio Pollo Inferior;165;10;514.4503165584694
Cuarto de Pollo Superior;165;10;1394.628571253169
Muslo Entero;165;10;1112.6445263470605
Pechuga Completa;165;10;862.3273033534297
Ala Completa;165;10;746.5635247110067
Media Pechuga;165;10;2086.8492646863006
Blanqueta;165;10;0.0
Alón;165;10;0.0
Punta;165;10;0.0
Jamoncito;165;10;503.61268567346553
Medio Muslo;165;10;1516.9470548711392
Entero;166;10;629.5592201663575
Medio Pollo;166;10;775.5266239394072
Medio Pollo Superior;166;10;1107.8634818631258
Medio Pollo Inferior;166;10;439.87031356570054
Cuarto de Pollo Superior;166;10;823.3066714574995
Muslo Entero;166;10;1241.4963386031638
Pechuga Completa;166;10;881.5535556580999
Ala Completa;166;10;464.20545940611464
Media Pechuga;166;10;1195.2006991503463
Blanqueta;166;10;0.0
Alón;166;10;0.0
Punta;166;10;0.0
Jamoncito;166;10;748.1203285673637
Medio Muslo;166;10;1688.0122712063444
Entero;167;10;287.76588668453803
Medio Pollo;167;10;428.45808444500096
Medio Pollo Superior;167;10;828.2275412804785
Medio Pollo Inferior;167;10;765.0017004295441
Cuarto de Pollo Superior;167;10;968.176023762886
Muslo Entero;167;10;634.4851757584183
Pechuga Completa;167;10;1154.8822049633927
Ala Completa;167;10;829.2540825410845
Media Pechuga;167;10;1534.4219048012817
Blanqueta;167;10;0.0
Alón;167;10;0.0
Punta;167;10;0.0
Jamoncito;167;10;866.4192123765258
Medio Muslo;167;10;964.1582870390165
Entero;168;10;602.8883649603614
Medio Pollo;168;10;651.6026947815858
Medio Pollo Superior;168;10;1054.5186290431561
Medio Pollo Inferior;168;10;779.6381843697778
Cuarto de Pollo Superior;168;10;1288.6443901075254
Muslo Entero;168;10;975.9189453763635
Pechuga Completa;168;10;1709.830473643364
Ala Completa;168;10;601.4708903113878
Media Pechuga;168;10;1513.524913157608
Blanqueta;168;10;0.0
Alón;168;10;0.0
Punta;168;10;0.0
Jamoncito;168;10;1120.766147028821
Medio Muslo;168;10;1130.904984390682
